Timestep,Iteration,Total Reward,Suboptimal Arms,Total Regret,Zeros Count,Ones Count
2,1,2.0,0,0.0,0,2
3,1,3.0,0,0.0,0,3
100,1,95.0,70,0.35,5,95
200,1,189.0,169,0.85,11,189
2000,1,1798.0,1897,9.49,202,1798
10000,1,9020.0,9454,47.27,980,9020
20000,1,17965.0,19195,95.98,2035,17965
40000,1,35847.0,33662,168.31,4153,35847
60000,1,53826.0,34163,170.82,6174,53826
80000,1,71856.0,34705,173.53,8144,71856
100000,1,89805.0,35195,175.98,10195,89805
2,2,2.0,0,0.0,0,2
3,2,2.0,0,0.0,1,2
100,2,92.0,56,0.28,8,92
200,2,184.0,127,0.64,16,184
2000,2,1804.0,1481,7.41,196,1804
10000,2,8976.0,9131,45.66,1024,8976
20000,2,17974.0,18849,94.25,2026,17974
40000,2,35796.0,38343,191.72,4204,35796
60000,2,53777.0,49025,245.13,6223,53777
80000,2,71796.0,49534,247.67,8204,71796
100000,2,89638.0,50041,250.21,10362,89638
2,3,2.0,0,0.0,0,2
3,3,3.0,0,0.0,0,3
100,3,92.0,11,0.06,8,92
200,3,180.0,47,0.24,20,180
2000,3,1818.0,86,0.43,182,1818
10000,3,9016.0,280,1.4,984,9016
20000,3,17970.0,530,2.65,2030,17970
40000,3,35883.0,1061,5.31,4117,35883
60000,3,53876.0,1578,7.89,6124,53876
80000,3,71895.0,2066,10.33,8105,71895
100000,3,89919.0,2577,12.89,10081,89919
2,4,2.0,0,0.0,0,2
3,4,3.0,0,0.0,0,3
100,4,96.0,51,0.26,4,96
200,4,188.0,63,0.32,12,188
2000,4,1811.0,503,2.52,189,1811
10000,4,9003.0,823,4.12,997,9003
20000,4,18016.0,1082,5.41,1984,18016
40000,4,36010.0,1618,8.09,3990,36010
60000,4,54058.0,2111,10.56,5942,54058
80000,4,72073.0,2598,12.99,7927,72073
100000,4,90044.0,3058,15.29,9956,90044
2,5,2.0,0,0.0,0,2
3,5,3.0,0,0.0,0,3
100,5,89.0,13,0.07,11,89
200,5,183.0,15,0.08,17,183
2000,5,1764.0,1358,6.79,236,1764
10000,5,8904.0,9122,45.61,1096,8904
20000,5,17833.0,18872,94.36,2167,17833
40000,5,35713.0,38370,191.85,4287,35713
60000,5,53676.0,57857,289.29,6324,53676
80000,5,71544.0,77366,386.83,8456,71544
100000,5,89511.0,96864,484.32,10489,89511
2,6,1.0,0,0.0,1,1
3,6,1.0,0,0.0,2,1
100,6,91.0,3,0.02,9,91
200,6,179.0,5,0.03,21,179
2000,6,1796.0,45,0.23,204,1796
10000,6,8948.0,3475,17.38,1052,8948
20000,6,17882.0,13220,66.1,2118,17882
40000,6,35767.0,32709,163.55,4233,35767
60000,6,53716.0,52175,260.88,6284,53716
80000,6,71599.0,71631,358.16,8401,71599
100000,6,89482.0,91114,455.57,10518,89482
2,7,2.0,0,0.0,0,2
3,7,3.0,0,0.0,0,3
100,7,86.0,9,0.05,14,86
200,7,173.0,18,0.09,27,173
2000,7,1791.0,66,0.33,209,1791
10000,7,8999.0,285,1.43,1001,8999
20000,7,17992.0,671,3.36,2008,17992
40000,7,36008.0,1329,6.65,3992,36008
60000,7,54024.0,1806,9.03,5976,54024
80000,7,71918.0,2298,11.49,8082,71918
100000,7,89898.0,2799,14.0,10102,89898
2,8,2.0,0,0.0,0,2
3,8,2.0,0,0.0,1,2
100,8,86.0,5,0.03,14,86
200,8,171.0,38,0.19,29,171
2000,8,1801.0,76,0.38,199,1801
10000,8,8967.0,283,1.42,1033,8967
20000,8,17942.0,635,3.18,2058,17942
40000,8,35874.0,1145,5.73,4126,35874
60000,8,53909.0,1641,8.21,6091,53909
80000,8,71901.0,2155,10.78,8099,71901
100000,8,89925.0,2644,13.22,10075,89925
2,9,2.0,0,0.0,0,2
3,9,3.0,0,0.0,0,3
100,9,90.0,88,0.44,10,90
200,9,180.0,185,0.93,20,180
2000,9,1805.0,1857,9.29,195,1805
10000,9,9017.0,5308,26.54,983,9017
20000,9,17997.0,5546,27.73,2003,17997
40000,9,35963.0,6047,30.24,4037,35963
60000,9,53950.0,6547,32.74,6050,53950
80000,9,71995.0,7031,35.16,8005,71995
100000,9,89977.0,7548,37.74,10023,89977
2,10,2.0,0,0.0,0,2
3,10,3.0,0,0.0,0,3
100,10,89.0,16,0.08,11,89
200,10,183.0,18,0.09,17,183
2000,10,1790.0,275,1.38,210,1790
10000,10,8975.0,483,2.42,1025,8975
20000,10,17938.0,737,3.69,2062,17938
40000,10,35973.0,1224,6.12,4027,35973
60000,10,54055.0,1726,8.63,5945,54055
80000,10,72066.0,2235,11.18,7934,72066
100000,10,89992.0,2763,13.82,10008,89992
2,11,2.0,0,0.0,0,2
3,11,3.0,0,0.0,0,3
100,11,93.0,4,0.02,7,93
200,11,184.0,5,0.03,16,184
2000,11,1798.0,85,0.43,202,1798
10000,11,8990.0,771,3.86,1010,8990
20000,11,18006.0,1115,5.58,1994,18006
40000,11,35999.0,1584,7.92,4001,35999
60000,11,53984.0,2916,14.58,6016,53984
80000,11,72010.0,3409,17.05,7990,72010
100000,11,89985.0,3968,19.84,10015,89985
2,12,2.0,0,0.0,0,2
3,12,3.0,0,0.0,0,3
100,12,92.0,88,0.44,8,92
200,12,181.0,181,0.91,19,181
2000,12,1803.0,1566,7.83,197,1803
10000,12,8981.0,9366,46.83,1019,8981
20000,12,17934.0,14907,74.54,2066,17934
40000,12,35896.0,34391,171.96,4104,35896
60000,12,53839.0,53857,269.29,6161,53839
80000,12,71764.0,73395,366.98,8236,71764
100000,12,89595.0,92887,464.44,10405,89595
2,13,2.0,1,0.01,0,2
3,13,3.0,1,0.01,0,3
100,13,89.0,4,0.02,11,89
200,13,184.0,8,0.04,16,184
2000,13,1807.0,61,0.31,193,1807
10000,13,8998.0,354,1.77,1002,8998
20000,13,17999.0,904,4.52,2001,17999
40000,13,35987.0,1396,6.98,4013,35987
60000,13,54037.0,1893,9.47,5963,54037
80000,13,72055.0,2366,11.83,7945,72055
100000,13,90048.0,2891,14.46,9952,90048
2,14,2.0,0,0.0,0,2
3,14,3.0,0,0.0,0,3
100,14,91.0,13,0.07,9,91
200,14,182.0,14,0.07,18,182
2000,14,1811.0,384,1.92,189,1811
10000,14,8967.0,602,3.01,1033,8967
20000,14,17879.0,843,4.22,2121,17879
40000,14,35866.0,1307,6.54,4134,35866
60000,14,53800.0,1783,8.92,6200,53800
80000,14,71850.0,2295,11.48,8150,71850
100000,14,89833.0,2775,13.88,10167,89833
2,15,2.0,0,0.0,0,2
3,15,3.0,0,0.0,0,3
100,15,94.0,58,0.29,6,94
200,15,184.0,156,0.78,16,184
2000,15,1788.0,1915,9.58,212,1788
10000,15,8985.0,2651,13.26,1015,8985
20000,15,18036.0,2874,14.37,1964,18036
40000,15,36015.0,3343,16.72,3985,36015
60000,15,54068.0,3847,19.24,5932,54068
80000,15,72069.0,4309,21.55,7931,72069
100000,15,90000.0,4790,23.95,10000,90000
2,16,2.0,0,0.0,0,2
3,16,3.0,0,0.0,0,3
100,16,91.0,31,0.16,9,91
200,16,177.0,32,0.16,23,177
2000,16,1798.0,86,0.43,202,1798
10000,16,8971.0,312,1.56,1029,8971
20000,16,17922.0,587,2.94,2078,17922
40000,16,35956.0,1517,7.59,4044,35956
60000,16,53997.0,4195,20.98,6003,53997
80000,16,72071.0,4705,23.53,7929,72071
100000,16,90132.0,5192,25.96,9868,90132
2,17,1.0,0,0.0,1,1
3,17,2.0,0,0.0,1,2
100,17,89.0,6,0.03,11,89
200,17,185.0,9,0.05,15,185
2000,17,1786.0,59,0.3,214,1786
10000,17,8965.0,246,1.23,1035,8965
20000,17,18007.0,492,2.46,1993,18007
40000,17,35929.0,1037,5.19,4071,35929
60000,17,53890.0,1551,7.76,6110,53890
80000,17,71953.0,2051,10.26,8047,71953
100000,17,89998.0,2548,12.74,10002,89998
2,18,1.0,0,0.0,1,1
3,18,2.0,0,0.0,1,2
100,18,92.0,74,0.37,8,92
200,18,183.0,172,0.86,17,183
2000,18,1799.0,1855,9.28,201,1799
10000,18,8923.0,9658,48.29,1077,8923
20000,18,17872.0,16259,81.3,2128,17872
40000,18,35910.0,16781,83.91,4090,35910
60000,18,53966.0,17252,86.26,6034,53966
80000,18,71983.0,17773,88.87,8017,71983
100000,18,89980.0,18272,91.36,10020,89980
2,19,2.0,0,0.0,0,2
3,19,3.0,0,0.0,0,3
100,19,91.0,0,0.0,9,91
200,19,183.0,6,0.03,17,183
2000,19,1764.0,53,0.27,236,1764
10000,19,8917.0,276,1.38,1083,8917
20000,19,17911.0,519,2.6,2089,17911
40000,19,35920.0,1235,6.18,4080,35920
60000,19,53936.0,2144,10.72,6064,53936
80000,19,71899.0,2640,13.2,8101,71899
100000,19,89915.0,3166,15.83,10085,89915
2,20,2.0,0,0.0,0,2
3,20,3.0,0,0.0,0,3
100,20,93.0,9,0.05,7,93
200,20,184.0,11,0.06,16,184
2000,20,1805.0,123,0.62,195,1805
10000,20,8980.0,308,1.54,1020,8980
20000,20,17938.0,551,2.76,2062,17938
40000,20,35964.0,1045,5.23,4036,35964
60000,20,54021.0,1539,7.7,5979,54021
80000,20,71952.0,2042,10.21,8048,71952
100000,20,89888.0,2572,12.86,10112,89888
2,21,2.0,0,0.0,0,2
3,21,3.0,0,0.0,0,3
100,21,89.0,5,0.03,11,89
200,21,182.0,9,0.05,18,182
2000,21,1790.0,55,0.28,210,1790
10000,21,8962.0,262,1.31,1038,8962
20000,21,18002.0,511,2.56,1998,18002
40000,21,36020.0,1329,6.65,3980,36020
60000,21,54018.0,1819,9.1,5982,54018
80000,21,71946.0,2316,11.58,8054,71946
100000,21,89937.0,2831,14.16,10063,89937
2,22,2.0,0,0.0,0,2
3,22,3.0,0,0.0,0,3
100,22,88.0,1,0.01,12,88
200,22,178.0,82,0.41,22,178
2000,22,1803.0,1824,9.12,197,1803
10000,22,8966.0,9624,48.12,1034,8966
20000,22,17915.0,18920,94.6,2085,17915
40000,22,35877.0,22323,111.62,4123,35877
60000,22,53796.0,22823,114.12,6204,53796
80000,22,71749.0,23339,116.7,8251,71749
100000,22,89703.0,23857,119.29,10297,89703
2,23,2.0,0,0.0,0,2
3,23,3.0,0,0.0,0,3
100,23,90.0,91,0.46,10,90
200,23,182.0,188,0.94,18,182
2000,23,1784.0,1937,9.69,216,1784
10000,23,8893.0,9725,48.63,1107,8893
20000,23,17818.0,19431,97.16,2182,17818
40000,23,35832.0,22990,114.95,4168,35832
60000,23,53859.0,23470,117.35,6141,53859
80000,23,71934.0,23957,119.79,8066,71934
100000,23,89937.0,24425,122.13,10063,89937
2,24,2.0,0,0.0,0,2
3,24,3.0,0,0.0,0,3
100,24,93.0,36,0.18,7,93
200,24,182.0,48,0.24,18,182
2000,24,1787.0,92,0.46,213,1787
10000,24,9007.0,279,1.4,993,9007
20000,24,18060.0,512,2.56,1940,18060
40000,24,36108.0,1019,5.1,3892,36108
60000,24,54100.0,1515,7.58,5900,54100
80000,24,72100.0,2018,10.09,7900,72100
100000,24,90052.0,2513,12.57,9948,90052
2,25,2.0,0,0.0,0,2
3,25,3.0,0,0.0,0,3
100,25,91.0,2,0.01,9,91
200,25,182.0,7,0.04,18,182
2000,25,1801.0,87,0.44,199,1801
10000,25,9035.0,682,3.41,965,9035
20000,25,18081.0,952,4.76,1919,18081
40000,25,36099.0,1478,7.39,3901,36099
60000,25,54099.0,1992,9.96,5901,54099
80000,25,72082.0,2507,12.54,7918,72082
100000,25,90048.0,3007,15.04,9952,90048
2,26,2.0,0,0.0,0,2
3,26,3.0,0,0.0,0,3
100,26,89.0,7,0.04,11,89
200,26,175.0,11,0.06,25,175
2000,26,1804.0,64,0.32,196,1804
10000,26,9045.0,256,1.28,955,9045
20000,26,18069.0,515,2.58,1931,18069
40000,26,35981.0,993,4.97,4019,35981
60000,26,54054.0,1526,7.63,5946,54054
80000,26,72085.0,2057,10.29,7915,72085
100000,26,90015.0,3825,19.13,9985,90015
2,27,2.0,0,0.0,0,2
3,27,3.0,0,0.0,0,3
100,27,95.0,5,0.03,5,95
200,27,188.0,6,0.03,12,188
2000,27,1786.0,41,0.21,214,1786
10000,27,8952.0,7416,37.08,1048,8952
20000,27,17924.0,17157,85.79,2076,17924
40000,27,35788.0,36663,183.32,4212,35788
60000,27,53760.0,56133,280.67,6240,53760
80000,27,71687.0,70984,354.92,8313,71687
100000,27,89649.0,71487,357.44,10351,89649
2,28,1.0,0,0.0,1,1
3,28,2.0,0,0.0,1,2
100,28,91.0,4,0.02,9,91
200,28,182.0,7,0.04,18,182
2000,28,1800.0,56,0.28,200,1800
10000,28,8987.0,634,3.17,1013,8987
20000,28,17978.0,879,4.4,2022,17978
40000,28,35951.0,1396,6.98,4049,35951
60000,28,53916.0,3272,16.36,6084,53916
80000,28,71909.0,3897,19.49,8091,71909
100000,28,89883.0,4400,22.0,10117,89883
2,29,2.0,0,0.0,0,2
3,29,3.0,0,0.0,0,3
100,29,94.0,65,0.33,6,94
200,29,185.0,163,0.82,15,185
2000,29,1819.0,675,3.38,181,1819
10000,29,9045.0,957,4.79,955,9045
20000,29,18059.0,1213,6.07,1941,18059
40000,29,36040.0,1694,8.47,3960,36040
60000,29,54075.0,2455,12.28,5925,54075
80000,29,72111.0,3090,15.45,7889,72111
100000,29,90088.0,3742,18.71,9912,90088
2,30,2.0,0,0.0,0,2
3,30,3.0,0,0.0,0,3
100,30,91.0,4,0.02,9,91
200,30,186.0,9,0.05,14,186
2000,30,1810.0,75,0.38,190,1810
10000,30,9032.0,274,1.37,968,9032
20000,30,18033.0,509,2.55,1967,18033
40000,30,35929.0,992,4.96,4071,35929
60000,30,53927.0,1486,7.43,6073,53927
80000,30,71967.0,1967,9.84,8033,71967
100000,30,89944.0,2461,12.31,10056,89944
2,31,2.0,0,0.0,0,2
3,31,3.0,0,0.0,0,3
100,31,85.0,26,0.13,15,85
200,31,174.0,105,0.53,26,174
2000,31,1791.0,1849,9.25,209,1791
10000,31,8938.0,9496,47.48,1062,8938
20000,31,17899.0,19257,96.29,2101,17899
40000,31,35790.0,33826,169.13,4210,35790
60000,31,53794.0,34290,171.45,6206,53794
80000,31,71790.0,34823,174.12,8210,71790
100000,31,89798.0,35295,176.48,10202,89798
2,32,2.0,0,0.0,0,2
3,32,3.0,0,0.0,0,3
100,32,93.0,25,0.13,7,93
200,32,179.0,28,0.14,21,179
2000,32,1805.0,69,0.35,195,1805
10000,32,9011.0,331,1.66,989,9011
20000,32,18035.0,589,2.95,1965,18035
40000,32,36037.0,1137,5.69,3963,36037
60000,32,54072.0,1669,8.35,5928,54072
80000,32,72048.0,2184,10.92,7952,72048
100000,32,90075.0,2662,13.31,9925,90075
2,33,2.0,0,0.0,0,2
3,33,3.0,0,0.0,0,3
100,33,83.0,79,0.4,17,83
200,33,167.0,178,0.89,33,167
2000,33,1784.0,1944,9.72,216,1784
10000,33,8908.0,9752,48.76,1092,8908
20000,33,17833.0,19508,97.54,2167,17833
40000,33,35816.0,32451,162.26,4184,35816
60000,33,53776.0,32941,164.71,6224,53776
80000,33,71844.0,33440,167.2,8156,71844
100000,33,89852.0,33958,169.79,10148,89852
2,34,1.0,1,0.01,1,1
3,34,2.0,1,0.01,1,2
100,34,91.0,3,0.02,9,91
200,34,180.0,5,0.03,20,180
2000,34,1781.0,42,0.21,219,1781
10000,34,8988.0,226,1.13,1012,8988
20000,34,18041.0,465,2.33,1959,18041
40000,34,36055.0,971,4.86,3945,36055
60000,34,54110.0,1474,7.37,5890,54110
80000,34,72009.0,1987,9.94,7991,72009
100000,34,90002.0,2653,13.27,9998,90002
2,35,2.0,0,0.0,0,2
3,35,3.0,0,0.0,0,3
100,35,90.0,9,0.05,10,90
200,35,179.0,11,0.06,21,179
2000,35,1806.0,91,0.46,194,1806
10000,35,9020.0,726,3.63,980,9020
20000,35,18067.0,1899,9.5,1933,18067
40000,35,36109.0,3057,15.29,3891,36109
60000,35,54052.0,3593,17.97,5948,54052
80000,35,72007.0,4070,20.35,7993,72007
100000,35,90051.0,4577,22.89,9949,90051
2,36,2.0,0,0.0,0,2
3,36,3.0,0,0.0,0,3
100,36,89.0,40,0.2,11,89
200,36,184.0,43,0.22,16,184
2000,36,1813.0,70,0.35,187,1813
10000,36,9041.0,285,1.43,959,9041
20000,36,18012.0,521,2.61,1988,18012
40000,36,35972.0,1019,5.1,4028,35972
60000,36,54015.0,1459,7.3,5985,54015
80000,36,72071.0,1978,9.89,7929,72071
100000,36,90171.0,2645,13.23,9829,90171
2,37,2.0,0,0.0,0,2
3,37,3.0,0,0.0,0,3
100,37,93.0,5,0.03,7,93
200,37,187.0,9,0.05,13,187
2000,37,1786.0,146,0.73,214,1786
10000,37,8987.0,345,1.73,1013,8987
20000,37,17920.0,750,3.75,2080,17920
40000,37,35922.0,2226,11.13,4078,35922
60000,37,53918.0,2733,13.67,6082,53918
80000,37,71934.0,3254,16.27,8066,71934
100000,37,89999.0,3758,18.79,10001,89999
2,38,1.0,1,0.01,1,1
3,38,2.0,2,0.01,1,2
100,38,84.0,98,0.49,16,84
200,38,176.0,194,0.97,24,176
2000,38,1786.0,1946,9.73,214,1786
10000,38,8971.0,4540,22.7,1029,8971
20000,38,17980.0,4807,24.04,2020,17980
40000,38,36044.0,5320,26.6,3956,36044
60000,38,54027.0,5772,28.86,5973,54027
80000,38,71996.0,6284,31.42,8004,71996
100000,38,89997.0,6779,33.9,10003,89997
2,39,2.0,0,0.0,0,2
3,39,3.0,0,0.0,0,3
100,39,95.0,8,0.04,5,95
200,39,181.0,45,0.23,19,181
2000,39,1805.0,245,1.23,195,1805
10000,39,8970.0,7466,37.33,1030,8970
20000,39,17897.0,12028,60.14,2103,17897
40000,39,35959.0,12590,62.95,4041,35959
60000,39,53920.0,13096,65.48,6080,53920
80000,39,71961.0,13628,68.14,8039,71961
100000,39,89929.0,14137,70.69,10071,89929
2,40,2.0,0,0.0,0,2
3,40,3.0,0,0.0,0,3
100,40,84.0,56,0.28,16,84
200,40,171.0,154,0.77,29,171
2000,40,1802.0,1915,9.58,198,1802
10000,40,8972.0,6677,33.39,1028,8972
20000,40,17987.0,6922,34.61,2013,17987
40000,40,35960.0,7437,37.19,4040,35960
60000,40,53969.0,7925,39.63,6031,53969
80000,40,71917.0,8398,41.99,8083,71917
100000,40,89882.0,8902,44.51,10118,89882
2,41,2.0,0,0.0,0,2
3,41,3.0,0,0.0,0,3
100,41,89.0,3,0.02,11,89
200,41,183.0,6,0.03,17,183
2000,41,1770.0,673,3.37,230,1770
10000,41,8937.0,8494,42.47,1063,8937
20000,41,17856.0,18236,91.18,2144,17856
40000,41,35803.0,37752,188.76,4197,35803
60000,41,53648.0,57270,286.35,6352,53648
80000,41,71627.0,76779,383.9,8373,71627
100000,41,89502.0,96272,481.36,10498,89502
2,42,2.0,0,0.0,0,2
3,42,3.0,0,0.0,0,3
100,42,90.0,8,0.04,10,90
200,42,182.0,18,0.09,18,182
2000,42,1799.0,471,2.36,201,1799
10000,42,9032.0,948,4.74,968,9032
20000,42,17999.0,1261,6.31,2001,17999
40000,42,35969.0,1775,8.88,4031,35969
60000,42,53945.0,2217,11.09,6055,53945
80000,42,71910.0,2717,13.59,8090,71910
100000,42,89847.0,7504,37.52,10153,89847
2,43,2.0,0,0.0,0,2
3,43,3.0,0,0.0,0,3
100,43,91.0,3,0.02,9,91
200,43,180.0,6,0.03,20,180
2000,43,1770.0,37,0.19,230,1770
10000,43,8984.0,258,1.29,1016,8984
20000,43,18018.0,519,2.6,1982,18018
40000,43,36030.0,1022,5.11,3970,36030
60000,43,54106.0,1485,7.43,5894,54106
80000,43,72085.0,2016,10.08,7915,72085
100000,43,90016.0,2596,12.98,9984,90016
2,44,2.0,0,0.0,0,2
3,44,2.0,0,0.0,1,2
100,44,86.0,18,0.09,14,86
200,44,178.0,23,0.12,22,178
2000,44,1791.0,1149,5.75,209,1791
10000,44,8927.0,4904,24.52,1073,8927
20000,44,17957.0,5150,25.75,2043,17957
40000,44,35895.0,5635,28.18,4105,35895
60000,44,53895.0,6142,30.71,6105,53895
80000,44,71983.0,6637,33.19,8017,71983
100000,44,89961.0,7135,35.68,10039,89961
2,45,2.0,0,0.0,0,2
3,45,3.0,0,0.0,0,3
100,45,86.0,2,0.01,14,86
200,45,178.0,6,0.03,22,178
2000,45,1785.0,68,0.34,215,1785
10000,45,8963.0,408,2.04,1037,8963
20000,45,17969.0,636,3.18,2031,17969
40000,45,35950.0,2038,10.19,4050,35950
60000,45,53870.0,2551,12.76,6130,53870
80000,45,71830.0,3024,15.12,8170,71830
100000,45,89814.0,3496,17.48,10186,89814
2,46,2.0,0,0.0,0,2
3,46,3.0,0,0.0,0,3
100,46,90.0,14,0.07,10,90
200,46,181.0,20,0.1,19,181
2000,46,1808.0,92,0.46,192,1808
10000,46,8970.0,292,1.46,1030,8970
20000,46,17961.0,553,2.77,2039,17961
40000,46,35949.0,1048,5.24,4051,35949
60000,46,53927.0,1521,7.61,6073,53927
80000,46,71860.0,2020,10.1,8140,71860
100000,46,89807.0,2531,12.66,10193,89807
2,47,0.0,0,0.0,2,0
3,47,1.0,0,0.0,2,1
100,47,89.0,0,0.0,11,89
200,47,183.0,0,0.0,17,183
2000,47,1813.0,49,0.25,187,1813
10000,47,9039.0,274,1.37,961,9039
20000,47,18062.0,536,2.68,1938,18062
40000,47,36042.0,1059,5.3,3958,36042
60000,47,54024.0,1592,7.96,5976,54024
80000,47,71990.0,2363,11.82,8010,71990
100000,47,90010.0,2873,14.37,9990,90010
2,48,2.0,0,0.0,0,2
3,48,3.0,0,0.0,0,3
100,48,93.0,1,0.01,7,93
200,48,177.0,6,0.03,23,177
2000,48,1806.0,84,0.42,194,1806
10000,48,8998.0,591,2.96,1002,8998
20000,48,18033.0,1616,8.08,1967,18033
40000,48,36001.0,2120,10.6,3999,36001
60000,48,53997.0,2623,13.12,6003,53997
80000,48,72082.0,3137,15.69,7918,72082
100000,48,90056.0,3632,18.16,9944,90056
2,49,1.0,0,0.0,1,1
3,49,2.0,0,0.0,1,2
100,49,92.0,50,0.25,8,92
200,49,183.0,148,0.74,17,183
2000,49,1795.0,1776,8.88,205,1795
10000,49,8979.0,9580,47.9,1021,8979
20000,49,17954.0,12533,62.67,2046,17954
40000,49,35880.0,13048,65.24,4120,35880
60000,49,53850.0,13509,67.55,6150,53850
80000,49,71837.0,14037,70.19,8163,71837
100000,49,89786.0,14552,72.76,10214,89786
2,50,2.0,0,0.0,0,2
3,50,3.0,0,0.0,0,3
100,50,88.0,6,0.03,12,88
200,50,169.0,8,0.04,31,169
2000,50,1786.0,53,0.27,214,1786
10000,50,8993.0,293,1.47,1007,8993
20000,50,17970.0,548,2.74,2030,17970
40000,50,35933.0,1065,5.33,4067,35933
60000,50,54016.0,1542,7.71,5984,54016
80000,50,71956.0,2104,10.52,8044,71956
100000,50,89956.0,2608,13.04,10044,89956
2,51,2.0,0,0.0,0,2
3,51,3.0,0,0.0,0,3
100,51,84.0,3,0.02,16,84
200,51,174.0,4,0.02,26,174
2000,51,1769.0,554,2.77,231,1769
10000,51,8972.0,744,3.72,1028,8972
20000,51,17987.0,975,4.88,2013,17987
40000,51,36025.0,1468,7.34,3975,36025
60000,51,54045.0,1954,9.77,5955,54045
80000,51,72088.0,2452,12.26,7912,72088
100000,51,90042.0,2937,14.69,9958,90042
2,52,2.0,0,0.0,0,2
3,52,3.0,0,0.0,0,3
100,52,91.0,18,0.09,9,91
200,52,183.0,21,0.11,17,183
2000,52,1786.0,103,0.52,214,1786
10000,52,9001.0,330,1.65,999,9001
20000,52,18013.0,574,2.87,1987,18013
40000,52,35896.0,1148,5.74,4104,35896
60000,52,53908.0,1667,8.34,6092,53908
80000,52,71837.0,2182,10.91,8163,71837
100000,52,89822.0,2713,13.57,10178,89822
2,53,2.0,0,0.0,0,2
3,53,3.0,0,0.0,0,3
100,53,89.0,0,0.0,11,89
200,53,179.0,7,0.04,21,179
2000,53,1811.0,58,0.29,189,1811
10000,53,8997.0,523,2.62,1003,8997
20000,53,18016.0,1022,5.11,1984,18016
40000,53,36072.0,1595,7.98,3928,36072
60000,53,54090.0,2092,10.46,5910,54090
80000,53,72068.0,2597,12.99,7932,72068
100000,53,90080.0,3144,15.72,9920,90080
2,54,2.0,0,0.0,0,2
3,54,3.0,0,0.0,0,3
100,54,91.0,4,0.02,9,91
200,54,180.0,6,0.03,20,180
2000,54,1829.0,50,0.25,171,1829
10000,54,8983.0,249,1.25,1017,8983
20000,54,17990.0,493,2.47,2010,17990
40000,54,35949.0,1774,8.87,4051,35949
60000,54,53870.0,2296,11.48,6130,53870
80000,54,71817.0,2878,14.39,8183,71817
100000,54,89763.0,6118,30.59,10237,89763
2,55,2.0,0,0.0,0,2
3,55,3.0,0,0.0,0,3
100,55,82.0,5,0.03,18,82
200,55,173.0,10,0.05,27,173
2000,55,1789.0,72,0.36,211,1789
10000,55,8985.0,525,2.63,1015,8985
20000,55,17996.0,769,3.85,2004,17996
40000,55,35936.0,1275,6.38,4064,35936
60000,55,53914.0,1778,8.89,6086,53914
80000,55,71890.0,2244,11.22,8110,71890
100000,55,89899.0,2746,13.73,10101,89899
2,56,1.0,0,0.0,1,1
3,56,2.0,0,0.0,1,2
100,56,92.0,16,0.08,8,92
200,56,182.0,20,0.1,18,182
2000,56,1804.0,97,0.49,196,1804
10000,56,8972.0,776,3.88,1028,8972
20000,56,17998.0,1025,5.13,2002,17998
40000,56,35986.0,1513,7.57,4014,35986
60000,56,53963.0,2003,10.02,6037,53963
80000,56,71981.0,2501,12.51,8019,71981
100000,56,89985.0,2966,14.83,10015,89985
2,57,2.0,0,0.0,0,2
3,57,3.0,0,0.0,0,3
100,57,94.0,2,0.01,6,94
200,57,184.0,3,0.02,16,184
2000,57,1795.0,93,0.47,205,1795
10000,57,9061.0,267,1.34,939,9061
20000,57,18021.0,499,2.5,1979,18021
40000,57,36015.0,981,4.91,3985,36015
60000,57,53982.0,1478,7.39,6018,53982
80000,57,71941.0,1985,9.93,8059,71941
100000,57,90009.0,2460,12.3,9991,90009
2,58,2.0,0,0.0,0,2
3,58,3.0,0,0.0,0,3
100,58,96.0,10,0.05,4,96
200,58,188.0,10,0.05,12,188
2000,58,1801.0,62,0.31,199,1801
10000,58,9008.0,263,1.32,992,9008
20000,58,17985.0,532,2.66,2015,17985
40000,58,36059.0,1004,5.02,3941,36059
60000,58,54125.0,1520,7.6,5875,54125
80000,58,72133.0,2027,10.14,7867,72133
100000,58,90112.0,2529,12.65,9888,90112
2,59,2.0,0,0.0,0,2
3,59,3.0,0,0.0,0,3
100,59,90.0,18,0.09,10,90
200,59,180.0,23,0.12,20,180
2000,59,1800.0,61,0.31,200,1800
10000,59,8990.0,262,1.31,1010,8990
20000,59,17972.0,514,2.57,2028,17972
40000,59,35927.0,4397,21.99,4073,35927
60000,59,53944.0,4876,24.38,6056,53944
80000,59,71972.0,5333,26.67,8028,71972
100000,59,89990.0,5840,29.2,10010,89990
2,60,2.0,0,0.0,0,2
3,60,3.0,0,0.0,0,3
100,60,92.0,80,0.4,8,92
200,60,180.0,177,0.89,20,180
2000,60,1813.0,1934,9.67,187,1813
10000,60,8976.0,9351,46.76,1024,8976
20000,60,17945.0,9981,49.91,2055,17945
40000,60,35971.0,10488,52.44,4029,35971
60000,60,54016.0,10987,54.94,5984,54016
80000,60,72065.0,11507,57.54,7935,72065
100000,60,90016.0,11960,59.8,9984,90016
2,61,2.0,0,0.0,0,2
3,61,3.0,0,0.0,0,3
100,61,95.0,18,0.09,5,95
200,61,184.0,96,0.48,16,184
2000,61,1797.0,160,0.8,203,1797
10000,61,8990.0,1205,6.03,1010,8990
20000,61,17986.0,1599,8.0,2014,17986
40000,61,35984.0,2122,10.61,4016,35984
60000,61,53946.0,2804,14.02,6054,53946
80000,61,71960.0,3299,16.5,8040,71960
100000,61,89955.0,3799,19.0,10045,89955
2,62,2.0,0,0.0,0,2
3,62,3.0,0,0.0,0,3
100,62,94.0,12,0.06,6,94
200,62,188.0,15,0.08,12,188
2000,62,1802.0,63,0.32,198,1802
10000,62,9007.0,266,1.33,993,9007
20000,62,18037.0,513,2.57,1963,18037
40000,62,36075.0,992,4.96,3925,36075
60000,62,54140.0,1484,7.42,5860,54140
80000,62,72110.0,1974,9.87,7890,72110
100000,62,90164.0,2540,12.7,9836,90164
2,63,2.0,0,0.0,0,2
3,63,3.0,0,0.0,0,3
100,63,89.0,57,0.29,11,89
200,63,176.0,99,0.5,24,176
2000,63,1794.0,1848,9.24,206,1794
10000,63,9002.0,9652,48.26,998,9002
20000,63,17929.0,19386,96.93,2071,17929
40000,63,35839.0,38725,193.63,4161,35839
60000,63,53783.0,46306,231.53,6217,53783
80000,63,71793.0,46797,233.99,8207,71793
100000,63,89777.0,47303,236.52,10223,89777
2,64,2.0,0,0.0,0,2
3,64,3.0,0,0.0,0,3
100,64,90.0,5,0.03,10,90
200,64,179.0,7,0.04,21,179
2000,64,1808.0,45,0.23,192,1808
10000,64,9013.0,365,1.83,987,9013
20000,64,18031.0,1196,5.98,1969,18031
40000,64,35998.0,8398,41.99,4002,35998
60000,64,53951.0,11739,58.7,6049,53951
80000,64,71957.0,12273,61.37,8043,71957
100000,64,89987.0,12778,63.89,10013,89987
2,65,2.0,0,0.0,0,2
3,65,3.0,0,0.0,0,3
100,65,92.0,5,0.03,8,92
200,65,185.0,6,0.03,15,185
2000,65,1809.0,52,0.26,191,1809
10000,65,8999.0,255,1.28,1001,8999
20000,65,18041.0,509,2.55,1959,18041
40000,65,35978.0,1581,7.91,4022,35978
60000,65,53919.0,2076,10.38,6081,53919
80000,65,71958.0,2612,13.06,8042,71958
100000,65,89972.0,3462,17.31,10028,89972
2,66,2.0,0,0.0,0,2
3,66,3.0,0,0.0,0,3
100,66,88.0,5,0.03,12,88
200,66,179.0,8,0.04,21,179
2000,66,1785.0,1154,5.77,215,1785
10000,66,8922.0,1355,6.78,1078,8922
20000,66,17922.0,1630,8.15,2078,17922
40000,66,35976.0,2122,10.61,4024,35976
60000,66,53975.0,2600,13.0,6025,53975
80000,66,71996.0,3078,15.39,8004,71996
100000,66,89942.0,3560,17.8,10058,89942
2,67,1.0,0,0.0,1,1
3,67,2.0,0,0.0,1,2
100,67,89.0,4,0.02,11,89
200,67,173.0,6,0.03,27,173
2000,67,1788.0,46,0.23,212,1788
10000,67,8929.0,1441,7.21,1071,8929
20000,67,17937.0,2016,10.08,2063,17937
40000,67,35927.0,3424,17.12,4073,35927
60000,67,53908.0,4660,23.3,6092,53908
80000,67,71925.0,6121,30.61,8075,71925
100000,67,89965.0,6694,33.47,10035,89965
2,68,2.0,0,0.0,0,2
3,68,3.0,0,0.0,0,3
100,68,89.0,5,0.03,11,89
200,68,181.0,6,0.03,19,181
2000,68,1830.0,49,0.25,170,1830
10000,68,9047.0,237,1.19,953,9047
20000,68,18067.0,492,2.46,1933,18067
40000,68,35996.0,963,4.82,4004,35996
60000,68,53925.0,1455,7.28,6075,53925
80000,68,71843.0,1931,9.66,8157,71843
100000,68,89816.0,2427,12.14,10184,89816
2,69,1.0,0,0.0,1,1
3,69,2.0,0,0.0,1,2
100,69,93.0,13,0.07,7,93
200,69,182.0,25,0.13,18,182
2000,69,1807.0,67,0.34,193,1807
10000,69,8985.0,261,1.31,1015,8985
20000,69,17960.0,593,2.97,2040,17960
40000,69,35921.0,1196,5.98,4079,35921
60000,69,53953.0,1707,8.54,6047,53953
80000,69,71951.0,5499,27.5,8049,71951
100000,69,89879.0,7080,35.4,10121,89879
2,70,2.0,0,0.0,0,2
3,70,3.0,0,0.0,0,3
100,70,86.0,5,0.03,14,86
200,70,178.0,9,0.05,22,178
2000,70,1784.0,48,0.24,216,1784
10000,70,8960.0,310,1.55,1040,8960
20000,70,17899.0,544,2.72,2101,17899
40000,70,35883.0,1041,5.21,4117,35883
60000,70,53913.0,1545,7.73,6087,53913
80000,70,71989.0,2034,10.17,8011,71989
100000,70,89962.0,2568,12.84,10038,89962
2,71,2.0,0,0.0,0,2
3,71,3.0,0,0.0,0,3
100,71,89.0,5,0.03,11,89
200,71,176.0,7,0.04,24,176
2000,71,1797.0,62,0.31,203,1797
10000,71,8995.0,233,1.17,1005,8995
20000,71,18052.0,463,2.32,1948,18052
40000,71,36043.0,989,4.95,3957,36043
60000,71,54027.0,1513,7.57,5973,54027
80000,71,72007.0,2063,10.32,7993,72007
100000,71,90077.0,2570,12.85,9923,90077
2,72,2.0,0,0.0,0,2
3,72,3.0,0,0.0,0,3
100,72,92.0,95,0.48,8,92
200,72,181.0,192,0.96,19,181
2000,72,1791.0,1880,9.4,209,1791
10000,72,8938.0,9593,47.97,1062,8938
20000,72,17870.0,19365,96.83,2130,17870
40000,72,35774.0,38826,194.13,4226,35774
60000,72,53617.0,58329,291.65,6383,53617
80000,72,71579.0,63711,318.56,8421,71579
100000,72,89612.0,64223,321.12,10388,89612
2,73,2.0,0,0.0,0,2
3,73,3.0,0,0.0,0,3
100,73,83.0,3,0.02,17,83
200,73,173.0,5,0.03,27,173
2000,73,1753.0,1684,8.42,247,1753
10000,73,8914.0,9524,47.62,1086,8914
20000,73,17847.0,19254,96.27,2153,17847
40000,73,35693.0,38723,193.62,4307,35693
60000,73,53563.0,58247,291.24,6437,53563
80000,73,71460.0,77717,388.59,8540,71460
100000,73,89415.0,97165,485.83,10585,89415
2,74,2.0,0,0.0,0,2
3,74,3.0,0,0.0,0,3
100,74,89.0,85,0.43,11,89
200,74,182.0,179,0.9,18,182
2000,74,1802.0,1939,9.7,198,1802
10000,74,8945.0,9585,47.93,1055,8945
20000,74,17921.0,19068,95.34,2079,17921
40000,74,35981.0,32170,160.85,4019,35981
60000,74,54075.0,32655,163.28,5925,54075
80000,74,72011.0,33152,165.76,7989,72011
100000,74,89994.0,33678,168.39,10006,89994
2,75,2.0,0,0.0,0,2
3,75,3.0,0,0.0,0,3
100,75,91.0,41,0.21,9,91
200,75,176.0,120,0.6,24,176
2000,75,1783.0,1864,9.32,217,1783
10000,75,8980.0,8860,44.3,1020,8980
20000,75,17942.0,18371,91.86,2058,17942
40000,75,35933.0,35488,177.44,4067,35933
60000,75,53846.0,54131,270.66,6154,53846
80000,75,71864.0,54706,273.53,8136,71864
100000,75,89846.0,55217,276.09,10154,89846
2,76,2.0,0,0.0,0,2
3,76,3.0,0,0.0,0,3
100,76,90.0,5,0.03,10,90
200,76,178.0,7,0.04,22,178
2000,76,1806.0,53,0.27,194,1806
10000,76,8989.0,240,1.2,1011,8989
20000,76,17985.0,636,3.18,2015,17985
40000,76,35866.0,1165,5.83,4134,35866
60000,76,53814.0,1661,8.31,6186,53814
80000,76,71797.0,2149,10.75,8203,71797
100000,76,89736.0,2653,13.27,10264,89736
2,77,2.0,0,0.0,0,2
3,77,3.0,0,0.0,0,3
100,77,88.0,77,0.39,12,88
200,77,178.0,173,0.87,22,178
2000,77,1795.0,1922,9.61,205,1795
10000,77,8958.0,9427,47.14,1042,8958
20000,77,17931.0,19035,95.18,2069,17931
40000,77,35828.0,37353,186.77,4172,35828
60000,77,53801.0,56872,284.36,6199,53801
80000,77,71688.0,76377,381.89,8312,71688
100000,77,89551.0,95862,479.31,10449,89551
2,78,2.0,0,0.0,0,2
3,78,3.0,0,0.0,0,3
100,78,86.0,0,0.0,14,86
200,78,182.0,58,0.29,18,182
2000,78,1785.0,176,0.88,215,1785
10000,78,9014.0,393,1.97,986,9014
20000,78,18061.0,658,3.29,1939,18061
40000,78,36077.0,1296,6.48,3923,36077
60000,78,54073.0,1818,9.09,5927,54073
80000,78,72100.0,2309,11.55,7900,72100
100000,78,90105.0,2807,14.04,9895,90105
2,79,2.0,0,0.0,0,2
3,79,3.0,0,0.0,0,3
100,79,95.0,0,0.0,5,95
200,79,186.0,8,0.04,14,186
2000,79,1801.0,348,1.74,199,1801
10000,79,8985.0,566,2.83,1015,8985
20000,79,17989.0,800,4.0,2011,17989
40000,79,36012.0,1314,6.57,3988,36012
60000,79,54043.0,1807,9.04,5957,54043
80000,79,72091.0,2315,11.58,7909,72091
100000,79,90059.0,2782,13.91,9941,90059
2,80,2.0,0,0.0,0,2
3,80,3.0,0,0.0,0,3
100,80,94.0,35,0.18,6,94
200,80,189.0,38,0.19,11,189
2000,80,1786.0,473,2.37,214,1786
10000,80,8939.0,1352,6.76,1061,8939
20000,80,17955.0,1587,7.94,2045,17955
40000,80,35992.0,2073,10.37,4008,35992
60000,80,53994.0,2527,12.64,6006,53994
80000,80,72027.0,2985,14.93,7973,72027
100000,80,90153.0,3475,17.38,9847,90153
2,81,2.0,0,0.0,0,2
3,81,3.0,0,0.0,0,3
100,81,92.0,73,0.37,8,92
200,81,178.0,169,0.85,22,178
2000,81,1781.0,1301,6.51,219,1781
10000,81,8935.0,9120,45.6,1065,8935
20000,81,17886.0,18880,94.4,2114,17886
40000,81,35726.0,38359,191.8,4274,35726
60000,81,53638.0,57806,289.03,6362,53638
80000,81,71490.0,77292,386.46,8510,71490
100000,81,89461.0,96754,483.77,10539,89461
2,82,2.0,0,0.0,0,2
3,82,3.0,0,0.0,0,3
100,82,85.0,4,0.02,15,85
200,82,178.0,8,0.04,22,178
2000,82,1787.0,43,0.22,213,1787
10000,82,8966.0,257,1.29,1034,8966
20000,82,18007.0,543,2.72,1993,18007
40000,82,36023.0,1075,5.38,3977,36023
60000,82,54066.0,1607,8.04,5934,54066
80000,82,72062.0,2123,10.62,7938,72062
100000,82,90114.0,2589,12.95,9886,90114
2,83,2.0,0,0.0,0,2
3,83,3.0,0,0.0,0,3
100,83,86.0,9,0.05,14,86
200,83,168.0,11,0.06,32,168
2000,83,1771.0,1633,8.17,229,1771
10000,83,8951.0,9447,47.24,1049,8951
20000,83,17940.0,19186,95.93,2060,17940
40000,83,35858.0,38678,193.39,4142,35858
60000,83,53709.0,57127,285.64,6291,53709
80000,83,71574.0,76611,383.06,8426,71574
100000,83,89480.0,96131,480.66,10520,89480
2,84,2.0,0,0.0,0,2
3,84,3.0,0,0.0,0,3
100,84,86.0,9,0.05,14,86
200,84,181.0,105,0.53,19,181
2000,84,1791.0,1858,9.29,209,1791
10000,84,8967.0,9653,48.27,1033,8967
20000,84,17920.0,19399,97.0,2080,17920
40000,84,35847.0,37641,188.21,4153,35847
60000,84,53794.0,57199,286.0,6206,53794
80000,84,71589.0,76740,383.7,8411,71589
100000,84,89591.0,96233,481.17,10409,89591
2,85,2.0,1,0.01,0,2
3,85,3.0,1,0.01,0,3
100,85,90.0,95,0.48,10,90
200,85,184.0,194,0.97,16,184
2000,85,1817.0,1940,9.7,183,1817
10000,85,8957.0,9748,48.74,1043,8957
20000,85,17925.0,19507,97.54,2075,17925
40000,85,35807.0,38985,194.93,4193,35807
60000,85,53748.0,58523,292.62,6252,53748
80000,85,71630.0,78025,390.13,8370,71630
100000,85,89618.0,81298,406.49,10382,89618
2,86,2.0,0,0.0,0,2
3,86,3.0,0,0.0,0,3
100,86,92.0,78,0.39,8,92
200,86,180.0,175,0.88,20,180
2000,86,1776.0,1917,9.59,224,1776
10000,86,9015.0,2287,11.44,985,9015
20000,86,18032.0,2534,12.67,1968,18032
40000,86,35968.0,3036,15.18,4032,35968
60000,86,53987.0,3547,17.74,6013,53987
80000,86,71981.0,4062,20.31,8019,71981
100000,86,89970.0,4572,22.86,10030,89970
2,87,2.0,0,0.0,0,2
3,87,3.0,0,0.0,0,3
100,87,94.0,0,0.0,6,94
200,87,184.0,7,0.04,16,184
2000,87,1809.0,78,0.39,191,1809
10000,87,8981.0,292,1.46,1019,8981
20000,87,17922.0,590,2.95,2078,17922
40000,87,35890.0,1088,5.44,4110,35890
60000,87,53859.0,1586,7.93,6141,53859
80000,87,71846.0,2089,10.45,8154,71846
100000,87,89861.0,2579,12.9,10139,89861
2,88,1.0,0,0.0,1,1
3,88,2.0,0,0.0,1,2
100,88,88.0,92,0.46,12,88
200,88,171.0,187,0.94,29,171
2000,88,1787.0,1708,8.54,213,1787
10000,88,8984.0,2143,10.72,1016,8984
20000,88,17914.0,2393,11.97,2086,17914
40000,88,35893.0,2913,14.57,4107,35893
60000,88,53841.0,3415,17.08,6159,53841
80000,88,71790.0,3897,19.49,8210,71790
100000,88,89767.0,4419,22.1,10233,89767
2,89,2.0,0,0.0,0,2
3,89,3.0,0,0.0,0,3
100,89,96.0,3,0.02,4,96
200,89,183.0,6,0.03,17,183
2000,89,1815.0,69,0.35,185,1815
10000,89,8999.0,271,1.36,1001,8999
20000,89,17976.0,521,2.61,2024,17976
40000,89,36134.0,1029,5.15,3866,36134
60000,89,54124.0,1502,7.51,5876,54124
80000,89,72186.0,1977,9.89,7814,72186
100000,89,90195.0,2488,12.44,9805,90195
2,90,2.0,0,0.0,0,2
3,90,3.0,1,0.01,0,3
100,90,91.0,3,0.02,9,91
200,90,179.0,8,0.04,21,179
2000,90,1819.0,59,0.3,181,1819
10000,90,9006.0,284,1.42,994,9006
20000,90,17989.0,540,2.7,2011,17989
40000,90,36065.0,1036,5.18,3935,36065
60000,90,54048.0,1483,7.42,5952,54048
80000,90,72054.0,2000,10.0,7946,72054
100000,90,90098.0,2480,12.4,9902,90098
2,91,2.0,0,0.0,0,2
3,91,3.0,0,0.0,0,3
100,91,87.0,7,0.04,13,87
200,91,184.0,9,0.05,16,184
2000,91,1811.0,116,0.58,189,1811
10000,91,9031.0,323,1.62,969,9031
20000,91,18008.0,560,2.8,1992,18008
40000,91,35975.0,1080,5.4,4025,35975
60000,91,54024.0,1634,8.17,5976,54024
80000,91,72020.0,2138,10.69,7980,72020
100000,91,90047.0,2654,13.27,9953,90047
2,92,2.0,0,0.0,0,2
3,92,3.0,0,0.0,0,3
100,92,89.0,62,0.31,11,89
200,92,181.0,160,0.8,19,181
2000,92,1808.0,1915,9.58,192,1808
10000,92,8947.0,9709,48.55,1053,8947
20000,92,17910.0,19050,95.25,2090,17910
40000,92,35862.0,38154,190.77,4138,35862
60000,92,53899.0,38712,193.56,6101,53899
80000,92,71914.0,39212,196.06,8086,71914
100000,92,89881.0,39704,198.52,10119,89881
2,93,2.0,2,0.01,0,2
3,93,3.0,3,0.02,0,3
100,93,93.0,100,0.5,7,93
200,93,179.0,195,0.98,21,179
2000,93,1786.0,1946,9.73,214,1786
10000,93,8933.0,9592,47.96,1067,8933
20000,93,17905.0,19147,95.74,2095,17905
40000,93,35829.0,38539,192.7,4171,35829
60000,93,53757.0,57998,289.99,6243,53757
80000,93,71663.0,77539,387.7,8337,71663
100000,93,89581.0,97035,485.18,10419,89581
2,94,2.0,1,0.01,0,2
3,94,3.0,1,0.01,0,3
100,94,90.0,2,0.01,10,90
200,94,173.0,6,0.03,27,173
2000,94,1810.0,52,0.26,190,1810
10000,94,8977.0,250,1.25,1023,8977
20000,94,17907.0,492,2.46,2093,17907
40000,94,35948.0,960,4.8,4052,35948
60000,94,53989.0,1496,7.48,6011,53989
80000,94,71976.0,2171,10.86,8024,71976
100000,94,89914.0,2701,13.51,10086,89914
2,95,2.0,0,0.0,0,2
3,95,3.0,0,0.0,0,3
100,95,93.0,12,0.06,7,93
200,95,179.0,69,0.35,21,179
2000,95,1775.0,1273,6.37,225,1775
10000,95,8930.0,9091,45.46,1070,8930
20000,95,17850.0,18838,94.19,2150,17850
40000,95,35739.0,38309,191.55,4261,35739
60000,95,53685.0,57809,289.05,6315,53685
80000,95,71582.0,75425,377.13,8418,71582
100000,95,89510.0,85144,425.72,10490,89510
2,96,2.0,0,0.0,0,2
3,96,3.0,0,0.0,0,3
100,96,85.0,46,0.23,15,85
200,96,176.0,48,0.24,24,176
2000,96,1797.0,123,0.62,203,1797
10000,96,8931.0,3368,16.84,1069,8931
20000,96,17906.0,3889,19.45,2094,17906
40000,96,35927.0,4397,21.99,4073,35927
60000,96,53979.0,4949,24.75,6021,53979
80000,96,72009.0,5458,27.29,7991,72009
100000,96,90111.0,5982,29.91,9889,90111
2,97,2.0,0,0.0,0,2
3,97,3.0,0,0.0,0,3
100,97,88.0,5,0.03,12,88
200,97,178.0,12,0.06,22,178
2000,97,1809.0,56,0.28,191,1809
10000,97,8968.0,316,1.58,1032,8968
20000,97,17957.0,662,3.31,2043,17957
40000,97,35961.0,1265,6.33,4039,35961
60000,97,53921.0,1916,9.58,6079,53921
80000,97,71954.0,2447,12.24,8046,71954
100000,97,89974.0,2963,14.82,10026,89974
2,98,2.0,0,0.0,0,2
3,98,3.0,0,0.0,0,3
100,98,92.0,2,0.01,8,92
200,98,176.0,7,0.04,24,176
2000,98,1788.0,47,0.24,212,1788
10000,98,8932.0,660,3.3,1068,8932
20000,98,17939.0,1284,6.42,2061,17939
40000,98,35899.0,1795,8.98,4101,35899
60000,98,53900.0,2299,11.5,6100,53900
80000,98,71924.0,2825,14.13,8076,71924
100000,98,90064.0,3324,16.62,9936,90064
2,99,2.0,0,0.0,0,2
3,99,3.0,0,0.0,0,3
100,99,89.0,6,0.03,11,89
200,99,180.0,8,0.04,20,180
2000,99,1800.0,57,0.29,200,1800
10000,99,8988.0,255,1.28,1012,8988
20000,99,17982.0,511,2.56,2018,17982
40000,99,36040.0,997,4.99,3960,36040
60000,99,54024.0,1497,7.49,5976,54024
80000,99,72016.0,2010,10.05,7984,72016
100000,99,89998.0,2530,12.65,10002,89998
2,100,2.0,0,0.0,0,2
3,100,3.0,0,0.0,0,3
100,100,92.0,4,0.02,8,92
200,100,184.0,6,0.03,16,184
2000,100,1813.0,286,1.43,187,1813
10000,100,9012.0,468,2.34,988,9012
20000,100,18037.0,691,3.46,1963,18037
40000,100,36040.0,1185,5.93,3960,36040
60000,100,54104.0,1683,8.42,5896,54104
80000,100,72127.0,2181,10.91,7873,72127
100000,100,90186.0,2676,13.38,9814,90186
