Timestep,Iteration,Total Reward,Suboptimal Arms,Total Regret,Zeros Count,Ones Count
2,1,2.0,2,0.01,0,2
3,1,3.0,3,0.02,0,3
100,1,86.0,23,0.12,14,86
200,1,176.0,26,0.13,24,176
2000,1,1796.0,78,0.39,204,1796
10000,1,9025.0,286,1.43,975,9025
20000,1,17994.0,538,2.69,2006,17994
40000,1,35965.0,1014,5.07,4035,35965
60000,1,53951.0,1518,7.59,6049,53951
80000,1,71880.0,2029,10.15,8120,71880
100000,1,89942.0,2549,12.75,10058,89942
2,2,2.0,2,0.01,0,2
3,2,3.0,3,0.02,0,3
100,2,88.0,71,0.36,12,88
200,2,177.0,169,0.85,23,177
2000,2,1811.0,1930,9.65,189,1811
10000,2,8978.0,9704,48.52,1022,8978
20000,2,17934.0,18969,94.85,2066,17934
40000,2,35766.0,38467,192.34,4234,35766
60000,2,53693.0,57958,289.79,6307,53693
80000,2,71627.0,77422,387.11,8373,71627
100000,2,89491.0,96943,484.72,10509,89491
2,3,2.0,2,0.01,0,2
3,3,3.0,2,0.01,0,3
100,3,95.0,92,0.46,5,95
200,3,179.0,190,0.95,21,179
2000,3,1797.0,1929,9.65,203,1797
10000,3,8989.0,7728,38.64,1011,8989
20000,3,17995.0,7984,39.92,2005,17995
40000,3,35996.0,8412,42.06,4004,35996
60000,3,53961.0,8926,44.63,6039,53961
80000,3,71967.0,9441,47.21,8033,71967
100000,3,89931.0,9909,49.55,10069,89931
2,4,1.0,2,0.01,1,1
3,4,2.0,3,0.02,1,2
100,4,86.0,88,0.44,14,86
200,4,177.0,187,0.94,23,177
2000,4,1774.0,874,4.37,226,1774
10000,4,8990.0,1077,5.39,1010,8990
20000,4,18007.0,1328,6.64,1993,18007
40000,4,36021.0,1831,9.16,3979,36021
60000,4,54066.0,2357,11.79,5934,54066
80000,4,72075.0,2866,14.33,7925,72075
100000,4,89972.0,3420,17.1,10028,89972
2,5,2.0,2,0.01,0,2
3,5,3.0,3,0.02,0,3
100,5,88.0,92,0.46,12,88
200,5,175.0,189,0.95,25,175
2000,5,1775.0,1944,9.72,225,1775
10000,5,8912.0,9762,48.81,1088,8912
20000,5,17932.0,16464,82.32,2068,17932
40000,5,35935.0,16991,84.96,4065,35935
60000,5,53972.0,17456,87.28,6028,53972
80000,5,72047.0,17942,89.71,7953,72047
100000,5,90055.0,18437,92.19,9945,90055
2,6,2.0,2,0.01,0,2
3,6,3.0,3,0.02,0,3
100,6,91.0,57,0.29,9,91
200,6,186.0,154,0.77,14,186
2000,6,1806.0,644,3.22,194,1806
10000,6,9038.0,836,4.18,962,9038
20000,6,17977.0,1115,5.58,2023,17977
40000,6,35979.0,1604,8.02,4021,35979
60000,6,54006.0,2067,10.34,5994,54006
80000,6,72014.0,2530,12.65,7986,72014
100000,6,89920.0,3032,15.16,10080,89920
2,7,1.0,2,0.01,1,1
3,7,2.0,3,0.02,1,2
100,7,92.0,94,0.47,8,92
200,7,180.0,169,0.85,20,180
2000,7,1808.0,226,1.13,192,1808
10000,7,9008.0,427,2.14,992,9008
20000,7,17957.0,671,3.36,2043,17957
40000,7,35949.0,1182,5.91,4051,35949
60000,7,53948.0,1665,8.33,6052,53948
80000,7,71929.0,2121,10.61,8071,71929
100000,7,89930.0,2621,13.11,10070,89930
2,8,2.0,2,0.01,0,2
3,8,3.0,3,0.02,0,3
100,8,87.0,95,0.48,13,87
200,8,181.0,159,0.8,19,181
2000,8,1812.0,205,1.03,188,1812
10000,8,8993.0,397,1.99,1007,8993
20000,8,17926.0,636,3.18,2074,17926
40000,8,35854.0,3629,18.15,4146,35854
60000,8,53853.0,4143,20.72,6147,53853
80000,8,71817.0,4628,23.14,8183,71817
100000,8,89791.0,5154,25.77,10209,89791
2,9,2.0,2,0.01,0,2
3,9,3.0,3,0.02,0,3
100,9,91.0,100,0.5,9,91
200,9,182.0,196,0.98,18,182
2000,9,1785.0,1949,9.75,215,1785
10000,9,8957.0,9749,48.75,1043,8957
20000,9,17884.0,19519,97.6,2116,17884
40000,9,35880.0,21450,107.25,4120,35880
60000,9,53856.0,21969,109.85,6144,53856
80000,9,71843.0,22447,112.24,8157,71843
100000,9,89885.0,22943,114.72,10115,89885
2,10,2.0,2,0.01,0,2
3,10,3.0,3,0.02,0,3
100,10,91.0,98,0.49,9,91
200,10,181.0,195,0.98,19,181
2000,10,1778.0,1961,9.81,222,1778
10000,10,8947.0,9611,48.06,1053,8947
20000,10,17940.0,19361,96.81,2060,17940
40000,10,35952.0,27095,135.48,4048,35952
60000,10,53962.0,27581,137.91,6038,53962
80000,10,71871.0,28111,140.56,8129,71871
100000,10,89863.0,31088,155.44,10137,89863
2,11,2.0,2,0.01,0,2
3,11,3.0,3,0.02,0,3
100,11,88.0,87,0.44,12,88
200,11,177.0,187,0.94,23,177
2000,11,1783.0,1795,8.98,217,1783
10000,11,8923.0,9509,47.55,1077,8923
20000,11,17878.0,14043,70.22,2122,17878
40000,11,35851.0,14534,72.67,4149,35851
60000,11,53816.0,15042,75.21,6184,53816
80000,11,71818.0,15550,77.75,8182,71818
100000,11,89806.0,16039,80.2,10194,89806
2,12,2.0,2,0.01,0,2
3,12,3.0,3,0.02,0,3
100,12,88.0,97,0.49,12,88
200,12,178.0,195,0.98,22,178
2000,12,1810.0,682,3.41,190,1810
10000,12,9049.0,898,4.49,951,9049
20000,12,18038.0,1139,5.7,1962,18038
40000,12,36096.0,1652,8.26,3904,36096
60000,12,54104.0,2167,10.84,5896,54104
80000,12,72090.0,2660,13.3,7910,72090
100000,12,90060.0,3166,15.83,9940,90060
2,13,2.0,0,0.0,0,2
3,13,3.0,0,0.0,0,3
100,13,93.0,7,0.04,7,93
200,13,184.0,9,0.05,16,184
2000,13,1790.0,58,0.29,210,1790
10000,13,8971.0,731,3.66,1029,8971
20000,13,17964.0,3515,17.58,2036,17964
40000,13,35954.0,3984,19.92,4046,35954
60000,13,53964.0,4465,22.33,6036,53964
80000,13,71918.0,4950,24.75,8082,71918
100000,13,89882.0,5447,27.24,10118,89882
2,14,1.0,2,0.01,1,1
3,14,2.0,3,0.02,1,2
100,14,89.0,98,0.49,11,89
200,14,178.0,194,0.97,22,178
2000,14,1785.0,301,1.51,215,1785
10000,14,8987.0,495,2.48,1013,8987
20000,14,17985.0,735,3.68,2015,17985
40000,14,35975.0,1713,8.57,4025,35975
60000,14,53996.0,4238,21.19,6004,53996
80000,14,72048.0,4810,24.05,7952,72048
100000,14,90050.0,5327,26.64,9950,90050
2,15,2.0,2,0.01,0,2
3,15,3.0,3,0.02,0,3
100,15,89.0,95,0.48,11,89
200,15,178.0,194,0.97,22,178
2000,15,1790.0,484,2.42,210,1790
10000,15,8981.0,679,3.4,1019,8981
20000,15,17959.0,938,4.69,2041,17959
40000,15,35943.0,1452,7.26,4057,35943
60000,15,53949.0,1961,9.81,6051,53949
80000,15,72009.0,2447,12.24,7991,72009
100000,15,89998.0,2966,14.83,10002,89998
2,16,2.0,2,0.01,0,2
3,16,3.0,3,0.02,0,3
100,16,94.0,22,0.11,6,94
200,16,189.0,23,0.12,11,189
2000,16,1822.0,167,0.84,178,1822
10000,16,9018.0,4495,22.48,982,9018
20000,16,17999.0,8709,43.55,2001,17999
40000,16,36049.0,9215,46.08,3951,36049
60000,16,54083.0,9737,48.69,5917,54083
80000,16,72026.0,10247,51.24,7974,72026
100000,16,89963.0,10744,53.72,10037,89963
2,17,2.0,2,0.01,0,2
3,17,3.0,3,0.02,0,3
100,17,93.0,25,0.13,7,93
200,17,185.0,27,0.14,15,185
2000,17,1832.0,71,0.36,168,1832
10000,17,9020.0,281,1.41,980,9020
20000,17,18061.0,534,2.67,1939,18061
40000,17,36142.0,1009,5.05,3858,36142
60000,17,54083.0,1504,7.52,5917,54083
80000,17,72127.0,2002,10.01,7873,72127
100000,17,90035.0,2519,12.6,9965,90035
2,18,2.0,0,0.0,0,2
3,18,3.0,0,0.0,0,3
100,18,86.0,2,0.01,14,86
200,18,176.0,3,0.02,24,176
2000,18,1771.0,51,0.26,229,1771
10000,18,8965.0,245,1.23,1035,8965
20000,18,17964.0,527,2.64,2036,17964
40000,18,35948.0,1000,5.0,4052,35948
60000,18,53951.0,1486,7.43,6049,53951
80000,18,71905.0,2000,10.0,8095,71905
100000,18,89940.0,2498,12.49,10060,89940
2,19,2.0,2,0.01,0,2
3,19,2.0,3,0.02,1,2
100,19,90.0,5,0.03,10,90
200,19,178.0,8,0.04,22,178
2000,19,1792.0,1669,8.35,208,1792
10000,19,8960.0,9472,47.36,1040,8960
20000,19,17914.0,19238,96.19,2086,17914
40000,19,35788.0,36674,183.37,4212,35788
60000,19,53747.0,55960,279.8,6253,53747
80000,19,71757.0,75335,376.68,8243,71757
100000,19,89597.0,91450,457.25,10403,89597
2,20,2.0,2,0.01,0,2
3,20,3.0,3,0.02,0,3
100,20,92.0,89,0.45,8,92
200,20,182.0,188,0.94,18,182
2000,20,1772.0,1950,9.75,228,1772
10000,20,8918.0,9728,48.64,1082,8918
20000,20,17902.0,19504,97.52,2098,17902
40000,20,35822.0,38607,193.04,4178,35822
60000,20,53666.0,47406,237.03,6334,53666
80000,20,71641.0,47875,239.38,8359,71641
100000,20,89624.0,48435,242.18,10376,89624
2,21,2.0,2,0.01,0,2
3,21,3.0,3,0.02,0,3
100,21,84.0,96,0.48,16,84
200,21,173.0,193,0.97,27,173
2000,21,1813.0,455,2.28,187,1813
10000,21,8981.0,678,3.39,1019,8981
20000,21,17996.0,919,4.6,2004,17996
40000,21,35997.0,1430,7.15,4003,35997
60000,21,54024.0,1924,9.62,5976,54024
80000,21,72040.0,2427,12.14,7960,72040
100000,21,90078.0,2932,14.66,9922,90078
2,22,2.0,2,0.01,0,2
3,22,3.0,3,0.02,0,3
100,22,85.0,100,0.5,15,85
200,22,174.0,192,0.96,26,174
2000,22,1784.0,247,1.24,216,1784
10000,22,8990.0,461,2.31,1010,8990
20000,22,18012.0,721,3.61,1988,18012
40000,22,35881.0,1169,5.85,4119,35881
60000,22,53895.0,1659,8.3,6105,53895
80000,22,71934.0,5093,25.47,8066,71934
100000,22,89955.0,5626,28.13,10045,89955
2,23,2.0,2,0.01,0,2
3,23,3.0,3,0.02,0,3
100,23,87.0,97,0.49,13,87
200,23,174.0,195,0.98,26,174
2000,23,1794.0,1909,9.55,206,1794
10000,23,8994.0,2565,12.83,1006,8994
20000,23,18007.0,2831,14.16,1993,18007
40000,23,35957.0,3331,16.66,4043,35957
60000,23,53995.0,3794,18.97,6005,53995
80000,23,72038.0,4297,21.49,7962,72038
100000,23,90026.0,4855,24.28,9974,90026
2,24,2.0,2,0.01,0,2
3,24,3.0,3,0.02,0,3
100,24,96.0,82,0.41,4,96
200,24,184.0,167,0.84,16,184
2000,24,1789.0,1671,8.36,211,1789
10000,24,8946.0,9466,47.33,1054,8946
20000,24,17915.0,17469,87.35,2085,17915
40000,24,35882.0,19726,98.63,4118,35882
60000,24,53912.0,20251,101.26,6088,53912
80000,24,71839.0,20710,103.55,8161,71839
100000,24,89882.0,21195,105.98,10118,89882
2,25,2.0,2,0.01,0,2
3,25,3.0,3,0.02,0,3
100,25,91.0,94,0.47,9,91
200,25,183.0,192,0.96,17,183
2000,25,1787.0,1951,9.76,213,1787
10000,25,8942.0,9773,48.87,1058,8942
20000,25,17910.0,19429,97.15,2090,17910
40000,25,35806.0,38798,193.99,4194,35806
60000,25,53787.0,40360,201.8,6213,53787
80000,25,71859.0,40848,204.24,8141,71859
100000,25,89909.0,41330,206.65,10091,89909
2,26,2.0,2,0.01,0,2
3,26,3.0,3,0.02,0,3
100,26,87.0,82,0.41,13,87
200,26,178.0,177,0.89,22,178
2000,26,1812.0,1927,9.64,188,1812
10000,26,9000.0,4051,20.26,1000,9000
20000,26,17976.0,4360,21.8,2024,17976
40000,26,35994.0,5005,25.03,4006,35994
60000,26,54105.0,5520,27.6,5895,54105
80000,26,72083.0,6053,30.27,7917,72083
100000,26,90080.0,6523,32.62,9920,90080
2,27,2.0,2,0.01,0,2
3,27,3.0,3,0.02,0,3
100,27,92.0,91,0.46,8,92
200,27,179.0,188,0.94,21,179
2000,27,1788.0,1941,9.71,212,1788
10000,27,8956.0,9730,48.65,1044,8956
20000,27,17891.0,18296,91.48,2109,17891
40000,27,35822.0,37749,188.75,4178,35822
60000,27,53803.0,57248,286.24,6197,53803
80000,27,71718.0,76774,383.87,8282,71718
100000,27,89608.0,96235,481.18,10392,89608
2,28,2.0,2,0.01,0,2
3,28,3.0,3,0.02,0,3
100,28,92.0,69,0.35,8,92
200,28,179.0,165,0.83,21,179
2000,28,1782.0,1716,8.58,218,1782
10000,28,8940.0,9516,47.58,1060,8940
20000,28,17828.0,19240,96.2,2172,17828
40000,28,35742.0,38470,192.35,4258,35742
60000,28,53666.0,57713,288.57,6334,53666
80000,28,71595.0,77198,385.99,8405,71595
100000,28,89538.0,81211,406.06,10462,89538
2,29,2.0,2,0.01,0,2
3,29,2.0,3,0.02,1,2
100,29,80.0,56,0.28,20,80
200,29,169.0,154,0.77,31,169
2000,29,1771.0,1902,9.51,229,1771
10000,29,8935.0,9705,48.53,1065,8935
20000,29,17954.0,19461,97.31,2046,17954
40000,29,35876.0,38983,194.92,4124,35876
60000,29,53720.0,57966,289.83,6280,53720
80000,29,71647.0,77476,387.38,8353,71647
100000,29,89603.0,96953,484.77,10397,89603
2,30,2.0,2,0.01,0,2
3,30,3.0,3,0.02,0,3
100,30,94.0,93,0.47,6,94
200,30,182.0,191,0.96,18,182
2000,30,1811.0,1939,9.7,189,1811
10000,30,8965.0,9742,48.71,1035,8965
20000,30,17906.0,19494,97.47,2094,17906
40000,30,35817.0,36227,181.14,4183,35817
60000,30,53866.0,36723,183.62,6134,53866
80000,30,71933.0,37227,186.14,8067,71933
100000,30,89971.0,37716,188.58,10029,89971
2,31,1.0,2,0.01,1,1
3,31,2.0,3,0.02,1,2
100,31,90.0,93,0.47,10,90
200,31,185.0,191,0.96,15,185
2000,31,1798.0,1952,9.76,202,1798
10000,31,8935.0,9730,48.65,1065,8935
20000,31,17882.0,19472,97.36,2118,17882
40000,31,35864.0,20795,103.98,4136,35864
60000,31,53832.0,21306,106.53,6168,53832
80000,31,71790.0,21862,109.31,8210,71790
100000,31,89778.0,22341,111.71,10222,89778
2,32,1.0,2,0.01,1,1
3,32,2.0,3,0.02,1,2
100,32,88.0,18,0.09,12,88
200,32,176.0,21,0.11,24,176
2000,32,1816.0,97,0.49,184,1816
10000,32,9000.0,398,1.99,1000,9000
20000,32,18015.0,662,3.31,1985,18015
40000,32,35984.0,1149,5.75,4016,35984
60000,32,53978.0,1668,8.34,6022,53978
80000,32,71946.0,2162,10.81,8054,71946
100000,32,89907.0,2643,13.22,10093,89907
2,33,2.0,2,0.01,0,2
3,33,2.0,3,0.02,1,2
100,33,90.0,60,0.3,10,90
200,33,181.0,61,0.31,19,181
2000,33,1793.0,137,0.69,207,1793
10000,33,8997.0,366,1.83,1003,8997
20000,33,17992.0,628,3.14,2008,17992
40000,33,36017.0,1129,5.65,3983,36017
60000,33,53972.0,1635,8.18,6028,53972
80000,33,72030.0,2164,10.82,7970,72030
100000,33,90016.0,2673,13.37,9984,90016
2,34,2.0,2,0.01,0,2
3,34,3.0,3,0.02,0,3
100,34,92.0,14,0.07,8,92
200,34,182.0,19,0.1,18,182
2000,34,1787.0,92,0.46,213,1787
10000,34,8948.0,6762,33.81,1052,8948
20000,34,17886.0,8757,43.79,2114,17886
40000,34,35862.0,9274,46.37,4138,35862
60000,34,53897.0,9729,48.65,6103,53897
80000,34,71922.0,10228,51.14,8078,71922
100000,34,89947.0,10741,53.71,10053,89947
2,35,2.0,2,0.01,0,2
3,35,3.0,3,0.02,0,3
100,35,92.0,91,0.46,8,92
200,35,180.0,127,0.64,20,180
2000,35,1791.0,168,0.84,209,1791
10000,35,8961.0,563,2.82,1039,8961
20000,35,17944.0,7038,35.19,2056,17944
40000,35,35901.0,14933,74.67,4099,35901
60000,35,53901.0,15437,77.19,6099,53901
80000,35,71921.0,15904,79.52,8079,71921
100000,35,89979.0,16382,81.91,10021,89979
2,36,2.0,2,0.01,0,2
3,36,3.0,3,0.02,0,3
100,36,91.0,92,0.46,9,91
200,36,177.0,127,0.64,23,177
2000,36,1795.0,170,0.85,205,1795
10000,36,9008.0,403,2.02,992,9008
20000,36,17965.0,666,3.33,2035,17965
40000,36,35883.0,1171,5.86,4117,35883
60000,36,53950.0,1646,8.23,6050,53950
80000,36,72021.0,6541,32.71,7979,72021
100000,36,90012.0,11634,58.17,9988,90012
2,37,2.0,2,0.01,0,2
3,37,3.0,3,0.02,0,3
100,37,93.0,98,0.49,7,93
200,37,183.0,194,0.97,17,183
2000,37,1798.0,591,2.96,202,1798
10000,37,8999.0,6664,33.32,1001,8999
20000,37,17953.0,16411,82.06,2047,17953
40000,37,35882.0,35886,179.43,4118,35882
60000,37,53767.0,55425,277.13,6233,53767
80000,37,71621.0,74910,374.55,8379,71621
100000,37,89543.0,93721,468.61,10457,89543
2,38,2.0,2,0.01,0,2
3,38,3.0,3,0.02,0,3
100,38,89.0,26,0.13,11,89
200,38,174.0,46,0.23,26,174
2000,38,1791.0,109,0.55,209,1791
10000,38,8951.0,359,1.8,1049,8951
20000,38,17897.0,1246,6.23,2103,17897
40000,38,35839.0,20744,103.72,4161,35839
60000,38,53823.0,40272,201.36,6177,53823
80000,38,71673.0,52804,264.02,8327,71673
100000,38,89716.0,53320,266.6,10284,89716
2,39,2.0,2,0.01,0,2
3,39,3.0,3,0.02,0,3
100,39,93.0,100,0.5,7,93
200,39,183.0,152,0.76,17,183
2000,39,1801.0,333,1.67,199,1801
10000,39,9015.0,548,2.74,985,9015
20000,39,18071.0,850,4.25,1929,18071
40000,39,36059.0,1322,6.61,3941,36059
60000,39,54060.0,1835,9.18,5940,54060
80000,39,72009.0,2334,11.67,7991,72009
100000,39,89993.0,2830,14.15,10007,89993
2,40,2.0,2,0.01,0,2
3,40,3.0,3,0.02,0,3
100,40,92.0,94,0.47,8,92
200,40,181.0,191,0.96,19,181
2000,40,1809.0,1513,7.57,191,1809
10000,40,8963.0,1857,9.29,1037,8963
20000,40,18001.0,2058,10.29,1999,18001
40000,40,35958.0,2570,12.85,4042,35958
60000,40,53931.0,3063,15.32,6069,53931
80000,40,71960.0,3535,17.68,8040,71960
100000,40,90010.0,4077,20.39,9990,90010
2,41,1.0,2,0.01,1,1
3,41,2.0,3,0.02,1,2
100,41,91.0,81,0.41,9,91
200,41,180.0,181,0.91,20,180
2000,41,1790.0,640,3.2,210,1790
10000,41,8975.0,916,4.58,1025,8975
20000,41,17986.0,1162,5.81,2014,17986
40000,41,35980.0,1631,8.16,4020,35980
60000,41,54000.0,2136,10.68,6000,54000
80000,41,72017.0,2625,13.13,7983,72017
100000,41,90031.0,3133,15.67,9969,90031
2,42,1.0,2,0.01,1,1
3,42,2.0,3,0.02,1,2
100,42,90.0,97,0.49,10,90
200,42,179.0,195,0.98,21,179
2000,42,1765.0,1861,9.31,235,1765
10000,42,8922.0,9668,48.34,1078,8922
20000,42,17917.0,19419,97.1,2083,17917
40000,42,35777.0,38721,193.61,4223,35777
60000,42,53630.0,50387,251.94,6370,53630
80000,42,71613.0,50874,254.37,8387,71613
100000,42,89553.0,51383,256.92,10447,89553
2,43,2.0,2,0.01,0,2
3,43,3.0,3,0.02,0,3
100,43,85.0,96,0.48,15,85
200,43,177.0,194,0.97,23,177
2000,43,1796.0,1939,9.7,204,1796
10000,43,9010.0,9106,45.53,990,9010
20000,43,17945.0,17625,88.13,2055,17945
40000,43,35776.0,36762,183.81,4224,35776
60000,43,53630.0,55798,278.99,6370,53630
80000,43,71648.0,63659,318.3,8352,71648
100000,43,89660.0,64167,320.84,10340,89660
2,44,1.0,2,0.01,1,1
3,44,2.0,3,0.02,1,2
100,44,95.0,63,0.32,5,95
200,44,183.0,74,0.37,17,183
2000,44,1804.0,145,0.73,196,1804
10000,44,8998.0,4142,20.71,1002,8998
20000,44,18006.0,4408,22.04,1994,18006
40000,44,36034.0,4892,24.46,3966,36034
60000,44,54081.0,5378,26.89,5919,54081
80000,44,72084.0,5879,29.4,7916,72084
100000,44,90061.0,6354,31.77,9939,90061
2,45,2.0,2,0.01,0,2
3,45,2.0,3,0.02,1,2
100,45,92.0,13,0.07,8,92
200,45,186.0,17,0.09,14,186
2000,45,1801.0,60,0.3,199,1801
10000,45,8918.0,322,1.61,1082,8918
20000,45,17889.0,6193,30.97,2111,17889
40000,45,35973.0,6683,33.42,4027,35973
60000,45,53990.0,7155,35.78,6010,53990
80000,45,71999.0,7633,38.17,8001,71999
100000,45,89986.0,8118,40.59,10014,89986
2,46,2.0,2,0.01,0,2
3,46,3.0,3,0.02,0,3
100,46,87.0,97,0.49,13,87
200,46,175.0,194,0.97,25,175
2000,46,1770.0,1635,8.18,230,1770
10000,46,8967.0,1851,9.26,1033,8967
20000,46,17960.0,2106,10.53,2040,17960
40000,46,35902.0,2619,13.1,4098,35902
60000,46,53902.0,3134,15.67,6098,53902
80000,46,71882.0,3642,18.21,8118,71882
100000,46,89910.0,4159,20.8,10090,89910
2,47,2.0,2,0.01,0,2
3,47,3.0,3,0.02,0,3
100,47,85.0,89,0.45,15,85
200,47,172.0,104,0.52,28,172
2000,47,1775.0,151,0.76,225,1775
10000,47,9032.0,380,1.9,968,9032
20000,47,18002.0,595,2.98,1998,18002
40000,47,35946.0,4430,22.15,4054,35946
60000,47,53930.0,4938,24.69,6070,53930
80000,47,71948.0,5419,27.1,8052,71948
100000,47,89869.0,5887,29.44,10131,89869
2,48,1.0,2,0.01,1,1
3,48,2.0,3,0.02,1,2
100,48,85.0,91,0.46,15,85
200,48,175.0,191,0.96,25,175
2000,48,1774.0,1944,9.72,226,1774
10000,48,8940.0,2903,14.52,1060,8940
20000,48,17867.0,3142,15.71,2133,17867
40000,48,35913.0,3591,17.96,4087,35913
60000,48,53889.0,4064,20.32,6111,53889
80000,48,71843.0,4550,22.75,8157,71843
100000,48,89833.0,5067,25.34,10167,89833
2,49,2.0,2,0.01,0,2
3,49,3.0,2,0.01,0,3
100,49,83.0,67,0.34,17,83
200,49,177.0,162,0.81,23,177
2000,49,1795.0,1290,6.45,205,1795
10000,49,8975.0,1482,7.41,1025,8975
20000,49,17976.0,1738,8.69,2024,17976
40000,49,35942.0,2208,11.04,4058,35942
60000,49,53994.0,2683,13.42,6006,53994
80000,49,71932.0,3182,15.91,8068,71932
100000,49,90042.0,3676,18.38,9958,90042
2,50,2.0,2,0.01,0,2
3,50,3.0,3,0.02,0,3
100,50,89.0,100,0.5,11,89
200,50,177.0,196,0.98,23,177
2000,50,1806.0,1943,9.72,194,1806
10000,50,8942.0,9771,48.86,1058,8942
20000,50,17949.0,19519,97.6,2051,17949
40000,50,35936.0,38806,194.03,4064,35936
60000,50,53865.0,57189,285.95,6135,53865
80000,50,71745.0,76697,383.49,8255,71745
100000,50,89734.0,96213,481.07,10266,89734
2,51,2.0,1,0.01,0,2
3,51,2.0,2,0.01,1,2
100,51,87.0,4,0.02,13,87
200,51,173.0,6,0.03,27,173
2000,51,1787.0,57,0.29,213,1787
10000,51,8999.0,288,1.44,1001,8999
20000,51,18037.0,529,2.65,1963,18037
40000,51,36049.0,1033,5.17,3951,36049
60000,51,54126.0,1554,7.77,5874,54126
80000,51,72156.0,2431,12.16,7844,72156
100000,51,90144.0,2947,14.74,9856,90144
2,52,2.0,2,0.01,0,2
3,52,3.0,3,0.02,0,3
100,52,90.0,14,0.07,10,90
200,52,185.0,19,0.1,15,185
2000,52,1814.0,62,0.31,186,1814
10000,52,8937.0,316,1.58,1063,8937
20000,52,17910.0,551,2.76,2090,17910
40000,52,35888.0,1048,5.24,4112,35888
60000,52,53924.0,1526,7.63,6076,53924
80000,52,71858.0,2019,10.1,8142,71858
100000,52,89815.0,2521,12.61,10185,89815
2,53,2.0,1,0.01,0,2
3,53,3.0,2,0.01,0,3
100,53,90.0,94,0.47,10,90
200,53,179.0,190,0.95,21,179
2000,53,1782.0,1931,9.66,218,1782
10000,53,8948.0,4037,20.19,1052,8948
20000,53,17900.0,4281,21.41,2100,17900
40000,53,35835.0,4778,23.89,4165,35835
60000,53,53906.0,5271,26.36,6094,53906
80000,53,71894.0,5758,28.79,8106,71894
100000,53,89904.0,6277,31.39,10096,89904
2,54,2.0,2,0.01,0,2
3,54,3.0,3,0.02,0,3
100,54,88.0,100,0.5,12,88
200,54,183.0,197,0.99,17,183
2000,54,1785.0,1938,9.69,215,1785
10000,54,8908.0,9356,46.78,1092,8908
20000,54,17873.0,18935,94.68,2127,17873
40000,54,35755.0,38402,192.01,4245,35755
60000,54,53627.0,57897,289.49,6373,53627
80000,54,71586.0,77075,385.38,8414,71586
100000,54,89556.0,93109,465.55,10444,89556
2,55,2.0,2,0.01,0,2
3,55,3.0,2,0.01,0,3
100,55,86.0,95,0.48,14,86
200,55,176.0,194,0.97,24,176
2000,55,1765.0,1949,9.75,235,1765
10000,55,8952.0,9749,48.75,1048,8952
20000,55,17975.0,19505,97.53,2025,17975
40000,55,35853.0,39002,195.01,4147,35853
60000,55,53708.0,58507,292.54,6292,53708
80000,55,71560.0,77964,389.82,8440,71560
100000,55,89382.0,96341,481.71,10618,89382
2,56,2.0,2,0.01,0,2
3,56,3.0,3,0.02,0,3
100,56,86.0,35,0.18,14,86
200,56,177.0,40,0.2,23,177
2000,56,1812.0,81,0.41,188,1812
10000,56,9036.0,278,1.39,964,9036
20000,56,18090.0,545,2.73,1910,18090
40000,56,36103.0,1042,5.21,3897,36103
60000,56,54063.0,1510,7.55,5937,54063
80000,56,72085.0,2056,10.28,7915,72085
100000,56,90051.0,2569,12.85,9949,90051
2,57,1.0,2,0.01,1,1
3,57,2.0,3,0.02,1,2
100,57,86.0,22,0.11,14,86
200,57,169.0,26,0.13,31,169
2000,57,1775.0,76,0.38,225,1775
10000,57,9007.0,1533,7.67,993,9007
20000,57,17982.0,4626,23.13,2018,17982
40000,57,35967.0,5120,25.6,4033,35967
60000,57,53999.0,5589,27.95,6001,53999
80000,57,71954.0,6059,30.3,8046,71954
100000,57,90009.0,6529,32.65,9991,90009
2,58,2.0,2,0.01,0,2
3,58,3.0,3,0.02,0,3
100,58,93.0,98,0.49,7,93
200,58,188.0,196,0.98,12,188
2000,58,1800.0,1962,9.81,200,1800
10000,58,8928.0,9786,48.93,1072,8928
20000,58,17910.0,19505,97.53,2090,17910
40000,58,35889.0,38980,194.9,4111,35889
60000,58,53838.0,58515,292.58,6162,53838
80000,58,71731.0,78021,390.11,8269,71731
100000,58,89618.0,97491,487.46,10382,89618
2,59,2.0,0,0.0,0,2
3,59,3.0,0,0.0,0,3
100,59,94.0,0,0.0,6,94
200,59,182.0,15,0.08,18,182
2000,59,1787.0,106,0.53,213,1787
10000,59,8995.0,330,1.65,1005,8995
20000,59,17996.0,594,2.97,2004,17996
40000,59,35949.0,1084,5.42,4051,35949
60000,59,53952.0,1572,7.86,6048,53952
80000,59,71947.0,2148,10.74,8053,71947
100000,59,89904.0,2683,13.42,10096,89904
2,60,2.0,2,0.01,0,2
3,60,3.0,3,0.02,0,3
100,60,93.0,27,0.14,7,93
200,60,179.0,30,0.15,21,179
2000,60,1817.0,1119,5.6,183,1817
10000,60,9030.0,4228,21.14,970,9030
20000,60,18029.0,5153,25.77,1971,18029
40000,60,36035.0,5659,28.3,3965,36035
60000,60,54019.0,6184,30.92,5981,54019
80000,60,72056.0,6701,33.51,7944,72056
100000,60,90085.0,7198,35.99,9915,90085
2,61,2.0,0,0.0,0,2
3,61,3.0,0,0.0,0,3
100,61,88.0,74,0.37,12,88
200,61,178.0,169,0.85,22,178
2000,61,1787.0,1930,9.65,213,1787
10000,61,8930.0,9602,48.01,1070,8930
20000,61,17896.0,19220,96.1,2104,17896
40000,61,35774.0,38709,193.55,4226,35774
60000,61,53718.0,56924,284.62,6282,53718
80000,61,71623.0,69549,347.75,8377,71623
100000,61,89623.0,70029,350.15,10377,89623
2,62,2.0,2,0.01,0,2
3,62,2.0,3,0.02,1,2
100,62,88.0,72,0.36,12,88
200,62,176.0,169,0.85,24,176
2000,62,1785.0,1903,9.52,215,1785
10000,62,8991.0,9710,48.55,1009,8991
20000,62,17903.0,19468,97.34,2097,17903
40000,62,35863.0,29090,145.45,4137,35863
60000,62,53850.0,29649,148.25,6150,53850
80000,62,71894.0,30147,150.74,8106,71894
100000,62,89919.0,30578,152.89,10081,89919
2,63,0.0,2,0.01,2,0
3,63,1.0,3,0.02,2,1
100,63,82.0,97,0.49,18,82
200,63,170.0,195,0.98,30,170
2000,63,1783.0,296,1.48,217,1783
10000,63,9006.0,485,2.43,994,9006
20000,63,17961.0,749,3.75,2039,17961
40000,63,35970.0,1193,5.97,4030,35970
60000,63,53982.0,1717,8.59,6018,53982
80000,63,71888.0,2285,11.43,8112,71888
100000,63,89922.0,2793,13.97,10078,89922
2,64,2.0,2,0.01,0,2
3,64,3.0,3,0.02,0,3
100,64,92.0,25,0.13,8,92
200,64,184.0,29,0.15,16,184
2000,64,1805.0,97,0.49,195,1805
10000,64,9023.0,364,1.82,977,9023
20000,64,18045.0,604,3.02,1955,18045
40000,64,36118.0,1108,5.54,3882,36118
60000,64,54184.0,1625,8.13,5816,54184
80000,64,72187.0,2108,10.54,7813,72187
100000,64,90251.0,2972,14.86,9749,90251
2,65,2.0,2,0.01,0,2
3,65,3.0,3,0.02,0,3
100,65,89.0,74,0.37,11,89
200,65,181.0,171,0.86,19,181
2000,65,1819.0,1883,9.42,181,1819
10000,65,8989.0,9695,48.48,1011,8989
20000,65,17983.0,19432,97.16,2017,17983
40000,65,35937.0,38899,194.5,4063,35937
60000,65,53801.0,58171,290.86,6199,53801
80000,65,71696.0,77260,386.3,8304,71696
100000,65,89646.0,96199,481.0,10354,89646
2,66,2.0,2,0.01,0,2
3,66,3.0,3,0.02,0,3
100,66,88.0,91,0.46,12,88
200,66,179.0,188,0.94,21,179
2000,66,1787.0,1950,9.75,213,1787
10000,66,8976.0,9665,48.33,1024,8976
20000,66,17955.0,18725,93.63,2045,17955
40000,66,35956.0,19225,96.13,4044,35956
60000,66,53899.0,19719,98.6,6101,53899
80000,66,71878.0,20205,101.03,8122,71878
100000,66,89857.0,20721,103.61,10143,89857
2,67,1.0,2,0.01,1,1
3,67,2.0,3,0.02,1,2
100,67,88.0,97,0.49,12,88
200,67,179.0,194,0.97,21,179
2000,67,1806.0,748,3.74,194,1806
10000,67,9071.0,940,4.7,929,9071
20000,67,18086.0,1187,5.94,1914,18086
40000,67,36079.0,2833,14.17,3921,36079
60000,67,54116.0,4994,24.97,5884,54116
80000,67,72101.0,5520,27.6,7899,72101
100000,67,90088.0,5992,29.96,9912,90088
2,68,2.0,2,0.01,0,2
3,68,3.0,3,0.02,0,3
100,68,94.0,100,0.5,6,94
200,68,186.0,196,0.98,14,186
2000,68,1797.0,1949,9.75,203,1797
10000,68,8918.0,9729,48.65,1082,8918
20000,68,17883.0,19320,96.6,2117,17883
40000,68,35773.0,38826,194.13,4227,35773
60000,68,53700.0,58368,291.84,6300,53700
80000,68,71560.0,77899,389.5,8440,71560
100000,68,89457.0,97380,486.9,10543,89457
2,69,2.0,2,0.01,0,2
3,69,3.0,3,0.02,0,3
100,69,86.0,98,0.49,14,86
200,69,177.0,196,0.98,23,177
2000,69,1787.0,1950,9.75,213,1787
10000,69,8934.0,9691,48.46,1066,8934
20000,69,17915.0,10768,53.84,2085,17915
40000,69,35876.0,11224,56.12,4124,35876
60000,69,53877.0,11757,58.79,6123,53877
80000,69,71860.0,12281,61.41,8140,71860
100000,69,89865.0,12783,63.92,10135,89865
2,70,2.0,2,0.01,0,2
3,70,3.0,3,0.02,0,3
100,70,88.0,28,0.14,12,88
200,70,185.0,31,0.16,15,185
2000,70,1805.0,74,0.37,195,1805
10000,70,9014.0,281,1.41,986,9014
20000,70,18039.0,508,2.54,1961,18039
40000,70,36007.0,995,4.98,3993,36007
60000,70,53962.0,1512,7.56,6038,53962
80000,70,71972.0,1999,10.0,8028,71972
100000,70,89900.0,2531,12.66,10100,89900
2,71,2.0,1,0.01,0,2
3,71,3.0,2,0.01,0,3
100,71,92.0,4,0.02,8,92
200,71,180.0,6,0.03,20,180
2000,71,1808.0,556,2.78,192,1808
10000,71,9022.0,1896,9.48,978,9022
20000,71,18026.0,4504,22.52,1974,18026
40000,71,35978.0,12641,63.21,4022,35978
60000,71,53996.0,14571,72.86,6004,53996
80000,71,72059.0,15073,75.37,7941,72059
100000,71,90041.0,15587,77.94,9959,90041
2,72,2.0,2,0.01,0,2
3,72,3.0,3,0.02,0,3
100,72,94.0,40,0.2,6,94
200,72,185.0,42,0.21,15,185
2000,72,1797.0,107,0.54,203,1797
10000,72,9016.0,463,2.32,984,9016
20000,72,18007.0,712,3.56,1993,18007
40000,72,35947.0,1229,6.15,4053,35947
60000,72,53940.0,1729,8.65,6060,53940
80000,72,71890.0,2313,11.57,8110,71890
100000,72,89901.0,2846,14.23,10099,89901
2,73,1.0,2,0.01,1,1
3,73,2.0,3,0.02,1,2
100,73,89.0,7,0.04,11,89
200,73,179.0,8,0.04,21,179
2000,73,1775.0,43,0.22,225,1775
10000,73,8963.0,251,1.26,1037,8963
20000,73,17974.0,519,2.6,2026,17974
40000,73,35989.0,1005,5.03,4011,35989
60000,73,53986.0,1532,7.66,6014,53986
80000,73,71994.0,2430,12.15,8006,71994
100000,73,89955.0,3028,15.14,10045,89955
2,74,2.0,2,0.01,0,2
3,74,3.0,3,0.02,0,3
100,74,91.0,92,0.46,9,91
200,74,178.0,191,0.96,22,178
2000,74,1783.0,1949,9.75,217,1783
10000,74,8957.0,6182,30.91,1043,8957
20000,74,17970.0,6434,32.17,2030,17970
40000,74,35963.0,6929,34.65,4037,35963
60000,74,53966.0,7437,37.19,6034,53966
80000,74,71948.0,7967,39.84,8052,71948
100000,74,89921.0,8490,42.45,10079,89921
2,75,0.0,2,0.01,2,0
3,75,1.0,3,0.02,2,1
100,75,86.0,56,0.28,14,86
200,75,178.0,147,0.74,22,178
2000,75,1782.0,1901,9.51,218,1782
10000,75,8913.0,9718,48.59,1087,8913
20000,75,17863.0,19473,97.37,2137,17863
40000,75,35808.0,38927,194.64,4192,35808
60000,75,53678.0,58388,291.94,6322,53678
80000,75,71605.0,77895,389.48,8395,71605
100000,75,89499.0,97398,486.99,10501,89499
2,76,2.0,2,0.01,0,2
3,76,3.0,3,0.02,0,3
100,76,84.0,88,0.44,16,84
200,76,176.0,92,0.46,24,176
2000,76,1826.0,138,0.69,174,1826
10000,76,9031.0,333,1.67,969,9031
20000,76,18054.0,569,2.85,1946,18054
40000,76,36088.0,1069,5.35,3912,36088
60000,76,54049.0,1602,8.01,5951,54049
80000,76,72109.0,2133,10.67,7891,72109
100000,76,90150.0,2680,13.4,9850,90150
2,77,2.0,0,0.0,0,2
3,77,2.0,0,0.0,1,2
100,77,92.0,18,0.09,8,92
200,77,185.0,23,0.12,15,185
2000,77,1792.0,588,2.94,208,1792
10000,77,8962.0,7878,39.39,1038,8962
20000,77,17907.0,17640,88.2,2093,17907
40000,77,35840.0,37159,185.8,4160,35840
60000,77,53757.0,56628,283.14,6243,53757
80000,77,71651.0,76125,380.63,8349,71651
100000,77,89509.0,95637,478.19,10491,89509
2,78,2.0,2,0.01,0,2
3,78,3.0,3,0.02,0,3
100,78,88.0,30,0.15,12,88
200,78,177.0,32,0.16,23,177
2000,78,1785.0,226,1.13,215,1785
10000,78,8982.0,654,3.27,1018,8982
20000,78,17975.0,2859,14.3,2025,17975
40000,78,35956.0,11426,57.13,4044,35956
60000,78,53981.0,11924,59.62,6019,53981
80000,78,71920.0,12430,62.15,8080,71920
100000,78,89933.0,12922,64.61,10067,89933
2,79,2.0,2,0.01,0,2
3,79,3.0,3,0.02,0,3
100,79,92.0,81,0.41,8,92
200,79,181.0,179,0.9,19,181
2000,79,1770.0,1464,7.32,230,1770
10000,79,8975.0,1658,8.29,1025,8975
20000,79,17959.0,1939,9.7,2041,17959
40000,79,35987.0,2427,12.14,4013,35987
60000,79,53931.0,2931,14.66,6069,53931
80000,79,71901.0,3448,17.24,8099,71901
100000,79,89866.0,3920,19.6,10134,89866
2,80,2.0,2,0.01,0,2
3,80,3.0,3,0.02,0,3
100,80,86.0,31,0.16,14,86
200,80,175.0,34,0.17,25,175
2000,80,1819.0,71,0.36,181,1819
10000,80,9014.0,290,1.45,986,9014
20000,80,18037.0,530,2.65,1963,18037
40000,80,36061.0,1022,5.11,3939,36061
60000,80,54052.0,1515,7.58,5948,54052
80000,80,72005.0,1991,9.96,7995,72005
100000,80,90002.0,2499,12.5,9998,90002
2,81,2.0,2,0.01,0,2
3,81,3.0,3,0.02,0,3
100,81,95.0,99,0.5,5,95
200,81,179.0,198,0.99,21,179
2000,81,1785.0,487,2.44,215,1785
10000,81,8989.0,697,3.49,1011,8989
20000,81,17978.0,927,4.64,2022,17978
40000,81,36011.0,1762,8.81,3989,36011
60000,81,54017.0,2350,11.75,5983,54017
80000,81,71977.0,2855,14.28,8023,71977
100000,81,90005.0,3365,16.83,9995,90005
2,82,2.0,2,0.01,0,2
3,82,3.0,3,0.02,0,3
100,82,92.0,92,0.46,8,92
200,82,179.0,184,0.92,21,179
2000,82,1803.0,1942,9.71,197,1803
10000,82,8971.0,9736,48.68,1029,8971
20000,82,17912.0,19497,97.49,2088,17912
40000,82,35729.0,38966,194.83,4271,35729
60000,82,53630.0,57768,288.84,6370,53630
80000,82,71495.0,76864,384.32,8505,71495
100000,82,89440.0,82246,411.23,10560,89440
2,83,1.0,1,0.01,1,1
3,83,1.0,2,0.01,2,1
100,83,83.0,97,0.49,17,83
200,83,173.0,193,0.97,27,173
2000,83,1786.0,638,3.19,214,1786
10000,83,9041.0,911,4.56,959,9041
20000,83,18035.0,1157,5.79,1965,18035
40000,83,35986.0,1660,8.3,4014,35986
60000,83,54043.0,2173,10.87,5957,54043
80000,83,72103.0,2664,13.32,7897,72103
100000,83,90071.0,3125,15.63,9929,90071
2,84,2.0,2,0.01,0,2
3,84,3.0,3,0.02,0,3
100,84,89.0,93,0.47,11,89
200,84,170.0,190,0.95,30,170
2000,84,1798.0,1947,9.74,202,1798
10000,84,9020.0,4849,24.25,980,9020
20000,84,17987.0,5315,26.58,2013,17987
40000,84,35928.0,8438,42.19,4072,35928
60000,84,53892.0,10268,51.34,6108,53892
80000,84,71780.0,11516,57.58,8220,71780
100000,84,89838.0,12029,60.15,10162,89838
2,85,2.0,2,0.01,0,2
3,85,3.0,3,0.02,0,3
100,85,89.0,88,0.44,11,89
200,85,175.0,187,0.94,25,175
2000,85,1813.0,1922,9.61,187,1813
10000,85,8982.0,6558,32.79,1018,8982
20000,85,17937.0,6791,33.96,2063,17937
40000,85,35980.0,7373,36.87,4020,35980
60000,85,53993.0,7881,39.41,6007,53993
80000,85,71935.0,8368,41.84,8065,71935
100000,85,89926.0,8884,44.42,10074,89926
2,86,2.0,2,0.01,0,2
3,86,3.0,3,0.02,0,3
100,86,86.0,10,0.05,14,86
200,86,173.0,16,0.08,27,173
2000,86,1793.0,59,0.3,207,1793
10000,86,8994.0,465,2.33,1006,8994
20000,86,17989.0,871,4.36,2011,17989
40000,86,35995.0,1384,6.92,4005,35995
60000,86,54008.0,1934,9.67,5992,54008
80000,86,71973.0,3125,15.63,8027,71973
100000,86,89966.0,3583,17.92,10034,89966
2,87,2.0,2,0.01,0,2
3,87,3.0,3,0.02,0,3
100,87,88.0,100,0.5,12,88
200,87,174.0,196,0.98,26,174
2000,87,1774.0,1896,9.48,226,1774
10000,87,8949.0,3174,15.87,1051,8949
20000,87,17984.0,3399,17.0,2016,17984
40000,87,36006.0,3886,19.43,3994,36006
60000,87,53955.0,4397,21.99,6045,53955
80000,87,71922.0,4891,24.46,8078,71922
100000,87,90044.0,5412,27.06,9956,90044
2,88,2.0,2,0.01,0,2
3,88,3.0,3,0.02,0,3
100,88,88.0,97,0.49,12,88
200,88,174.0,197,0.99,26,174
2000,88,1790.0,1960,9.8,210,1790
10000,88,8957.0,9326,46.63,1043,8957
20000,88,17915.0,16701,83.51,2085,17915
40000,88,35800.0,36169,180.85,4200,35800
60000,88,53721.0,55642,278.21,6279,53721
80000,88,71532.0,75129,375.65,8468,71532
100000,88,89404.0,94654,473.27,10596,89404
2,89,2.0,2,0.01,0,2
3,89,3.0,3,0.02,0,3
100,89,88.0,90,0.45,12,88
200,89,171.0,187,0.94,29,171
2000,89,1788.0,1949,9.75,212,1788
10000,89,8974.0,9751,48.76,1026,8974
20000,89,17922.0,19505,97.53,2078,17922
40000,89,35795.0,38698,193.49,4205,35795
60000,89,53677.0,56368,281.84,6323,53677
80000,89,71695.0,56877,284.39,8305,71695
100000,89,89650.0,57418,287.09,10350,89650
2,90,2.0,2,0.01,0,2
3,90,3.0,3,0.02,0,3
100,90,94.0,97,0.49,6,94
200,90,186.0,196,0.98,14,186
2000,90,1812.0,1948,9.74,188,1812
10000,90,8997.0,9157,45.79,1003,8997
20000,90,17915.0,18497,92.49,2085,17915
40000,90,35806.0,37946,189.73,4194,35806
60000,90,53802.0,50794,253.97,6198,53802
80000,90,71688.0,51300,256.5,8312,71688
100000,90,89659.0,51805,259.03,10341,89659
2,91,1.0,2,0.01,1,1
3,91,2.0,3,0.02,1,2
100,91,87.0,96,0.48,13,87
200,91,175.0,194,0.97,25,175
2000,91,1787.0,1943,9.72,213,1787
10000,91,8915.0,9055,45.28,1085,8915
20000,91,17896.0,9336,46.68,2104,17896
40000,91,35895.0,9810,49.05,4105,35895
60000,91,53897.0,10335,51.68,6103,53897
80000,91,71881.0,10802,54.01,8119,71881
100000,91,89942.0,11321,56.61,10058,89942
2,92,2.0,2,0.01,0,2
3,92,3.0,3,0.02,0,3
100,92,91.0,95,0.48,9,91
200,92,178.0,192,0.96,22,178
2000,92,1818.0,449,2.25,182,1818
10000,92,9068.0,645,3.23,932,9068
20000,92,18096.0,867,4.34,1904,18096
40000,92,36095.0,1366,6.83,3905,36095
60000,92,54147.0,1863,9.32,5853,54147
80000,92,72237.0,2397,11.99,7763,72237
100000,92,90180.0,2899,14.5,9820,90180
2,93,2.0,2,0.01,0,2
3,93,3.0,3,0.02,0,3
100,93,86.0,96,0.48,14,86
200,93,177.0,193,0.97,23,177
2000,93,1791.0,1946,9.73,209,1791
10000,93,8978.0,2462,12.31,1022,8978
20000,93,18015.0,2700,13.5,1985,18015
40000,93,36037.0,3181,15.91,3963,36037
60000,93,54048.0,3690,18.45,5952,54048
80000,93,71956.0,4216,21.08,8044,71956
100000,93,89964.0,4752,23.76,10036,89964
2,94,2.0,2,0.01,0,2
3,94,3.0,3,0.02,0,3
100,94,91.0,95,0.48,9,91
200,94,179.0,193,0.97,21,179
2000,94,1799.0,1935,9.68,201,1799
10000,94,8951.0,9714,48.57,1049,8951
20000,94,17897.0,19448,97.24,2103,17897
40000,94,35743.0,38917,194.59,4257,35743
60000,94,53723.0,54627,273.14,6277,53723
80000,94,71729.0,55116,275.58,8271,71729
100000,94,89709.0,55653,278.27,10291,89709
2,95,2.0,2,0.01,0,2
3,95,3.0,3,0.02,0,3
100,95,91.0,98,0.49,9,91
200,95,185.0,195,0.98,15,185
2000,95,1801.0,1946,9.73,199,1801
10000,95,8929.0,9745,48.73,1071,8929
20000,95,17903.0,19515,97.58,2097,17903
40000,95,35711.0,39001,195.01,4289,35711
60000,95,53629.0,58497,292.49,6371,53629
80000,95,71575.0,78019,390.1,8425,71575
100000,95,89480.0,97499,487.5,10520,89480
2,96,2.0,2,0.01,0,2
3,96,3.0,3,0.02,0,3
100,96,89.0,17,0.09,11,89
200,96,181.0,20,0.1,19,181
2000,96,1779.0,65,0.33,221,1779
10000,96,9012.0,261,1.31,988,9012
20000,96,18013.0,1027,5.14,1987,18013
40000,96,36030.0,1540,7.7,3970,36030
60000,96,54032.0,2018,10.09,5968,54032
80000,96,72037.0,2528,12.64,7963,72037
100000,96,90048.0,3025,15.13,9952,90048
2,97,2.0,2,0.01,0,2
3,97,3.0,3,0.02,0,3
100,97,89.0,100,0.5,11,89
200,97,180.0,188,0.94,20,180
2000,97,1792.0,1951,9.76,208,1792
10000,97,8947.0,9735,48.68,1053,8947
20000,97,17920.0,19481,97.41,2080,17920
40000,97,35747.0,38962,194.81,4253,35747
60000,97,53651.0,56305,281.53,6349,53651
80000,97,71512.0,71929,359.65,8488,71512
100000,97,89432.0,73511,367.56,10568,89432
2,98,2.0,2,0.01,0,2
3,98,3.0,3,0.02,0,3
100,98,94.0,99,0.5,6,94
200,98,179.0,194,0.97,21,179
2000,98,1791.0,1949,9.75,209,1791
10000,98,8945.0,9763,48.82,1055,8945
20000,98,17908.0,19475,97.38,2092,17908
40000,98,35712.0,35631,178.16,4288,35712
60000,98,53707.0,36522,182.61,6293,53707
80000,98,71636.0,37025,185.13,8364,71636
100000,98,89615.0,37569,187.85,10385,89615
2,99,2.0,2,0.01,0,2
3,99,3.0,3,0.02,0,3
100,99,85.0,98,0.49,15,85
200,99,179.0,197,0.99,21,179
2000,99,1798.0,1965,9.83,202,1798
10000,99,8990.0,9758,48.79,1010,8990
20000,99,17888.0,19470,97.35,2112,17888
40000,99,35787.0,35368,176.84,4213,35787
60000,99,53837.0,35891,179.46,6163,53837
80000,99,71789.0,36404,182.02,8211,71789
100000,99,89825.0,36901,184.51,10175,89825
2,100,2.0,2,0.01,0,2
3,100,3.0,3,0.02,0,3
100,100,94.0,93,0.47,6,94
200,100,184.0,191,0.96,16,184
2000,100,1788.0,1067,5.34,212,1788
10000,100,8977.0,8869,44.35,1023,8977
20000,100,17967.0,18623,93.12,2033,17967
40000,100,35902.0,38105,190.53,4098,35902
60000,100,53789.0,57536,287.68,6211,53789
80000,100,71699.0,77039,385.2,8301,71699
100000,100,89614.0,96550,482.75,10386,89614
