Timestep,Iteration,Total Reward,Suboptimal Arms,Total Regret,Zeros Count,Ones Count
2,1,0.0,2,0.2,2,0
3,1,1.0,3,0.3,2,1
100,1,84.0,43,4.3,16,84
200,1,172.0,44,4.4,28,172
2000,1,1795.0,89,8.9,205,1795
10000,1,8967.0,280,28.0,1033,8967
20000,1,17935.0,514,51.4,2065,17935
40000,1,35909.0,1002,100.2,4091,35909
60000,1,53902.0,1524,152.4,6098,53902
80000,1,71849.0,2010,201.0,8151,71849
100000,1,89726.0,2495,249.5,10274,89726
2,2,1.0,2,0.2,1,1
3,2,1.0,3,0.3,2,1
100,2,80.0,97,9.7,20,80
200,2,158.0,196,19.6,42,158
2000,2,1801.0,243,24.3,199,1801
10000,2,8956.0,470,47.0,1044,8956
20000,2,17969.0,717,71.7,2031,17969
40000,2,36047.0,1201,120.1,3953,36047
60000,2,54023.0,1724,172.4,5977,54023
80000,2,71970.0,2172,217.2,8030,71970
100000,2,89917.0,2618,261.8,10083,89917
2,3,2.0,2,0.2,0,2
3,3,3.0,3,0.3,0,3
100,3,83.0,97,9.7,17,83
200,3,167.0,182,18.2,33,167
2000,3,1749.0,593,59.3,251,1749
10000,3,8913.0,798,79.8,1087,8913
20000,3,17898.0,1045,104.5,2102,17898
40000,3,35841.0,1531,153.1,4159,35841
60000,3,53832.0,2031,203.1,6168,53832
80000,3,71798.0,2548,254.8,8202,71798
100000,3,89701.0,3046,304.6,10299,89701
2,4,2.0,2,0.2,0,2
3,4,2.0,3,0.3,1,2
100,4,91.0,20,2.0,9,91
200,4,179.0,23,2.3,21,179
2000,4,1784.0,77,7.7,216,1784
10000,4,8967.0,283,28.3,1033,8967
20000,4,17884.0,575,57.5,2116,17884
40000,4,35868.0,1077,107.7,4132,35868
60000,4,53823.0,1573,157.3,6177,53823
80000,4,71781.0,2058,205.8,8219,71781
100000,4,89744.0,2570,257.0,10256,89744
2,5,2.0,2,0.2,0,2
3,5,3.0,3,0.3,0,3
100,5,81.0,83,8.3,19,81
200,5,173.0,86,8.6,27,173
2000,5,1791.0,140,14.0,209,1791
10000,5,8939.0,337,33.7,1061,8939
20000,5,17924.0,585,58.5,2076,17924
40000,5,35827.0,1070,107.0,4173,35827
60000,5,53742.0,1578,157.8,6258,53742
80000,5,71715.0,2071,207.1,8285,71715
100000,5,89672.0,2546,254.6,10328,89672
2,6,2.0,2,0.2,0,2
3,6,3.0,2,0.2,0,3
100,6,86.0,67,6.7,14,86
200,6,179.0,69,6.9,21,179
2000,6,1805.0,121,12.1,195,1805
10000,6,8972.0,335,33.5,1028,8972
20000,6,17982.0,587,58.7,2018,17982
40000,6,35934.0,1120,112.0,4066,35934
60000,6,53926.0,1648,164.8,6074,53926
80000,6,71822.0,2147,214.7,8178,71822
100000,6,89873.0,2678,267.8,10127,89873
2,7,2.0,2,0.2,0,2
3,7,3.0,3,0.3,0,3
100,7,87.0,63,6.3,13,87
200,7,172.0,73,7.3,28,172
2000,7,1796.0,119,11.9,204,1796
10000,7,8937.0,315,31.5,1063,8937
20000,7,17906.0,549,54.9,2094,17906
40000,7,35818.0,1049,104.9,4182,35818
60000,7,53826.0,1550,155.0,6174,53826
80000,7,71799.0,2026,202.6,8201,71799
100000,7,89696.0,2597,259.7,10304,89696
2,8,1.0,2,0.2,1,1
3,8,2.0,3,0.3,1,2
100,8,90.0,7,0.7,10,90
200,8,181.0,8,0.8,19,181
2000,8,1795.0,54,5.4,205,1795
10000,8,8960.0,255,25.5,1040,8960
20000,8,17958.0,524,52.4,2042,17958
40000,8,35946.0,1025,102.5,4054,35946
60000,8,53883.0,1524,152.4,6117,53883
80000,8,71856.0,1982,198.2,8144,71856
100000,8,89852.0,2473,247.3,10148,89852
2,9,1.0,2,0.2,1,1
3,9,2.0,2,0.2,1,2
100,9,88.0,4,0.4,12,88
200,9,181.0,8,0.8,19,181
2000,9,1785.0,48,4.8,215,1785
10000,9,8946.0,253,25.3,1054,8946
20000,9,17934.0,542,54.2,2066,17934
40000,9,35901.0,1031,103.1,4099,35901
60000,9,53899.0,1502,150.2,6101,53899
80000,9,71839.0,1979,197.9,8161,71839
100000,9,89818.0,2480,248.0,10182,89818
2,10,2.0,2,0.2,0,2
3,10,2.0,3,0.3,1,2
100,10,86.0,37,3.7,14,86
200,10,177.0,39,3.9,23,177
2000,10,1801.0,77,7.7,199,1801
10000,10,8995.0,257,25.7,1005,8995
20000,10,17963.0,487,48.7,2037,17963
40000,10,35863.0,1025,102.5,4137,35863
60000,10,53844.0,1545,154.5,6156,53844
80000,10,71815.0,2020,202.0,8185,71815
100000,10,89744.0,2515,251.5,10256,89744
2,11,2.0,0,0.0,0,2
3,11,3.0,0,0.0,0,3
100,11,87.0,8,0.8,13,87
200,11,180.0,10,1.0,20,180
2000,11,1794.0,62,6.2,206,1794
10000,11,8948.0,247,24.7,1052,8948
20000,11,17915.0,506,50.6,2085,17915
40000,11,35896.0,979,97.9,4104,35896
60000,11,53783.0,1475,147.5,6217,53783
80000,11,71764.0,1979,197.9,8236,71764
100000,11,89766.0,2511,251.1,10234,89766
2,12,2.0,2,0.2,0,2
3,12,3.0,2,0.2,0,3
100,12,88.0,15,1.5,12,88
200,12,175.0,15,1.5,25,175
2000,12,1760.0,62,6.2,240,1760
10000,12,8975.0,257,25.7,1025,8975
20000,12,17951.0,513,51.3,2049,17951
40000,12,35914.0,1030,103.0,4086,35914
60000,12,53852.0,1495,149.5,6148,53852
80000,12,71859.0,1966,196.6,8141,71859
100000,12,89795.0,2475,247.5,10205,89795
2,13,1.0,2,0.2,1,1
3,13,2.0,2,0.2,1,2
100,13,88.0,2,0.2,12,88
200,13,181.0,4,0.4,19,181
2000,13,1824.0,57,5.7,176,1824
10000,13,8993.0,227,22.7,1007,8993
20000,13,17976.0,473,47.3,2024,17976
40000,13,35945.0,952,95.2,4055,35945
60000,13,53937.0,1479,147.9,6063,53937
80000,13,71937.0,2022,202.2,8063,71937
100000,13,89882.0,2540,254.0,10118,89882
2,14,1.0,2,0.2,1,1
3,14,2.0,3,0.3,1,2
100,14,86.0,56,5.6,14,86
200,14,178.0,59,5.9,22,178
2000,14,1801.0,108,10.8,199,1801
10000,14,8979.0,312,31.2,1021,8979
20000,14,17915.0,556,55.6,2085,17915
40000,14,35878.0,1067,106.7,4122,35878
60000,14,53877.0,1562,156.2,6123,53877
80000,14,71819.0,2050,205.0,8181,71819
100000,14,89764.0,2563,256.3,10236,89764
2,15,1.0,0,0.0,1,1
3,15,2.0,0,0.0,1,2
100,15,79.0,8,0.8,21,79
200,15,168.0,9,0.9,32,168
2000,15,1791.0,64,6.4,209,1791
10000,15,9000.0,254,25.4,1000,9000
20000,15,18006.0,505,50.5,1994,18006
40000,15,35981.0,1039,103.9,4019,35981
60000,15,53913.0,1540,154.0,6087,53913
80000,15,71848.0,2055,205.5,8152,71848
100000,15,89792.0,2555,255.5,10208,89792
2,16,2.0,2,0.2,0,2
3,16,3.0,3,0.3,0,3
100,16,86.0,96,9.6,14,86
200,16,172.0,120,12.0,28,172
2000,16,1777.0,166,16.6,223,1777
10000,16,8907.0,374,37.4,1093,8907
20000,16,17936.0,640,64.0,2064,17936
40000,16,35880.0,1169,116.9,4120,35880
60000,16,53822.0,1670,167.0,6178,53822
80000,16,71786.0,2199,219.9,8214,71786
100000,16,89816.0,2708,270.8,10184,89816
2,17,0.0,2,0.2,2,0
3,17,1.0,3,0.3,2,1
100,17,75.0,76,7.6,25,75
200,17,170.0,81,8.1,30,170
2000,17,1793.0,115,11.5,207,1793
10000,17,8983.0,318,31.8,1017,8983
20000,17,17976.0,587,58.7,2024,17976
40000,17,35874.0,1080,108.0,4126,35874
60000,17,53773.0,1581,158.1,6227,53773
80000,17,71696.0,2115,211.5,8304,71696
100000,17,89612.0,2585,258.5,10388,89612
2,18,2.0,2,0.2,0,2
3,18,2.0,3,0.3,1,2
100,18,87.0,20,2.0,13,87
200,18,175.0,22,2.2,25,175
2000,18,1804.0,57,5.7,196,1804
10000,18,8994.0,262,26.2,1006,8994
20000,18,17963.0,513,51.3,2037,17963
40000,18,35821.0,1016,101.6,4179,35821
60000,18,53790.0,1525,152.5,6210,53790
80000,18,71705.0,2033,203.3,8295,71705
100000,18,89628.0,2535,253.5,10372,89628
2,19,2.0,2,0.2,0,2
3,19,3.0,3,0.3,0,3
100,19,78.0,100,10.0,22,78
200,19,159.0,196,19.6,41,159
2000,19,1785.0,256,25.6,215,1785
10000,19,8960.0,450,45.0,1040,8960
20000,19,17907.0,697,69.7,2093,17907
40000,19,35924.0,1185,118.5,4076,35924
60000,19,53902.0,1713,171.3,6098,53902
80000,19,71819.0,2179,217.9,8181,71819
100000,19,89790.0,2659,265.9,10210,89790
2,20,2.0,2,0.2,0,2
3,20,3.0,3,0.3,0,3
100,20,81.0,98,9.8,19,81
200,20,163.0,194,19.4,37,163
2000,20,1615.0,1943,194.3,385,1615
10000,20,8792.0,2315,231.5,1208,8792
20000,20,17781.0,2552,255.2,2219,17781
40000,20,35767.0,3019,301.9,4233,35767
60000,20,53678.0,3505,350.5,6322,53678
80000,20,71585.0,3979,397.9,8415,71585
100000,20,89594.0,4496,449.6,10406,89594
2,21,1.0,2,0.2,1,1
3,21,2.0,3,0.3,1,2
100,21,85.0,21,2.1,15,85
200,21,178.0,24,2.4,22,178
2000,21,1800.0,63,6.3,200,1800
10000,21,9012.0,296,29.6,988,9012
20000,21,17948.0,543,54.3,2052,17948
40000,21,35880.0,1055,105.5,4120,35880
60000,21,53885.0,1562,156.2,6115,53885
80000,21,71846.0,2081,208.1,8154,71846
100000,21,89821.0,2585,258.5,10179,89821
2,22,2.0,2,0.2,0,2
3,22,3.0,3,0.3,0,3
100,22,74.0,82,8.2,26,74
200,22,163.0,84,8.4,37,163
2000,22,1775.0,122,12.2,225,1775
10000,22,8947.0,310,31.0,1053,8947
20000,22,17928.0,553,55.3,2072,17928
40000,22,35874.0,1041,104.1,4126,35874
60000,22,53816.0,1516,151.6,6184,53816
80000,22,71755.0,2066,206.6,8245,71755
100000,22,89747.0,2583,258.3,10253,89747
2,23,1.0,2,0.2,1,1
3,23,2.0,3,0.3,1,2
100,23,89.0,22,2.2,11,89
200,23,178.0,24,2.4,22,178
2000,23,1809.0,68,6.8,191,1809
10000,23,8978.0,278,27.8,1022,8978
20000,23,17984.0,540,54.0,2016,17984
40000,23,35889.0,1044,104.4,4111,35889
60000,23,53866.0,1554,155.4,6134,53866
80000,23,71761.0,2054,205.4,8239,71761
100000,23,89615.0,2540,254.0,10385,89615
2,24,2.0,2,0.2,0,2
3,24,3.0,3,0.3,0,3
100,24,86.0,21,2.1,14,86
200,24,181.0,23,2.3,19,181
2000,24,1786.0,81,8.1,214,1786
10000,24,8955.0,266,26.6,1045,8955
20000,24,17950.0,482,48.2,2050,17950
40000,24,35863.0,981,98.1,4137,35863
60000,24,53745.0,1465,146.5,6255,53745
80000,24,71679.0,1989,198.9,8321,71679
100000,24,89681.0,2472,247.2,10319,89681
2,25,1.0,2,0.2,1,1
3,25,2.0,3,0.3,1,2
100,25,81.0,97,9.7,19,81
200,25,161.0,197,19.7,39,161
2000,25,1760.0,385,38.5,240,1760
10000,25,8915.0,570,57.0,1085,8915
20000,25,17884.0,804,80.4,2116,17884
40000,25,35830.0,1311,131.1,4170,35830
60000,25,53818.0,1761,176.1,6182,53818
80000,25,71810.0,2244,224.4,8190,71810
100000,25,89742.0,2754,275.4,10258,89742
2,26,2.0,2,0.2,0,2
3,26,3.0,3,0.3,0,3
100,26,83.0,81,8.1,17,83
200,26,173.0,82,8.2,27,173
2000,26,1797.0,131,13.1,203,1797
10000,26,8999.0,354,35.4,1001,8999
20000,26,18010.0,619,61.9,1990,18010
40000,26,35927.0,1144,114.4,4073,35927
60000,26,53854.0,1649,164.9,6146,53854
80000,26,71846.0,2135,213.5,8154,71846
100000,26,89836.0,2618,261.8,10164,89836
2,27,2.0,2,0.2,0,2
3,27,3.0,3,0.3,0,3
100,27,79.0,78,7.8,21,79
200,27,174.0,81,8.1,26,174
2000,27,1787.0,128,12.8,213,1787
10000,27,8972.0,336,33.6,1028,8972
20000,27,17959.0,557,55.7,2041,17959
40000,27,35961.0,1095,109.5,4039,35961
60000,27,53913.0,1583,158.3,6087,53913
80000,27,71900.0,2098,209.8,8100,71900
100000,27,89807.0,2586,258.6,10193,89807
2,28,1.0,2,0.2,1,1
3,28,2.0,3,0.3,1,2
100,28,82.0,35,3.5,18,82
200,28,171.0,37,3.7,29,171
2000,28,1780.0,86,8.6,220,1780
10000,28,9009.0,311,31.1,991,9009
20000,28,17967.0,555,55.5,2033,17967
40000,28,35864.0,1015,101.5,4136,35864
60000,28,53852.0,1511,151.1,6148,53852
80000,28,71857.0,2024,202.4,8143,71857
100000,28,89788.0,2540,254.0,10212,89788
2,29,2.0,2,0.2,0,2
3,29,3.0,2,0.2,0,3
100,29,95.0,8,0.8,5,95
200,29,186.0,15,1.5,14,186
2000,29,1806.0,58,5.8,194,1806
10000,29,9007.0,258,25.8,993,9007
20000,29,18000.0,512,51.2,2000,18000
40000,29,35964.0,1055,105.5,4036,35964
60000,29,53909.0,1538,153.8,6091,53909
80000,29,71861.0,2007,200.7,8139,71861
100000,29,89804.0,2499,249.9,10196,89804
2,30,2.0,2,0.2,0,2
3,30,2.0,3,0.3,1,2
100,30,84.0,98,9.8,16,84
200,30,173.0,98,9.8,27,173
2000,30,1788.0,143,14.3,212,1788
10000,30,9010.0,330,33.0,990,9010
20000,30,17959.0,600,60.0,2041,17959
40000,30,35834.0,1096,109.6,4166,35834
60000,30,53779.0,1583,158.3,6221,53779
80000,30,71687.0,2080,208.0,8313,71687
100000,30,89593.0,2614,261.4,10407,89593
2,31,1.0,2,0.2,1,1
3,31,2.0,3,0.3,1,2
100,31,84.0,82,8.2,16,84
200,31,167.0,131,13.1,33,167
2000,31,1770.0,172,17.2,230,1770
10000,31,8956.0,352,35.2,1044,8956
20000,31,17931.0,589,58.9,2069,17931
40000,31,35921.0,1090,109.0,4079,35921
60000,31,53834.0,1598,159.8,6166,53834
80000,31,71725.0,2133,213.3,8275,71725
100000,31,89712.0,2606,260.6,10288,89712
2,32,2.0,2,0.2,0,2
3,32,3.0,3,0.3,0,3
100,32,77.0,97,9.7,23,77
200,32,153.0,194,19.4,47,153
2000,32,1735.0,867,86.7,265,1735
10000,32,8882.0,1089,108.9,1118,8882
20000,32,17902.0,1349,134.9,2098,17902
40000,32,35916.0,1863,186.3,4084,35916
60000,32,53906.0,2356,235.6,6094,53906
80000,32,71860.0,2831,283.1,8140,71860
100000,32,89773.0,3304,330.4,10227,89773
2,33,2.0,2,0.2,0,2
3,33,3.0,3,0.3,0,3
100,33,88.0,20,2.0,12,88
200,33,185.0,23,2.3,15,185
2000,33,1816.0,72,7.2,184,1816
10000,33,8966.0,274,27.4,1034,8966
20000,33,17927.0,509,50.9,2073,17927
40000,33,35845.0,1016,101.6,4155,35845
60000,33,53789.0,1523,152.3,6211,53789
80000,33,71710.0,2040,204.0,8290,71710
100000,33,89663.0,2529,252.9,10337,89663
2,34,2.0,2,0.2,0,2
3,34,3.0,3,0.3,0,3
100,34,84.0,53,5.3,16,84
200,34,174.0,55,5.5,26,174
2000,34,1794.0,115,11.5,206,1794
10000,34,8993.0,331,33.1,1007,8993
20000,34,17997.0,585,58.5,2003,17997
40000,34,35918.0,1064,106.4,4082,35918
60000,34,53825.0,1536,153.6,6175,53825
80000,34,71709.0,2041,204.1,8291,71709
100000,34,89643.0,2517,251.7,10357,89643
2,35,2.0,2,0.2,0,2
3,35,3.0,3,0.3,0,3
100,35,83.0,45,4.5,17,83
200,35,171.0,48,4.8,29,171
2000,35,1791.0,82,8.2,209,1791
10000,35,8954.0,273,27.3,1046,8954
20000,35,17903.0,545,54.5,2097,17903
40000,35,35808.0,1062,106.2,4192,35808
60000,35,53710.0,1584,158.4,6290,53710
80000,35,71706.0,2097,209.7,8294,71706
100000,35,89648.0,2592,259.2,10352,89648
2,36,1.0,2,0.2,1,1
3,36,2.0,3,0.3,1,2
100,36,94.0,24,2.4,6,94
200,36,180.0,35,3.5,20,180
2000,36,1782.0,80,8.0,218,1782
10000,36,8974.0,295,29.5,1026,8974
20000,36,17939.0,548,54.8,2061,17939
40000,36,35904.0,1055,105.5,4096,35904
60000,36,53825.0,1551,155.1,6175,53825
80000,36,71740.0,2050,205.0,8260,71740
100000,36,89709.0,2537,253.7,10291,89709
2,37,2.0,2,0.2,0,2
3,37,3.0,3,0.3,0,3
100,37,79.0,96,9.6,21,79
200,37,156.0,196,19.6,44,156
2000,37,1752.0,347,34.7,248,1752
10000,37,8917.0,569,56.9,1083,8917
20000,37,17972.0,802,80.2,2028,17972
40000,37,35950.0,1307,130.7,4050,35950
60000,37,53923.0,1803,180.3,6077,53923
80000,37,71836.0,2245,224.5,8164,71836
100000,37,89807.0,2724,272.4,10193,89807
2,38,2.0,2,0.2,0,2
3,38,3.0,3,0.3,0,3
100,38,91.0,17,1.7,9,91
200,38,178.0,17,1.7,22,178
2000,38,1779.0,54,5.4,221,1779
10000,38,8973.0,240,24.0,1027,8973
20000,38,17960.0,483,48.3,2040,17960
40000,38,35933.0,1013,101.3,4067,35933
60000,38,53882.0,1487,148.7,6118,53882
80000,38,71840.0,1997,199.7,8160,71840
100000,38,89766.0,2515,251.5,10234,89766
2,39,2.0,0,0.0,0,2
3,39,3.0,0,0.0,0,3
100,39,87.0,4,0.4,13,87
200,39,175.0,7,0.7,25,175
2000,39,1789.0,42,4.2,211,1789
10000,39,8975.0,247,24.7,1025,8975
20000,39,17943.0,489,48.9,2057,17943
40000,39,35810.0,961,96.1,4190,35810
60000,39,53727.0,1475,147.5,6273,53727
80000,39,71714.0,1961,196.1,8286,71714
100000,39,89657.0,2451,245.1,10343,89657
2,40,2.0,2,0.2,0,2
3,40,2.0,3,0.3,1,2
100,40,83.0,29,2.9,17,83
200,40,171.0,32,3.2,29,171
2000,40,1777.0,74,7.4,223,1777
10000,40,8982.0,289,28.9,1018,8982
20000,40,17958.0,545,54.5,2042,17958
40000,40,35857.0,1044,104.4,4143,35857
60000,40,53844.0,1567,156.7,6156,53844
80000,40,71738.0,2076,207.6,8262,71738
100000,40,89699.0,2587,258.7,10301,89699
2,41,2.0,2,0.2,0,2
3,41,3.0,3,0.3,0,3
100,41,83.0,28,2.8,17,83
200,41,175.0,28,2.8,25,175
2000,41,1802.0,77,7.7,198,1802
10000,41,8962.0,278,27.8,1038,8962
20000,41,17944.0,526,52.6,2056,17944
40000,41,35939.0,1021,102.1,4061,35939
60000,41,53867.0,1542,154.2,6133,53867
80000,41,71839.0,2032,203.2,8161,71839
100000,41,89743.0,2545,254.5,10257,89743
2,42,2.0,2,0.2,0,2
3,42,3.0,3,0.3,0,3
100,42,90.0,8,0.8,10,90
200,42,179.0,10,1.0,21,179
2000,42,1796.0,52,5.2,204,1796
10000,42,8930.0,251,25.1,1070,8930
20000,42,17925.0,495,49.5,2075,17925
40000,42,35842.0,1038,103.8,4158,35842
60000,42,53751.0,1545,154.5,6249,53751
80000,42,71721.0,2036,203.6,8279,71721
100000,42,89623.0,2541,254.1,10377,89623
2,43,1.0,2,0.2,1,1
3,43,2.0,3,0.3,1,2
100,43,92.0,8,0.8,8,92
200,43,184.0,9,0.9,16,184
2000,43,1787.0,50,5.0,213,1787
10000,43,9007.0,263,26.3,993,9007
20000,43,17994.0,509,50.9,2006,17994
40000,43,35889.0,1017,101.7,4111,35889
60000,43,53851.0,1567,156.7,6149,53851
80000,43,71806.0,2111,211.1,8194,71806
100000,43,89759.0,2604,260.4,10241,89759
2,44,1.0,0,0.0,1,1
3,44,2.0,0,0.0,1,2
100,44,95.0,31,3.1,5,95
200,44,187.0,47,4.7,13,187
2000,44,1808.0,105,10.5,192,1808
10000,44,9001.0,293,29.3,999,9001
20000,44,17975.0,546,54.6,2025,17975
40000,44,35942.0,1045,104.5,4058,35942
60000,44,53957.0,1506,150.6,6043,53957
80000,44,71936.0,1971,197.1,8064,71936
100000,44,89861.0,2436,243.6,10139,89861
2,45,2.0,2,0.2,0,2
3,45,3.0,3,0.3,0,3
100,45,80.0,65,6.5,20,80
200,45,173.0,68,6.8,27,173
2000,45,1794.0,117,11.7,206,1794
10000,45,8944.0,312,31.2,1056,8944
20000,45,17902.0,528,52.8,2098,17902
40000,45,35866.0,1049,104.9,4134,35866
60000,45,53845.0,1553,155.3,6155,53845
80000,45,71820.0,2020,202.0,8180,71820
100000,45,89722.0,2535,253.5,10278,89722
2,46,0.0,2,0.2,2,0
3,46,1.0,3,0.3,2,1
100,46,89.0,37,3.7,11,89
200,46,176.0,39,3.9,24,176
2000,46,1805.0,74,7.4,195,1805
10000,46,8984.0,250,25.0,1016,8984
20000,46,17953.0,507,50.7,2047,17953
40000,46,35962.0,959,95.9,4038,35962
60000,46,53935.0,1426,142.6,6065,53935
80000,46,71914.0,1956,195.6,8086,71914
100000,46,89803.0,2438,243.8,10197,89803
2,47,2.0,2,0.2,0,2
3,47,2.0,3,0.3,1,2
100,47,92.0,8,0.8,8,92
200,47,185.0,12,1.2,15,185
2000,47,1810.0,55,5.5,190,1810
10000,47,9025.0,283,28.3,975,9025
20000,47,17965.0,521,52.1,2035,17965
40000,47,35946.0,993,99.3,4054,35946
60000,47,53927.0,1494,149.4,6073,53927
80000,47,71844.0,2021,202.1,8156,71844
100000,47,89854.0,2522,252.2,10146,89854
2,48,1.0,2,0.2,1,1
3,48,2.0,3,0.3,1,2
100,48,76.0,97,9.7,24,76
200,48,150.0,173,17.3,50,150
2000,48,1751.0,224,22.4,249,1751
10000,48,8937.0,402,40.2,1063,8937
20000,48,17880.0,646,64.6,2120,17880
40000,48,35880.0,1155,115.5,4120,35880
60000,48,53792.0,1661,166.1,6208,53792
80000,48,71689.0,2175,217.5,8311,71689
100000,48,89648.0,2636,263.6,10352,89648
2,49,1.0,2,0.2,1,1
3,49,2.0,3,0.3,1,2
100,49,82.0,100,10.0,18,82
200,49,162.0,200,20.0,38,162
2000,49,1768.0,284,28.4,232,1768
10000,49,8948.0,513,51.3,1052,8948
20000,49,17930.0,731,73.1,2070,17930
40000,49,35883.0,1204,120.4,4117,35883
60000,49,53851.0,1670,167.0,6149,53851
80000,49,71785.0,2180,218.0,8215,71785
100000,49,89633.0,2680,268.0,10367,89633
2,50,1.0,2,0.2,1,1
3,50,2.0,3,0.3,1,2
100,50,72.0,98,9.8,28,72
200,50,162.0,117,11.7,38,162
2000,50,1777.0,156,15.6,223,1777
10000,50,8909.0,377,37.7,1091,8909
20000,50,17863.0,639,63.9,2137,17863
40000,50,35856.0,1158,115.8,4144,35856
60000,50,53781.0,1705,170.5,6219,53781
80000,50,71757.0,2187,218.7,8243,71757
100000,50,89676.0,2666,266.6,10324,89676
2,51,2.0,2,0.2,0,2
3,51,3.0,3,0.3,0,3
100,51,83.0,63,6.3,17,83
200,51,175.0,67,6.7,25,175
2000,51,1798.0,109,10.9,202,1798
10000,51,8995.0,324,32.4,1005,8995
20000,51,17937.0,543,54.3,2063,17937
40000,51,35837.0,1048,104.8,4163,35837
60000,51,53765.0,1525,152.5,6235,53765
80000,51,71707.0,2056,205.6,8293,71707
100000,51,89630.0,2548,254.8,10370,89630
2,52,2.0,2,0.2,0,2
3,52,3.0,3,0.3,0,3
100,52,84.0,71,7.1,16,84
200,52,170.0,135,13.5,30,170
2000,52,1781.0,172,17.2,219,1781
10000,52,8966.0,367,36.7,1034,8966
20000,52,17967.0,606,60.6,2033,17967
40000,52,35848.0,1115,111.5,4152,35848
60000,52,53828.0,1624,162.4,6172,53828
80000,52,71823.0,2113,211.3,8177,71823
100000,52,89757.0,2632,263.2,10243,89757
2,53,2.0,2,0.2,0,2
3,53,3.0,3,0.3,0,3
100,53,94.0,25,2.5,6,94
200,53,182.0,25,2.5,18,182
2000,53,1787.0,74,7.4,213,1787
10000,53,8963.0,278,27.8,1037,8963
20000,53,17923.0,539,53.9,2077,17923
40000,53,35824.0,1052,105.2,4176,35824
60000,53,53728.0,1568,156.8,6272,53728
80000,53,71724.0,2077,207.7,8276,71724
100000,53,89698.0,2610,261.0,10302,89698
2,54,2.0,1,0.1,0,2
3,54,2.0,2,0.2,1,2
100,54,87.0,3,0.3,13,87
200,54,174.0,5,0.5,26,174
2000,54,1803.0,50,5.0,197,1803
10000,54,9002.0,247,24.7,998,9002
20000,54,17986.0,508,50.8,2014,17986
40000,54,35947.0,1011,101.1,4053,35947
60000,54,53899.0,1508,150.8,6101,53899
80000,54,71833.0,2016,201.6,8167,71833
100000,54,89742.0,2549,254.9,10258,89742
2,55,1.0,2,0.2,1,1
3,55,2.0,3,0.3,1,2
100,55,76.0,99,9.9,24,76
200,55,166.0,190,19.0,34,166
2000,55,1744.0,494,49.4,256,1744
10000,55,8921.0,702,70.2,1079,8921
20000,55,17898.0,958,95.8,2102,17898
40000,55,35787.0,1435,143.5,4213,35787
60000,55,53749.0,1943,194.3,6251,53749
80000,55,71821.0,2434,243.4,8179,71821
100000,55,89697.0,2921,292.1,10303,89697
2,56,2.0,2,0.2,0,2
3,56,3.0,3,0.3,0,3
100,56,68.0,96,9.6,32,68
200,56,150.0,195,19.5,50,150
2000,56,1719.0,876,87.6,281,1719
10000,56,8917.0,1100,110.0,1083,8917
20000,56,17904.0,1334,133.4,2096,17904
40000,56,35821.0,1805,180.5,4179,35821
60000,56,53753.0,2299,229.9,6247,53753
80000,56,71711.0,2799,279.9,8289,71711
100000,56,89619.0,3269,326.9,10381,89619
2,57,2.0,2,0.2,0,2
3,57,3.0,3,0.3,0,3
100,57,85.0,94,9.4,15,85
200,57,167.0,184,18.4,33,167
2000,57,1799.0,229,22.9,201,1799
10000,57,8980.0,437,43.7,1020,8980
20000,57,17968.0,686,68.6,2032,17968
40000,57,35901.0,1227,122.7,4099,35901
60000,57,53817.0,1737,173.7,6183,53817
80000,57,71695.0,2236,223.6,8305,71695
100000,57,89636.0,2758,275.8,10364,89636
2,58,2.0,2,0.2,0,2
3,58,3.0,3,0.3,0,3
100,58,83.0,54,5.4,17,83
200,58,176.0,59,5.9,24,176
2000,58,1807.0,106,10.6,193,1807
10000,58,9011.0,293,29.3,989,9011
20000,58,17953.0,537,53.7,2047,17953
40000,58,35901.0,1053,105.3,4099,35901
60000,58,53794.0,1545,154.5,6206,53794
80000,58,71736.0,2029,202.9,8264,71736
100000,58,89645.0,2500,250.0,10355,89645
2,59,1.0,2,0.2,1,1
3,59,1.0,3,0.3,2,1
100,59,78.0,98,9.8,22,78
200,59,158.0,197,19.7,42,158
2000,59,1689.0,954,95.4,311,1689
10000,59,8897.0,1155,115.5,1103,8897
20000,59,17844.0,1420,142.0,2156,17844
40000,59,35828.0,1904,190.4,4172,35828
60000,59,53759.0,2444,244.4,6241,53759
80000,59,71751.0,2941,294.1,8249,71751
100000,59,89707.0,3459,345.9,10293,89707
2,60,2.0,0,0.0,0,2
3,60,3.0,0,0.0,0,3
100,60,93.0,4,0.4,7,93
200,60,190.0,5,0.5,10,190
2000,60,1814.0,51,5.1,186,1814
10000,60,8978.0,240,24.0,1022,8978
20000,60,17925.0,496,49.6,2075,17925
40000,60,35889.0,1013,101.3,4111,35889
60000,60,53845.0,1529,152.9,6155,53845
80000,60,71864.0,2060,206.0,8136,71864
100000,60,89849.0,2574,257.4,10151,89849
2,61,2.0,2,0.2,0,2
3,61,2.0,3,0.3,1,2
100,61,77.0,98,9.8,23,77
200,61,164.0,196,19.6,36,164
2000,61,1758.0,445,44.5,242,1758
10000,61,8942.0,633,63.3,1058,8942
20000,61,17943.0,881,88.1,2057,17943
40000,61,35850.0,1389,138.9,4150,35850
60000,61,53789.0,1879,187.9,6211,53789
80000,61,71769.0,2378,237.8,8231,71769
100000,61,89759.0,2869,286.9,10241,89759
2,62,2.0,0,0.0,0,2
3,62,3.0,0,0.0,0,3
100,62,88.0,0,0.0,12,88
200,62,174.0,0,0.0,26,174
2000,62,1780.0,110,11.0,220,1780
10000,62,8993.0,282,28.2,1007,8993
20000,62,17954.0,534,53.4,2046,17954
40000,62,35945.0,1062,106.2,4055,35945
60000,62,53843.0,1559,155.9,6157,53843
80000,62,71788.0,2032,203.2,8212,71788
100000,62,89728.0,2511,251.1,10272,89728
2,63,1.0,2,0.2,1,1
3,63,2.0,3,0.3,1,2
100,63,89.0,35,3.5,11,89
200,63,181.0,38,3.8,19,181
2000,63,1804.0,82,8.2,196,1804
10000,63,8969.0,272,27.2,1031,8969
20000,63,17914.0,516,51.6,2086,17914
40000,63,35896.0,1017,101.7,4104,35896
60000,63,53831.0,1539,153.9,6169,53831
80000,63,71807.0,2060,206.0,8193,71807
100000,63,89789.0,2549,254.9,10211,89789
2,64,2.0,2,0.2,0,2
3,64,3.0,3,0.3,0,3
100,64,82.0,99,9.9,18,82
200,64,158.0,194,19.4,42,158
2000,64,1711.0,776,77.6,289,1711
10000,64,8895.0,982,98.2,1105,8895
20000,64,17870.0,1240,124.0,2130,17870
40000,64,35832.0,1778,177.8,4168,35832
60000,64,53821.0,2276,227.6,6179,53821
80000,64,71807.0,2786,278.6,8193,71807
100000,64,89717.0,3291,329.1,10283,89717
2,65,1.0,2,0.2,1,1
3,65,1.0,3,0.3,2,1
100,65,88.0,19,1.9,12,88
200,65,178.0,22,2.2,22,178
2000,65,1794.0,76,7.6,206,1794
10000,65,8984.0,283,28.3,1016,8984
20000,65,17961.0,543,54.3,2039,17961
40000,65,35875.0,1020,102.0,4125,35875
60000,65,53795.0,1532,153.2,6205,53795
80000,65,71748.0,2035,203.5,8252,71748
100000,65,89739.0,2496,249.6,10261,89739
2,66,2.0,2,0.2,0,2
3,66,3.0,3,0.3,0,3
100,66,90.0,50,5.0,10,90
200,66,177.0,53,5.3,23,177
2000,66,1797.0,86,8.6,203,1797
10000,66,8981.0,295,29.5,1019,8981
20000,66,17970.0,567,56.7,2030,17970
40000,66,35913.0,1072,107.2,4087,35913
60000,66,53796.0,1558,155.8,6204,53796
80000,66,71749.0,2068,206.8,8251,71749
100000,66,89697.0,2571,257.1,10303,89697
2,67,2.0,2,0.2,0,2
3,67,2.0,3,0.3,1,2
100,67,82.0,89,8.9,18,82
200,67,164.0,147,14.7,36,164
2000,67,1780.0,199,19.9,220,1780
10000,67,8965.0,390,39.0,1035,8965
20000,67,17967.0,633,63.3,2033,17967
40000,67,35907.0,1134,113.4,4093,35907
60000,67,53870.0,1661,166.1,6130,53870
80000,67,71788.0,2187,218.7,8212,71788
100000,67,89733.0,2720,272.0,10267,89733
2,68,1.0,2,0.2,1,1
3,68,1.0,3,0.3,2,1
100,68,81.0,100,10.0,19,81
200,68,164.0,191,19.1,36,164
2000,68,1774.0,301,30.1,226,1774
10000,68,9001.0,488,48.8,999,9001
20000,68,17984.0,745,74.5,2016,17984
40000,68,35918.0,1296,129.6,4082,35918
60000,68,53886.0,1765,176.5,6114,53886
80000,68,71724.0,2249,224.9,8276,71724
100000,68,89727.0,2707,270.7,10273,89727
2,69,2.0,2,0.2,0,2
3,69,3.0,3,0.3,0,3
100,69,84.0,53,5.3,16,84
200,69,179.0,56,5.6,21,179
2000,69,1792.0,104,10.4,208,1792
10000,69,8970.0,300,30.0,1030,8970
20000,69,17981.0,552,55.2,2019,17981
40000,69,35884.0,1047,104.7,4116,35884
60000,69,53837.0,1564,156.4,6163,53837
80000,69,71829.0,2082,208.2,8171,71829
100000,69,89755.0,2548,254.8,10245,89755
2,70,2.0,2,0.2,0,2
3,70,3.0,3,0.3,0,3
100,70,83.0,69,6.9,17,83
200,70,169.0,72,7.2,31,169
2000,70,1781.0,113,11.3,219,1781
10000,70,8954.0,346,34.6,1046,8954
20000,70,17932.0,587,58.7,2068,17932
40000,70,35873.0,1103,110.3,4127,35873
60000,70,53805.0,1619,161.9,6195,53805
80000,70,71804.0,2118,211.8,8196,71804
100000,70,89765.0,2588,258.8,10235,89765
2,71,1.0,2,0.2,1,1
3,71,2.0,3,0.3,1,2
100,71,83.0,61,6.1,17,83
200,71,176.0,63,6.3,24,176
2000,71,1804.0,110,11.0,196,1804
10000,71,8937.0,316,31.6,1063,8937
20000,71,17982.0,557,55.7,2018,17982
40000,71,35900.0,1026,102.6,4100,35900
60000,71,53932.0,1456,145.6,6068,53932
80000,71,71919.0,1930,193.0,8081,71919
100000,71,89835.0,2476,247.6,10165,89835
2,72,2.0,2,0.2,0,2
3,72,3.0,3,0.3,0,3
100,72,80.0,96,9.6,20,80
200,72,160.0,188,18.8,40,160
2000,72,1776.0,231,23.1,224,1776
10000,72,8958.0,440,44.0,1042,8958
20000,72,17937.0,717,71.7,2063,17937
40000,72,35847.0,1209,120.9,4153,35847
60000,72,53841.0,1688,168.8,6159,53841
80000,72,71839.0,2182,218.2,8161,71839
100000,72,89757.0,2701,270.1,10243,89757
2,73,2.0,2,0.2,0,2
3,73,2.0,3,0.3,1,2
100,73,91.0,13,1.3,9,91
200,73,181.0,15,1.5,19,181
2000,73,1804.0,60,6.0,196,1804
10000,73,9001.0,271,27.1,999,9001
20000,73,17999.0,519,51.9,2001,17999
40000,73,35969.0,1009,100.9,4031,35969
60000,73,53958.0,1479,147.9,6042,53958
80000,73,71930.0,1975,197.5,8070,71930
100000,73,89858.0,2457,245.7,10142,89858
2,74,2.0,1,0.1,0,2
3,74,3.0,2,0.2,0,3
100,74,88.0,24,2.4,12,88
200,74,183.0,27,2.7,17,183
2000,74,1810.0,71,7.1,190,1810
10000,74,8990.0,270,27.0,1010,8990
20000,74,17928.0,532,53.2,2072,17928
40000,74,35860.0,1061,106.1,4140,35860
60000,74,53850.0,1576,157.6,6150,53850
80000,74,71751.0,2106,210.6,8249,71751
100000,74,89709.0,2588,258.8,10291,89709
2,75,2.0,2,0.2,0,2
3,75,3.0,3,0.3,0,3
100,75,80.0,88,8.8,20,80
200,75,161.0,187,18.7,39,161
2000,75,1712.0,655,65.5,288,1712
10000,75,8875.0,873,87.3,1125,8875
20000,75,17816.0,1119,111.9,2184,17816
40000,75,35766.0,1644,164.4,4234,35766
60000,75,53654.0,2146,214.6,6346,53654
80000,75,71631.0,2661,266.1,8369,71631
100000,75,89604.0,3151,315.1,10396,89604
2,76,1.0,2,0.2,1,1
3,76,1.0,3,0.3,2,1
100,76,86.0,26,2.6,14,86
200,76,176.0,28,2.8,24,176
2000,76,1795.0,78,7.8,205,1795
10000,76,9006.0,295,29.5,994,9006
20000,76,18013.0,524,52.4,1987,18013
40000,76,35967.0,1059,105.9,4033,35967
60000,76,53943.0,1573,157.3,6057,53943
80000,76,71920.0,2041,204.1,8080,71920
100000,76,89809.0,2584,258.4,10191,89809
2,77,2.0,2,0.2,0,2
3,77,3.0,3,0.3,0,3
100,77,87.0,48,4.8,13,87
200,77,174.0,53,5.3,26,174
2000,77,1797.0,92,9.2,203,1797
10000,77,9018.0,289,28.9,982,9018
20000,77,18048.0,549,54.9,1952,18048
40000,77,35937.0,1053,105.3,4063,35937
60000,77,53886.0,1553,155.3,6114,53886
80000,77,71883.0,2068,206.8,8117,71883
100000,77,89866.0,2573,257.3,10134,89866
2,78,2.0,2,0.2,0,2
3,78,3.0,3,0.3,0,3
100,78,89.0,15,1.5,11,89
200,78,180.0,20,2.0,20,180
2000,78,1803.0,69,6.9,197,1803
10000,78,9006.0,278,27.8,994,9006
20000,78,17984.0,555,55.5,2016,17984
40000,78,35909.0,1073,107.3,4091,35909
60000,78,53774.0,1569,156.9,6226,53774
80000,78,71713.0,2103,210.3,8287,71713
100000,78,89541.0,2604,260.4,10459,89541
2,79,2.0,2,0.2,0,2
3,79,3.0,3,0.3,0,3
100,79,80.0,95,9.5,20,80
200,79,160.0,193,19.3,40,160
2000,79,1738.0,582,58.2,262,1738
10000,79,8912.0,791,79.1,1088,8912
20000,79,17920.0,1041,104.1,2080,17920
40000,79,35858.0,1546,154.6,4142,35858
60000,79,53751.0,2046,204.6,6249,53751
80000,79,71730.0,2528,252.8,8270,71730
100000,79,89659.0,3029,302.9,10341,89659
2,80,2.0,2,0.2,0,2
3,80,3.0,3,0.3,0,3
100,80,88.0,100,10.0,12,88
200,80,178.0,127,12.7,22,178
2000,80,1770.0,180,18.0,230,1770
10000,80,8919.0,345,34.5,1081,8919
20000,80,17881.0,604,60.4,2119,17881
40000,80,35903.0,1093,109.3,4097,35903
60000,80,53819.0,1608,160.8,6181,53819
80000,80,71782.0,2127,212.7,8218,71782
100000,80,89763.0,2622,262.2,10237,89763
2,81,2.0,2,0.2,0,2
3,81,3.0,3,0.3,0,3
100,81,79.0,100,10.0,21,79
200,81,166.0,192,19.2,34,166
2000,81,1757.0,429,42.9,243,1757
10000,81,8980.0,643,64.3,1020,8980
20000,81,17941.0,910,91.0,2059,17941
40000,81,35913.0,1422,142.2,4087,35913
60000,81,53779.0,1973,197.3,6221,53779
80000,81,71748.0,2475,247.5,8252,71748
100000,81,89690.0,2966,296.6,10310,89690
2,82,2.0,2,0.2,0,2
3,82,3.0,3,0.3,0,3
100,82,94.0,18,1.8,6,94
200,82,183.0,23,2.3,17,183
2000,82,1783.0,62,6.2,217,1783
10000,82,8948.0,278,27.8,1052,8948
20000,82,17895.0,544,54.4,2105,17895
40000,82,35782.0,1068,106.8,4218,35782
60000,82,53747.0,1591,159.1,6253,53747
80000,82,71715.0,2060,206.0,8285,71715
100000,82,89655.0,2577,257.7,10345,89655
2,83,2.0,2,0.2,0,2
3,83,3.0,3,0.3,0,3
100,83,88.0,65,6.5,12,88
200,83,178.0,68,6.8,22,178
2000,83,1790.0,111,11.1,210,1790
10000,83,8968.0,311,31.1,1032,8968
20000,83,17986.0,516,51.6,2014,17986
40000,83,35908.0,1010,101.0,4092,35908
60000,83,53827.0,1498,149.8,6173,53827
80000,83,71742.0,2003,200.3,8258,71742
100000,83,89759.0,2498,249.8,10241,89759
2,84,2.0,2,0.2,0,2
3,84,3.0,3,0.3,0,3
100,84,84.0,96,9.6,16,84
200,84,164.0,196,19.6,36,164
2000,84,1746.0,596,59.6,254,1746
10000,84,8955.0,803,80.3,1045,8955
20000,84,17965.0,1055,105.5,2035,17965
40000,84,35890.0,1500,150.0,4110,35890
60000,84,53824.0,2006,200.6,6176,53824
80000,84,71791.0,2497,249.7,8209,71791
100000,84,89755.0,3013,301.3,10245,89755
2,85,1.0,2,0.2,1,1
3,85,2.0,3,0.3,1,2
100,85,90.0,92,9.2,10,90
200,85,168.0,189,18.9,32,168
2000,85,1764.0,299,29.9,236,1764
10000,85,8977.0,515,51.5,1023,8977
20000,85,18012.0,778,77.8,1988,18012
40000,85,35998.0,1276,127.6,4002,35998
60000,85,54066.0,1764,176.4,5934,54066
80000,85,71996.0,2274,227.4,8004,71996
100000,85,89940.0,2787,278.7,10060,89940
2,86,1.0,2,0.2,1,1
3,86,2.0,3,0.3,1,2
100,86,80.0,55,5.5,20,80
200,86,173.0,56,5.6,27,173
2000,86,1791.0,92,9.2,209,1791
10000,86,8968.0,301,30.1,1032,8968
20000,86,17926.0,537,53.7,2074,17926
40000,86,35827.0,1024,102.4,4173,35827
60000,86,53790.0,1510,151.0,6210,53790
80000,86,71766.0,1993,199.3,8234,71766
100000,86,89735.0,2484,248.4,10265,89735
2,87,2.0,2,0.2,0,2
3,87,3.0,3,0.3,0,3
100,87,94.0,17,1.7,6,94
200,87,184.0,21,2.1,16,184
2000,87,1792.0,56,5.6,208,1792
10000,87,8974.0,254,25.4,1026,8974
20000,87,17974.0,503,50.3,2026,17974
40000,87,35963.0,1011,101.1,4037,35963
60000,87,53906.0,1450,145.0,6094,53906
80000,87,71771.0,1936,193.6,8229,71771
100000,87,89667.0,2408,240.8,10333,89667
2,88,2.0,2,0.2,0,2
3,88,3.0,3,0.3,0,3
100,88,77.0,83,8.3,23,77
200,88,170.0,86,8.6,30,170
2000,88,1783.0,133,13.3,217,1783
10000,88,8924.0,328,32.8,1076,8924
20000,88,17911.0,579,57.9,2089,17911
40000,88,35808.0,1111,111.1,4192,35808
60000,88,53720.0,1640,164.0,6280,53720
80000,88,71686.0,2207,220.7,8314,71686
100000,88,89640.0,2673,267.3,10360,89640
2,89,1.0,2,0.2,1,1
3,89,2.0,3,0.3,1,2
100,89,84.0,50,5.0,16,84
200,89,172.0,55,5.5,28,172
2000,89,1805.0,94,9.4,195,1805
10000,89,8969.0,283,28.3,1031,8969
20000,89,17913.0,524,52.4,2087,17913
40000,89,35816.0,1042,104.2,4184,35816
60000,89,53737.0,1514,151.4,6263,53737
80000,89,71668.0,1978,197.8,8332,71668
100000,89,89624.0,2512,251.2,10376,89624
2,90,1.0,2,0.2,1,1
3,90,2.0,3,0.3,1,2
100,90,90.0,5,0.5,10,90
200,90,177.0,8,0.8,23,177
2000,90,1800.0,57,5.7,200,1800
10000,90,8981.0,247,24.7,1019,8981
20000,90,17981.0,480,48.0,2019,17981
40000,90,35935.0,969,96.9,4065,35935
60000,90,53884.0,1426,142.6,6116,53884
80000,90,71756.0,1922,192.2,8244,71756
100000,90,89743.0,2427,242.7,10257,89743
2,91,2.0,2,0.2,0,2
3,91,2.0,3,0.3,1,2
100,91,80.0,99,9.9,20,80
200,91,156.0,188,18.8,44,156
2000,91,1751.0,261,26.1,249,1751
10000,91,8902.0,456,45.6,1098,8902
20000,91,17868.0,715,71.5,2132,17868
40000,91,35802.0,1224,122.4,4198,35802
60000,91,53834.0,1712,171.2,6166,53834
80000,91,71793.0,2232,223.2,8207,71793
100000,91,89790.0,2774,277.4,10210,89790
2,92,2.0,2,0.2,0,2
3,92,3.0,3,0.3,0,3
100,92,84.0,100,10.0,16,84
200,92,170.0,134,13.4,30,170
2000,92,1774.0,177,17.7,226,1774
10000,92,8933.0,379,37.9,1067,8933
20000,92,17909.0,659,65.9,2091,17909
40000,92,35947.0,1159,115.9,4053,35947
60000,92,53863.0,1653,165.3,6137,53863
80000,92,71785.0,2128,212.8,8215,71785
100000,92,89697.0,2586,258.6,10303,89697
2,93,2.0,2,0.2,0,2
3,93,3.0,3,0.3,0,3
100,93,84.0,66,6.6,16,84
200,93,176.0,67,6.7,24,176
2000,93,1802.0,126,12.6,198,1802
10000,93,8956.0,333,33.3,1044,8956
20000,93,17955.0,588,58.8,2045,17955
40000,93,35925.0,1089,108.9,4075,35925
60000,93,53823.0,1598,159.8,6177,53823
80000,93,71716.0,2128,212.8,8284,71716
100000,93,89717.0,2620,262.0,10283,89717
2,94,1.0,2,0.2,1,1
3,94,2.0,3,0.3,1,2
100,94,84.0,58,5.8,16,84
200,94,170.0,61,6.1,30,170
2000,94,1785.0,108,10.8,215,1785
10000,94,8994.0,324,32.4,1006,8994
20000,94,17957.0,554,55.4,2043,17957
40000,94,35903.0,1058,105.8,4097,35903
60000,94,53756.0,1546,154.6,6244,53756
80000,94,71765.0,2045,204.5,8235,71765
100000,94,89772.0,2522,252.2,10228,89772
2,95,2.0,2,0.2,0,2
3,95,3.0,3,0.3,0,3
100,95,86.0,48,4.8,14,86
200,95,175.0,49,4.9,25,175
2000,95,1784.0,96,9.6,216,1784
10000,95,8916.0,314,31.4,1084,8916
20000,95,17889.0,551,55.1,2111,17889
40000,95,35831.0,1053,105.3,4169,35831
60000,95,53874.0,1574,157.4,6126,53874
80000,95,71819.0,2046,204.6,8181,71819
100000,95,89714.0,2547,254.7,10286,89714
2,96,2.0,1,0.1,0,2
3,96,3.0,2,0.2,0,3
100,96,91.0,7,0.7,9,91
200,96,185.0,9,0.9,15,185
2000,96,1813.0,53,5.3,187,1813
10000,96,8958.0,241,24.1,1042,8958
20000,96,17928.0,504,50.4,2072,17928
40000,96,35866.0,978,97.8,4134,35866
60000,96,53817.0,1474,147.4,6183,53817
80000,96,71801.0,1918,191.8,8199,71801
100000,96,89665.0,2412,241.2,10335,89665
2,97,2.0,2,0.2,0,2
3,97,3.0,3,0.3,0,3
100,97,87.0,42,4.2,13,87
200,97,175.0,43,4.3,25,175
2000,97,1792.0,94,9.4,208,1792
10000,97,8936.0,296,29.6,1064,8936
20000,97,17942.0,570,57.0,2058,17942
40000,97,35869.0,1081,108.1,4131,35869
60000,97,53869.0,1578,157.8,6131,53869
80000,97,71869.0,2053,205.3,8131,71869
100000,97,89779.0,2507,250.7,10221,89779
2,98,2.0,2,0.2,0,2
3,98,3.0,3,0.3,0,3
100,98,85.0,74,7.4,15,85
200,98,175.0,76,7.6,25,175
2000,98,1775.0,129,12.9,225,1775
10000,98,8944.0,314,31.4,1056,8944
20000,98,17946.0,567,56.7,2054,17946
40000,98,35830.0,1092,109.2,4170,35830
60000,98,53810.0,1645,164.5,6190,53810
80000,98,71739.0,2081,208.1,8261,71739
100000,98,89661.0,2569,256.9,10339,89661
2,99,2.0,2,0.2,0,2
3,99,3.0,3,0.3,0,3
100,99,89.0,17,1.7,11,89
200,99,175.0,22,2.2,25,175
2000,99,1785.0,101,10.1,215,1785
10000,99,8964.0,294,29.4,1036,8964
20000,99,17975.0,553,55.3,2025,17975
40000,99,35910.0,1053,105.3,4090,35910
60000,99,53820.0,1553,155.3,6180,53820
80000,99,71798.0,2092,209.2,8202,71798
100000,99,89725.0,2585,258.5,10275,89725
2,100,2.0,2,0.2,0,2
3,100,3.0,3,0.3,0,3
100,100,81.0,87,8.7,19,81
200,100,167.0,90,9.0,33,167
2000,100,1786.0,137,13.7,214,1786
10000,100,8974.0,340,34.0,1026,8974
20000,100,17977.0,565,56.5,2023,17977
40000,100,35921.0,1078,107.8,4079,35921
60000,100,53842.0,1554,155.4,6158,53842
80000,100,71822.0,2073,207.3,8178,71822
100000,100,89769.0,2587,258.7,10231,89769
