Timestep,Iteration,Total Reward,Suboptimal Arms,Total Regret,Zeros Count,Ones Count
2,1,2.0,0,0.0,0,2
3,1,3.0,0,0.0,0,3
100,1,85.0,35,3.5,15,85
200,1,174.0,39,3.9,26,174
2000,1,1781.0,89,8.9,219,1781
10000,1,8969.0,287,28.7,1031,8969
20000,1,17920.0,521,52.1,2080,17920
40000,1,35874.0,991,99.1,4126,35874
60000,1,53795.0,1507,150.7,6205,53795
80000,1,71738.0,1998,199.8,8262,71738
100000,1,89785.0,2501,250.1,10215,89785
2,2,1.0,0,0.0,1,1
3,2,2.0,0,0.0,1,2
100,2,84.0,2,0.2,16,84
200,2,172.0,3,0.3,28,172
2000,2,1786.0,49,4.9,214,1786
10000,2,8931.0,281,28.1,1069,8931
20000,2,17915.0,547,54.7,2085,17915
40000,2,35873.0,1029,102.9,4127,35873
60000,2,53850.0,1560,156.0,6150,53850
80000,2,71867.0,2074,207.4,8133,71867
100000,2,89823.0,2576,257.6,10177,89823
2,3,2.0,0,0.0,0,2
3,3,2.0,0,0.0,1,2
100,3,88.0,4,0.4,12,88
200,3,176.0,5,0.5,24,176
2000,3,1790.0,61,6.1,210,1790
10000,3,8990.0,251,25.1,1010,8990
20000,3,17973.0,485,48.5,2027,17973
40000,3,35849.0,1007,100.7,4151,35849
60000,3,53749.0,1532,153.2,6251,53749
80000,3,71723.0,2022,202.2,8277,71723
100000,3,89638.0,2518,251.8,10362,89638
2,4,1.0,0,0.0,1,1
3,4,2.0,0,0.0,1,2
100,4,89.0,1,0.1,11,89
200,4,182.0,3,0.3,18,182
2000,4,1795.0,75,7.5,205,1795
10000,4,8981.0,275,27.5,1019,8981
20000,4,17929.0,533,53.3,2071,17929
40000,4,35796.0,1015,101.5,4204,35796
60000,4,53743.0,1543,154.3,6257,53743
80000,4,71655.0,2052,205.2,8345,71655
100000,4,89528.0,2567,256.7,10472,89528
2,5,2.0,0,0.0,0,2
3,5,3.0,0,0.0,0,3
100,5,86.0,5,0.5,14,86
200,5,176.0,6,0.6,24,176
2000,5,1785.0,50,5.0,215,1785
10000,5,8940.0,247,24.7,1060,8940
20000,5,17929.0,502,50.2,2071,17929
40000,5,35834.0,974,97.4,4166,35834
60000,5,53819.0,1502,150.2,6181,53819
80000,5,71818.0,2044,204.4,8182,71818
100000,5,89743.0,2557,255.7,10257,89743
2,6,2.0,0,0.0,0,2
3,6,3.0,0,0.0,0,3
100,6,90.0,0,0.0,10,90
200,6,177.0,2,0.2,23,177
2000,6,1802.0,67,6.7,198,1802
10000,6,9005.0,247,24.7,995,9005
20000,6,18015.0,525,52.5,1985,18015
40000,6,36025.0,1011,101.1,3975,36025
60000,6,53946.0,1541,154.1,6054,53946
80000,6,71841.0,2053,205.3,8159,71841
100000,6,89770.0,2519,251.9,10230,89770
2,7,2.0,0,0.0,0,2
3,7,3.0,0,0.0,0,3
100,7,92.0,4,0.4,8,92
200,7,183.0,4,0.4,17,183
2000,7,1787.0,47,4.7,213,1787
10000,7,8989.0,241,24.1,1011,8989
20000,7,17955.0,483,48.3,2045,17955
40000,7,35887.0,980,98.0,4113,35887
60000,7,53824.0,1452,145.2,6176,53824
80000,7,71734.0,1930,193.0,8266,71734
100000,7,89645.0,2418,241.8,10355,89645
2,8,1.0,0,0.0,1,1
3,8,1.0,0,0.0,2,1
100,8,89.0,0,0.0,11,89
200,8,180.0,11,1.1,20,180
2000,8,1799.0,54,5.4,201,1799
10000,8,9020.0,224,22.4,980,9020
20000,8,17949.0,448,44.8,2051,17949
40000,8,35856.0,966,96.6,4144,35856
60000,8,53890.0,1465,146.5,6110,53890
80000,8,71783.0,1996,199.6,8217,71783
100000,8,89790.0,2488,248.8,10210,89790
2,9,1.0,0,0.0,1,1
3,9,2.0,0,0.0,1,2
100,9,90.0,2,0.2,10,90
200,9,181.0,3,0.3,19,181
2000,9,1793.0,45,4.5,207,1793
10000,9,8927.0,242,24.2,1073,8927
20000,9,17927.0,484,48.4,2073,17927
40000,9,35870.0,969,96.9,4130,35870
60000,9,53804.0,1482,148.2,6196,53804
80000,9,71778.0,1963,196.3,8222,71778
100000,9,89805.0,2477,247.7,10195,89805
2,10,2.0,0,0.0,0,2
3,10,3.0,0,0.0,0,3
100,10,90.0,0,0.0,10,90
200,10,179.0,7,0.7,21,179
2000,10,1802.0,54,5.4,198,1802
10000,10,8941.0,240,24.0,1059,8941
20000,10,17963.0,502,50.2,2037,17963
40000,10,35845.0,990,99.0,4155,35845
60000,10,53810.0,1466,146.6,6190,53810
80000,10,71697.0,2011,201.1,8303,71697
100000,10,89663.0,2511,251.1,10337,89663
2,11,2.0,0,0.0,0,2
3,11,2.0,0,0.0,1,2
100,11,93.0,0,0.0,7,93
200,11,178.0,9,0.9,22,178
2000,11,1786.0,45,4.5,214,1786
10000,11,9042.0,239,23.9,958,9042
20000,11,18062.0,502,50.2,1938,18062
40000,11,36065.0,992,99.2,3935,36065
60000,11,54072.0,1475,147.5,5928,54072
80000,11,71973.0,1961,196.1,8027,71973
100000,11,89974.0,2436,243.6,10026,89974
2,12,2.0,0,0.0,0,2
3,12,3.0,0,0.0,0,3
100,12,93.0,16,1.6,7,93
200,12,178.0,17,1.7,22,178
2000,12,1783.0,62,6.2,217,1783
10000,12,8950.0,262,26.2,1050,8950
20000,12,17936.0,520,52.0,2064,17936
40000,12,35912.0,1011,101.1,4088,35912
60000,12,53764.0,1520,152.0,6236,53764
80000,12,71800.0,2025,202.5,8200,71800
100000,12,89741.0,2532,253.2,10259,89741
2,13,2.0,0,0.0,0,2
3,13,3.0,0,0.0,0,3
100,13,86.0,12,1.2,14,86
200,13,177.0,14,1.4,23,177
2000,13,1784.0,62,6.2,216,1784
10000,13,8945.0,248,24.8,1055,8945
20000,13,17947.0,481,48.1,2053,17947
40000,13,35913.0,982,98.2,4087,35913
60000,13,53813.0,1504,150.4,6187,53813
80000,13,71785.0,2028,202.8,8215,71785
100000,13,89734.0,2554,255.4,10266,89734
2,14,2.0,0,0.0,0,2
3,14,3.0,0,0.0,0,3
100,14,86.0,2,0.2,14,86
200,14,175.0,5,0.5,25,175
2000,14,1798.0,53,5.3,202,1798
10000,14,8992.0,248,24.8,1008,8992
20000,14,18022.0,477,47.7,1978,18022
40000,14,36023.0,997,99.7,3977,36023
60000,14,53926.0,1507,150.7,6074,53926
80000,14,71916.0,2003,200.3,8084,71916
100000,14,89806.0,2502,250.2,10194,89806
2,15,1.0,0,0.0,1,1
3,15,2.0,0,0.0,1,2
100,15,87.0,19,1.9,13,87
200,15,174.0,57,5.7,26,174
2000,15,1778.0,99,9.9,222,1778
10000,15,8997.0,289,28.9,1003,8997
20000,15,18013.0,544,54.4,1987,18013
40000,15,35948.0,1079,107.9,4052,35948
60000,15,53895.0,1592,159.2,6105,53895
80000,15,71886.0,2112,211.2,8114,71886
100000,15,89755.0,2623,262.3,10245,89755
2,16,2.0,0,0.0,0,2
3,16,3.0,0,0.0,0,3
100,16,86.0,37,3.7,14,86
200,16,180.0,39,3.9,20,180
2000,16,1800.0,84,8.4,200,1800
10000,16,8991.0,280,28.0,1009,8991
20000,16,17941.0,533,53.3,2059,17941
40000,16,35974.0,1072,107.2,4026,35974
60000,16,54007.0,1548,154.8,5993,54007
80000,16,71949.0,2045,204.5,8051,71949
100000,16,89938.0,2577,257.7,10062,89938
2,17,2.0,0,0.0,0,2
3,17,3.0,0,0.0,0,3
100,17,91.0,4,0.4,9,91
200,17,185.0,6,0.6,15,185
2000,17,1826.0,46,4.6,174,1826
10000,17,9019.0,236,23.6,981,9019
20000,17,17960.0,502,50.2,2040,17960
40000,17,35865.0,988,98.8,4135,35865
60000,17,53872.0,1482,148.2,6128,53872
80000,17,71848.0,1948,194.8,8152,71848
100000,17,89762.0,2469,246.9,10238,89762
2,18,2.0,0,0.0,0,2
3,18,3.0,0,0.0,0,3
100,18,87.0,11,1.1,13,87
200,18,177.0,11,1.1,23,177
2000,18,1784.0,63,6.3,216,1784
10000,18,9023.0,267,26.7,977,9023
20000,18,17933.0,509,50.9,2067,17933
40000,18,35899.0,1011,101.1,4101,35899
60000,18,53839.0,1508,150.8,6161,53839
80000,18,71777.0,1983,198.3,8223,71777
100000,18,89746.0,2484,248.4,10254,89746
2,19,2.0,0,0.0,0,2
3,19,3.0,0,0.0,0,3
100,19,88.0,7,0.7,12,88
200,19,180.0,11,1.1,20,180
2000,19,1802.0,59,5.9,198,1802
10000,19,9005.0,277,27.7,995,9005
20000,19,17968.0,517,51.7,2032,17968
40000,19,35887.0,1016,101.6,4113,35887
60000,19,53840.0,1496,149.6,6160,53840
80000,19,71859.0,2019,201.9,8141,71859
100000,19,89826.0,2545,254.5,10174,89826
2,20,2.0,0,0.0,0,2
3,20,3.0,0,0.0,0,3
100,20,94.0,4,0.4,6,94
200,20,182.0,7,0.7,18,182
2000,20,1791.0,54,5.4,209,1791
10000,20,8912.0,261,26.1,1088,8912
20000,20,17910.0,486,48.6,2090,17910
40000,20,35849.0,979,97.9,4151,35849
60000,20,53788.0,1512,151.2,6212,53788
80000,20,71772.0,2028,202.8,8228,71772
100000,20,89719.0,2521,252.1,10281,89719
2,21,2.0,0,0.0,0,2
3,21,3.0,0,0.0,0,3
100,21,89.0,2,0.2,11,89
200,21,178.0,6,0.6,22,178
2000,21,1800.0,51,5.1,200,1800
10000,21,9014.0,256,25.6,986,9014
20000,21,17972.0,523,52.3,2028,17972
40000,21,35887.0,1037,103.7,4113,35887
60000,21,53851.0,1544,154.4,6149,53851
80000,21,71823.0,2010,201.0,8177,71823
100000,21,89739.0,2500,250.0,10261,89739
2,22,2.0,0,0.0,0,2
3,22,3.0,0,0.0,0,3
100,22,91.0,7,0.7,9,91
200,22,185.0,10,1.0,15,185
2000,22,1817.0,61,6.1,183,1817
10000,22,8999.0,274,27.4,1001,8999
20000,22,18013.0,505,50.5,1987,18013
40000,22,35921.0,1012,101.2,4079,35921
60000,22,53897.0,1491,149.1,6103,53897
80000,22,71859.0,1977,197.7,8141,71859
100000,22,89712.0,2520,252.0,10288,89712
2,23,2.0,0,0.0,0,2
3,23,3.0,0,0.0,0,3
100,23,95.0,7,0.7,5,95
200,23,180.0,11,1.1,20,180
2000,23,1816.0,47,4.7,184,1816
10000,23,9024.0,242,24.2,976,9024
20000,23,17988.0,487,48.7,2012,17988
40000,23,35894.0,982,98.2,4106,35894
60000,23,53851.0,1461,146.1,6149,53851
80000,23,71834.0,1978,197.8,8166,71834
100000,23,89812.0,2482,248.2,10188,89812
2,24,2.0,0,0.0,0,2
3,24,2.0,0,0.0,1,2
100,24,87.0,10,1.0,13,87
200,24,178.0,13,1.3,22,178
2000,24,1788.0,50,5.0,212,1788
10000,24,9000.0,245,24.5,1000,9000
20000,24,17953.0,508,50.8,2047,17953
40000,24,35960.0,1026,102.6,4040,35960
60000,24,53878.0,1511,151.1,6122,53878
80000,24,71844.0,2021,202.1,8156,71844
100000,24,89826.0,2522,252.2,10174,89826
2,25,2.0,0,0.0,0,2
3,25,3.0,0,0.0,0,3
100,25,89.0,6,0.6,11,89
200,25,178.0,8,0.8,22,178
2000,25,1806.0,78,7.8,194,1806
10000,25,8989.0,279,27.9,1011,8989
20000,25,17995.0,527,52.7,2005,17995
40000,25,35935.0,1049,104.9,4065,35935
60000,25,53903.0,1556,155.6,6097,53903
80000,25,71801.0,2046,204.6,8199,71801
100000,25,89771.0,2532,253.2,10229,89771
2,26,2.0,0,0.0,0,2
3,26,2.0,1,0.1,1,2
100,26,86.0,3,0.3,14,86
200,26,174.0,5,0.5,26,174
2000,26,1794.0,43,4.3,206,1794
10000,26,8949.0,223,22.3,1051,8949
20000,26,17891.0,457,45.7,2109,17891
40000,26,35771.0,940,94.0,4229,35771
60000,26,53677.0,1442,144.2,6323,53677
80000,26,71662.0,1928,192.8,8338,71662
100000,26,89596.0,2446,244.6,10404,89596
2,27,2.0,0,0.0,0,2
3,27,3.0,0,0.0,0,3
100,27,90.0,4,0.4,10,90
200,27,178.0,7,0.7,22,178
2000,27,1811.0,55,5.5,189,1811
10000,27,8983.0,270,27.0,1017,8983
20000,27,17970.0,504,50.4,2030,17970
40000,27,35846.0,1018,101.8,4154,35846
60000,27,53740.0,1545,154.5,6260,53740
80000,27,71689.0,2031,203.1,8311,71689
100000,27,89607.0,2523,252.3,10393,89607
2,28,2.0,0,0.0,0,2
3,28,3.0,0,0.0,0,3
100,28,87.0,11,1.1,13,87
200,28,173.0,13,1.3,27,173
2000,28,1784.0,49,4.9,216,1784
10000,28,8992.0,229,22.9,1008,8992
20000,28,18035.0,482,48.2,1965,18035
40000,28,35864.0,1038,103.8,4136,35864
60000,28,53813.0,1506,150.6,6187,53813
80000,28,71763.0,1976,197.6,8237,71763
100000,28,89790.0,2450,245.0,10210,89790
2,29,1.0,0,0.0,1,1
3,29,2.0,0,0.0,1,2
100,29,90.0,0,0.0,10,90
200,29,182.0,10,1.0,18,182
2000,29,1817.0,73,7.3,183,1817
10000,29,8951.0,270,27.0,1049,8951
20000,29,17928.0,517,51.7,2072,17928
40000,29,35866.0,1015,101.5,4134,35866
60000,29,53769.0,1505,150.5,6231,53769
80000,29,71661.0,2004,200.4,8339,71661
100000,29,89713.0,2459,245.9,10287,89713
2,30,2.0,0,0.0,0,2
3,30,3.0,0,0.0,0,3
100,30,92.0,12,1.2,8,92
200,30,185.0,13,1.3,15,185
2000,30,1791.0,65,6.5,209,1791
10000,30,9020.0,280,28.0,980,9020
20000,30,18027.0,525,52.5,1973,18027
40000,30,36087.0,1023,102.3,3913,36087
60000,30,53972.0,1540,154.0,6028,53972
80000,30,71982.0,2037,203.7,8018,71982
100000,30,89949.0,2522,252.2,10051,89949
2,31,2.0,0,0.0,0,2
3,31,3.0,0,0.0,0,3
100,31,86.0,1,0.1,14,86
200,31,178.0,4,0.4,22,178
2000,31,1814.0,85,8.5,186,1814
10000,31,9010.0,280,28.0,990,9010
20000,31,17983.0,524,52.4,2017,17983
40000,31,35914.0,1020,102.0,4086,35914
60000,31,53863.0,1511,151.1,6137,53863
80000,31,71890.0,2041,204.1,8110,71890
100000,31,89852.0,2514,251.4,10148,89852
2,32,2.0,0,0.0,0,2
3,32,3.0,0,0.0,0,3
100,32,85.0,2,0.2,15,85
200,32,179.0,3,0.3,21,179
2000,32,1803.0,59,5.9,197,1803
10000,32,8978.0,254,25.4,1022,8978
20000,32,17957.0,500,50.0,2043,17957
40000,32,35876.0,1007,100.7,4124,35876
60000,32,53759.0,1506,150.6,6241,53759
80000,32,71785.0,1989,198.9,8215,71785
100000,32,89820.0,2482,248.2,10180,89820
2,33,2.0,0,0.0,0,2
3,33,3.0,0,0.0,0,3
100,33,88.0,2,0.2,12,88
200,33,176.0,8,0.8,24,176
2000,33,1797.0,56,5.6,203,1797
10000,33,8954.0,261,26.1,1046,8954
20000,33,17918.0,494,49.4,2082,17918
40000,33,35869.0,987,98.7,4131,35869
60000,33,53839.0,1473,147.3,6161,53839
80000,33,71753.0,1981,198.1,8247,71753
100000,33,89694.0,2479,247.9,10306,89694
2,34,2.0,0,0.0,0,2
3,34,2.0,0,0.0,1,2
100,34,84.0,9,0.9,16,84
200,34,174.0,11,1.1,26,174
2000,34,1815.0,53,5.3,185,1815
10000,34,9016.0,280,28.0,984,9016
20000,34,17978.0,556,55.6,2022,17978
40000,34,35885.0,1062,106.2,4115,35885
60000,34,53792.0,1574,157.4,6208,53792
80000,34,71732.0,2059,205.9,8268,71732
100000,34,89724.0,2552,255.2,10276,89724
2,35,2.0,0,0.0,0,2
3,35,2.0,0,0.0,1,2
100,35,93.0,4,0.4,7,93
200,35,186.0,8,0.8,14,186
2000,35,1803.0,62,6.2,197,1803
10000,35,8965.0,253,25.3,1035,8965
20000,35,17934.0,472,47.2,2066,17934
40000,35,35879.0,929,92.9,4121,35879
60000,35,53838.0,1442,144.2,6162,53838
80000,35,71747.0,1950,195.0,8253,71747
100000,35,89647.0,2446,244.6,10353,89647
2,36,2.0,1,0.1,0,2
3,36,3.0,1,0.1,0,3
100,36,92.0,11,1.1,8,92
200,36,181.0,12,1.2,19,181
2000,36,1798.0,59,5.9,202,1798
10000,36,9012.0,272,27.2,988,9012
20000,36,18026.0,483,48.3,1974,18026
40000,36,35926.0,976,97.6,4074,35926
60000,36,53864.0,1493,149.3,6136,53864
80000,36,71738.0,1979,197.9,8262,71738
100000,36,89590.0,2488,248.8,10410,89590
2,37,2.0,0,0.0,0,2
3,37,3.0,0,0.0,0,3
100,37,86.0,4,0.4,14,86
200,37,176.0,6,0.6,24,176
2000,37,1786.0,45,4.5,214,1786
10000,37,8945.0,248,24.8,1055,8945
20000,37,17922.0,516,51.6,2078,17922
40000,37,35878.0,1003,100.3,4122,35878
60000,37,53825.0,1503,150.3,6175,53825
80000,37,71773.0,2016,201.6,8227,71773
100000,37,89704.0,2536,253.6,10296,89704
2,38,2.0,0,0.0,0,2
3,38,3.0,0,0.0,0,3
100,38,92.0,4,0.4,8,92
200,38,180.0,6,0.6,20,180
2000,38,1795.0,56,5.6,205,1795
10000,38,8988.0,231,23.1,1012,8988
20000,38,17928.0,480,48.0,2072,17928
40000,38,35920.0,970,97.0,4080,35920
60000,38,53827.0,1476,147.6,6173,53827
80000,38,71855.0,1925,192.5,8145,71855
100000,38,89745.0,2408,240.8,10255,89745
2,39,1.0,0,0.0,1,1
3,39,2.0,0,0.0,1,2
100,39,85.0,17,1.7,15,85
200,39,175.0,21,2.1,25,175
2000,39,1803.0,64,6.4,197,1803
10000,39,9002.0,264,26.4,998,9002
20000,39,17976.0,506,50.6,2024,17976
40000,39,35869.0,1018,101.8,4131,35869
60000,39,53844.0,1493,149.3,6156,53844
80000,39,71765.0,2001,200.1,8235,71765
100000,39,89793.0,2531,253.1,10207,89793
2,40,2.0,0,0.0,0,2
3,40,3.0,1,0.1,0,3
100,40,87.0,40,4.0,13,87
200,40,179.0,46,4.6,21,179
2000,40,1820.0,79,7.9,180,1820
10000,40,8982.0,274,27.4,1018,8982
20000,40,18006.0,536,53.6,1994,18006
40000,40,36004.0,1052,105.2,3996,36004
60000,40,53883.0,1557,155.7,6117,53883
80000,40,71821.0,2019,201.9,8179,71821
100000,40,89664.0,2543,254.3,10336,89664
2,41,1.0,0,0.0,1,1
3,41,2.0,0,0.0,1,2
100,41,81.0,95,9.5,19,81
200,41,170.0,112,11.2,30,170
2000,41,1794.0,156,15.6,206,1794
10000,41,8945.0,350,35.0,1055,8945
20000,41,17864.0,634,63.4,2136,17864
40000,41,35838.0,1110,111.0,4162,35838
60000,41,53772.0,1619,161.9,6228,53772
80000,41,71794.0,2113,211.3,8206,71794
100000,41,89783.0,2642,264.2,10217,89783
2,42,2.0,0,0.0,0,2
3,42,3.0,0,0.0,0,3
100,42,87.0,5,0.5,13,87
200,42,175.0,5,0.5,25,175
2000,42,1790.0,48,4.8,210,1790
10000,42,8964.0,253,25.3,1036,8964
20000,42,17967.0,523,52.3,2033,17967
40000,42,35905.0,1032,103.2,4095,35905
60000,42,53872.0,1587,158.7,6128,53872
80000,42,71817.0,2056,205.6,8183,71817
100000,42,89746.0,2569,256.9,10254,89746
2,43,2.0,0,0.0,0,2
3,43,3.0,0,0.0,0,3
100,43,89.0,5,0.5,11,89
200,43,174.0,8,0.8,26,174
2000,43,1784.0,59,5.9,216,1784
10000,43,8968.0,263,26.3,1032,8968
20000,43,17883.0,538,53.8,2117,17883
40000,43,35760.0,998,99.8,4240,35760
60000,43,53760.0,1520,152.0,6240,53760
80000,43,71696.0,1989,198.9,8304,71696
100000,43,89603.0,2484,248.4,10397,89603
2,44,1.0,0,0.0,1,1
3,44,1.0,0,0.0,2,1
100,44,84.0,3,0.3,16,84
200,44,176.0,13,1.3,24,176
2000,44,1809.0,58,5.8,191,1809
10000,44,8943.0,273,27.3,1057,8943
20000,44,17947.0,504,50.4,2053,17947
40000,44,35924.0,1047,104.7,4076,35924
60000,44,53855.0,1562,156.2,6145,53855
80000,44,71729.0,2060,206.0,8271,71729
100000,44,89694.0,2555,255.5,10306,89694
2,45,1.0,0,0.0,1,1
3,45,2.0,0,0.0,1,2
100,45,87.0,10,1.0,13,87
200,45,172.0,12,1.2,28,172
2000,45,1789.0,57,5.7,211,1789
10000,45,8975.0,235,23.5,1025,8975
20000,45,17921.0,475,47.5,2079,17921
40000,45,35839.0,958,95.8,4161,35839
60000,45,53744.0,1509,150.9,6256,53744
80000,45,71642.0,1992,199.2,8358,71642
100000,45,89621.0,2473,247.3,10379,89621
2,46,1.0,0,0.0,1,1
3,46,1.0,0,0.0,2,1
100,46,91.0,4,0.4,9,91
200,46,180.0,8,0.8,20,180
2000,46,1793.0,59,5.9,207,1793
10000,46,8995.0,259,25.9,1005,8995
20000,46,17951.0,518,51.8,2049,17951
40000,46,35792.0,1032,103.2,4208,35792
60000,46,53706.0,1506,150.6,6294,53706
80000,46,71623.0,1990,199.0,8377,71623
100000,46,89658.0,2465,246.5,10342,89658
2,47,2.0,0,0.0,0,2
3,47,3.0,0,0.0,0,3
100,47,90.0,3,0.3,10,90
200,47,184.0,4,0.4,16,184
2000,47,1798.0,46,4.6,202,1798
10000,47,8979.0,221,22.1,1021,8979
20000,47,17944.0,487,48.7,2056,17944
40000,47,35890.0,1033,103.3,4110,35890
60000,47,53798.0,1527,152.7,6202,53798
80000,47,71818.0,1999,199.9,8182,71818
100000,47,89793.0,2479,247.9,10207,89793
2,48,1.0,0,0.0,1,1
3,48,2.0,0,0.0,1,2
100,48,83.0,1,0.1,17,83
200,48,172.0,2,0.2,28,172
2000,48,1794.0,43,4.3,206,1794
10000,48,8982.0,257,25.7,1018,8982
20000,48,17914.0,495,49.5,2086,17914
40000,48,35840.0,973,97.3,4160,35840
60000,48,53807.0,1429,142.9,6193,53807
80000,48,71762.0,1932,193.2,8238,71762
100000,48,89761.0,2408,240.8,10239,89761
2,49,2.0,2,0.2,0,2
3,49,3.0,3,0.3,0,3
100,49,84.0,83,8.3,16,84
200,49,170.0,111,11.1,30,170
2000,49,1809.0,159,15.9,191,1809
10000,49,9050.0,354,35.4,950,9050
20000,49,18077.0,604,60.4,1923,18077
40000,49,36068.0,1092,109.2,3932,36068
60000,49,54031.0,1575,157.5,5969,54031
80000,49,72032.0,2097,209.7,7968,72032
100000,49,89986.0,2596,259.6,10014,89986
2,50,2.0,0,0.0,0,2
3,50,3.0,0,0.0,0,3
100,50,92.0,9,0.9,8,92
200,50,180.0,14,1.4,20,180
2000,50,1783.0,85,8.5,217,1783
10000,50,8966.0,271,27.1,1034,8966
20000,50,17963.0,514,51.4,2037,17963
40000,50,35870.0,1059,105.9,4130,35870
60000,50,53778.0,1589,158.9,6222,53778
80000,50,71736.0,2078,207.8,8264,71736
100000,50,89712.0,2580,258.0,10288,89712
2,51,2.0,0,0.0,0,2
3,51,3.0,0,0.0,0,3
100,51,91.0,5,0.5,9,91
200,51,181.0,8,0.8,19,181
2000,51,1792.0,54,5.4,208,1792
10000,51,8963.0,261,26.1,1037,8963
20000,51,17956.0,546,54.6,2044,17956
40000,51,35903.0,1082,108.2,4097,35903
60000,51,53858.0,1583,158.3,6142,53858
80000,51,71785.0,2076,207.6,8215,71785
100000,51,89718.0,2570,257.0,10282,89718
2,52,1.0,0,0.0,1,1
3,52,2.0,0,0.0,1,2
100,52,82.0,13,1.3,18,82
200,52,175.0,15,1.5,25,175
2000,52,1802.0,66,6.6,198,1802
10000,52,9011.0,251,25.1,989,9011
20000,52,17986.0,487,48.7,2014,17986
40000,52,35866.0,965,96.5,4134,35866
60000,52,53819.0,1433,143.3,6181,53819
80000,52,71773.0,1915,191.5,8227,71773
100000,52,89720.0,2420,242.0,10280,89720
2,53,1.0,0,0.0,1,1
3,53,2.0,0,0.0,1,2
100,53,90.0,1,0.1,10,90
200,53,176.0,2,0.2,24,176
2000,53,1810.0,63,6.3,190,1810
10000,53,9015.0,264,26.4,985,9015
20000,53,18029.0,530,53.0,1971,18029
40000,53,36036.0,1029,102.9,3964,36036
60000,53,53981.0,1533,153.3,6019,53981
80000,53,71922.0,2026,202.6,8078,71922
100000,53,89817.0,2534,253.4,10183,89817
2,54,1.0,0,0.0,1,1
3,54,1.0,0,0.0,2,1
100,54,90.0,0,0.0,10,90
200,54,180.0,3,0.3,20,180
2000,54,1785.0,43,4.3,215,1785
10000,54,9016.0,251,25.1,984,9016
20000,54,18011.0,537,53.7,1989,18011
40000,54,35970.0,1065,106.5,4030,35970
60000,54,53984.0,1564,156.4,6016,53984
80000,54,71931.0,2036,203.6,8069,71931
100000,54,89930.0,2504,250.4,10070,89930
2,55,2.0,0,0.0,0,2
3,55,3.0,0,0.0,0,3
100,55,93.0,3,0.3,7,93
200,55,175.0,5,0.5,25,175
2000,55,1795.0,46,4.6,205,1795
10000,55,8960.0,241,24.1,1040,8960
20000,55,17915.0,490,49.0,2085,17915
40000,55,35870.0,980,98.0,4130,35870
60000,55,53786.0,1473,147.3,6214,53786
80000,55,71692.0,1962,196.2,8308,71692
100000,55,89654.0,2448,244.8,10346,89654
2,56,2.0,0,0.0,0,2
3,56,3.0,0,0.0,0,3
100,56,91.0,4,0.4,9,91
200,56,182.0,7,0.7,18,182
2000,56,1831.0,46,4.6,169,1831
10000,56,9015.0,244,24.4,985,9015
20000,56,18028.0,496,49.6,1972,18028
40000,56,36019.0,1057,105.7,3981,36019
60000,56,53890.0,1562,156.2,6110,53890
80000,56,71858.0,2053,205.3,8142,71858
100000,56,89863.0,2538,253.8,10137,89863
2,57,2.0,0,0.0,0,2
3,57,3.0,0,0.0,0,3
100,57,89.0,17,1.7,11,89
200,57,179.0,22,2.2,21,179
2000,57,1797.0,68,6.8,203,1797
10000,57,9033.0,265,26.5,967,9033
20000,57,18051.0,487,48.7,1949,18051
40000,57,35989.0,973,97.3,4011,35989
60000,57,53931.0,1472,147.2,6069,53931
80000,57,71803.0,1974,197.4,8197,71803
100000,57,89722.0,2450,245.0,10278,89722
2,58,2.0,0,0.0,0,2
3,58,3.0,0,0.0,0,3
100,58,95.0,0,0.0,5,95
200,58,189.0,13,1.3,11,189
2000,58,1801.0,47,4.7,199,1801
10000,58,8940.0,228,22.8,1060,8940
20000,58,17963.0,464,46.4,2037,17963
40000,58,35981.0,978,97.8,4019,35981
60000,58,53980.0,1465,146.5,6020,53980
80000,58,71904.0,1979,197.9,8096,71904
100000,58,89903.0,2482,248.2,10097,89903
2,59,2.0,0,0.0,0,2
3,59,3.0,0,0.0,0,3
100,59,85.0,3,0.3,15,85
200,59,178.0,4,0.4,22,178
2000,59,1800.0,49,4.9,200,1800
10000,59,9001.0,262,26.2,999,9001
20000,59,17975.0,537,53.7,2025,17975
40000,59,35901.0,1031,103.1,4099,35901
60000,59,53746.0,1525,152.5,6254,53746
80000,59,71627.0,2030,203.0,8373,71627
100000,59,89634.0,2497,249.7,10366,89634
2,60,2.0,0,0.0,0,2
3,60,3.0,0,0.0,0,3
100,60,85.0,21,2.1,15,85
200,60,172.0,26,2.6,28,172
2000,60,1775.0,62,6.2,225,1775
10000,60,8921.0,271,27.1,1079,8921
20000,60,17919.0,514,51.4,2081,17919
40000,60,35895.0,1019,101.9,4105,35895
60000,60,53860.0,1510,151.0,6140,53860
80000,60,71785.0,2017,201.7,8215,71785
100000,60,89722.0,2476,247.6,10278,89722
2,61,2.0,0,0.0,0,2
3,61,3.0,0,0.0,0,3
100,61,87.0,2,0.2,13,87
200,61,180.0,4,0.4,20,180
2000,61,1805.0,38,3.8,195,1805
10000,61,8966.0,224,22.4,1034,8966
20000,61,17942.0,472,47.2,2058,17942
40000,61,35903.0,991,99.1,4097,35903
60000,61,53817.0,1466,146.6,6183,53817
80000,61,71775.0,1970,197.0,8225,71775
100000,61,89707.0,2471,247.1,10293,89707
2,62,2.0,0,0.0,0,2
3,62,2.0,0,0.0,1,2
100,62,83.0,7,0.7,17,83
200,62,169.0,11,1.1,31,169
2000,62,1797.0,52,5.2,203,1797
10000,62,9023.0,246,24.6,977,9023
20000,62,17967.0,484,48.4,2033,17967
40000,62,35950.0,1012,101.2,4050,35950
60000,62,53832.0,1493,149.3,6168,53832
80000,62,71773.0,1999,199.9,8227,71773
100000,62,89790.0,2496,249.6,10210,89790
2,63,1.0,0,0.0,1,1
3,63,2.0,0,0.0,1,2
100,63,81.0,41,4.1,19,81
200,63,168.0,43,4.3,32,168
2000,63,1769.0,88,8.8,231,1769
10000,63,8913.0,288,28.8,1087,8913
20000,63,17865.0,554,55.4,2135,17865
40000,63,35787.0,1025,102.5,4213,35787
60000,63,53740.0,1522,152.2,6260,53740
80000,63,71625.0,1990,199.0,8375,71625
100000,63,89632.0,2514,251.4,10368,89632
2,64,2.0,0,0.0,0,2
3,64,3.0,0,0.0,0,3
100,64,90.0,4,0.4,10,90
200,64,184.0,6,0.6,16,184
2000,64,1769.0,56,5.6,231,1769
10000,64,8919.0,271,27.1,1081,8919
20000,64,17868.0,531,53.1,2132,17868
40000,64,35852.0,1029,102.9,4148,35852
60000,64,53813.0,1553,155.3,6187,53813
80000,64,71722.0,2071,207.1,8278,71722
100000,64,89763.0,2595,259.5,10237,89763
2,65,1.0,0,0.0,1,1
3,65,2.0,0,0.0,1,2
100,65,85.0,75,7.5,15,85
200,65,163.0,142,14.2,37,163
2000,65,1781.0,202,20.2,219,1781
10000,65,8897.0,395,39.5,1103,8897
20000,65,17880.0,643,64.3,2120,17880
40000,65,35846.0,1136,113.6,4154,35846
60000,65,53795.0,1710,171.0,6205,53795
80000,65,71745.0,2232,223.2,8255,71745
100000,65,89690.0,2693,269.3,10310,89690
2,66,2.0,0,0.0,0,2
3,66,2.0,0,0.0,1,2
100,66,90.0,2,0.2,10,90
200,66,183.0,3,0.3,17,183
2000,66,1799.0,87,8.7,201,1799
10000,66,8974.0,287,28.7,1026,8974
20000,66,17928.0,554,55.4,2072,17928
40000,66,35858.0,1057,105.7,4142,35858
60000,66,53766.0,1553,155.3,6234,53766
80000,66,71670.0,2033,203.3,8330,71670
100000,66,89703.0,2538,253.8,10297,89703
2,67,2.0,0,0.0,0,2
3,67,2.0,0,0.0,1,2
100,67,93.0,10,1.0,7,93
200,67,182.0,14,1.4,18,182
2000,67,1778.0,62,6.2,222,1778
10000,67,8943.0,250,25.0,1057,8943
20000,67,17998.0,493,49.3,2002,17998
40000,67,35973.0,955,95.5,4027,35973
60000,67,53909.0,1476,147.6,6091,53909
80000,67,71887.0,1973,197.3,8113,71887
100000,67,89823.0,2442,244.2,10177,89823
2,68,1.0,0,0.0,1,1
3,68,2.0,0,0.0,1,2
100,68,91.0,3,0.3,9,91
200,68,176.0,5,0.5,24,176
2000,68,1793.0,59,5.9,207,1793
10000,68,8962.0,303,30.3,1038,8962
20000,68,17928.0,575,57.5,2072,17928
40000,68,35841.0,1100,110.0,4159,35841
60000,68,53874.0,1578,157.8,6126,53874
80000,68,71785.0,2062,206.2,8215,71785
100000,68,89729.0,2594,259.4,10271,89729
2,69,1.0,0,0.0,1,1
3,69,2.0,0,0.0,1,2
100,69,80.0,92,9.2,20,80
200,69,152.0,189,18.9,48,152
2000,69,1748.0,554,55.4,252,1748
10000,69,8907.0,785,78.5,1093,8907
20000,69,17937.0,1007,100.7,2063,17937
40000,69,35849.0,1459,145.9,4151,35849
60000,69,53738.0,1953,195.3,6262,53738
80000,69,71639.0,2422,242.2,8361,71639
100000,69,89638.0,2929,292.9,10362,89638
2,70,2.0,0,0.0,0,2
3,70,3.0,0,0.0,0,3
100,70,88.0,4,0.4,12,88
200,70,182.0,6,0.6,18,182
2000,70,1784.0,48,4.8,216,1784
10000,70,8934.0,208,20.8,1066,8934
20000,70,17871.0,435,43.5,2129,17871
40000,70,35769.0,927,92.7,4231,35769
60000,70,53743.0,1399,139.9,6257,53743
80000,70,71747.0,1857,185.7,8253,71747
100000,70,89733.0,2332,233.2,10267,89733
2,71,2.0,0,0.0,0,2
3,71,3.0,0,0.0,0,3
100,71,93.0,3,0.3,7,93
200,71,186.0,5,0.5,14,186
2000,71,1808.0,54,5.4,192,1808
10000,71,8999.0,265,26.5,1001,8999
20000,71,17947.0,502,50.2,2053,17947
40000,71,35839.0,980,98.0,4161,35839
60000,71,53714.0,1469,146.9,6286,53714
80000,71,71618.0,1980,198.0,8382,71618
100000,71,89561.0,2494,249.4,10439,89561
2,72,2.0,0,0.0,0,2
3,72,3.0,0,0.0,0,3
100,72,86.0,5,0.5,14,86
200,72,171.0,7,0.7,29,171
2000,72,1805.0,56,5.6,195,1805
10000,72,8908.0,268,26.8,1092,8908
20000,72,17835.0,529,52.9,2165,17835
40000,72,35825.0,1027,102.7,4175,35825
60000,72,53808.0,1521,152.1,6192,53808
80000,72,71683.0,2056,205.6,8317,71683
100000,72,89780.0,2541,254.1,10220,89780
2,73,2.0,0,0.0,0,2
3,73,3.0,0,0.0,0,3
100,73,90.0,3,0.3,10,90
200,73,182.0,3,0.3,18,182
2000,73,1785.0,55,5.5,215,1785
10000,73,8998.0,234,23.4,1002,8998
20000,73,17992.0,453,45.3,2008,17992
40000,73,35902.0,944,94.4,4098,35902
60000,73,53878.0,1460,146.0,6122,53878
80000,73,71793.0,1923,192.3,8207,71793
100000,73,89795.0,2433,243.3,10205,89795
2,74,1.0,0,0.0,1,1
3,74,2.0,0,0.0,1,2
100,74,88.0,96,9.6,12,88
200,74,167.0,196,19.6,33,167
2000,74,1780.0,289,28.9,220,1780
10000,74,8973.0,499,49.9,1027,8973
20000,74,17979.0,753,75.3,2021,17979
40000,74,35889.0,1208,120.8,4111,35889
60000,74,53897.0,1695,169.5,6103,53897
80000,74,71842.0,2207,220.7,8158,71842
100000,74,89791.0,2722,272.2,10209,89791
2,75,1.0,0,0.0,1,1
3,75,2.0,0,0.0,1,2
100,75,94.0,0,0.0,6,94
200,75,186.0,4,0.4,14,186
2000,75,1787.0,53,5.3,213,1787
10000,75,8945.0,243,24.3,1055,8945
20000,75,17934.0,482,48.2,2066,17934
40000,75,35914.0,994,99.4,4086,35914
60000,75,53837.0,1462,146.2,6163,53837
80000,75,71798.0,1959,195.9,8202,71798
100000,75,89701.0,2443,244.3,10299,89701
2,76,1.0,0,0.0,1,1
3,76,2.0,0,0.0,1,2
100,76,96.0,0,0.0,4,96
200,76,186.0,14,1.4,14,186
2000,76,1811.0,51,5.1,189,1811
10000,76,9016.0,269,26.9,984,9016
20000,76,17967.0,503,50.3,2033,17967
40000,76,35977.0,997,99.7,4023,35977
60000,76,54003.0,1503,150.3,5997,54003
80000,76,71943.0,1977,197.7,8057,71943
100000,76,89887.0,2492,249.2,10113,89887
2,77,2.0,0,0.0,0,2
3,77,3.0,0,0.0,0,3
100,77,92.0,4,0.4,8,92
200,77,181.0,6,0.6,19,181
2000,77,1810.0,62,6.2,190,1810
10000,77,9029.0,290,29.0,971,9029
20000,77,18041.0,514,51.4,1959,18041
40000,77,36072.0,1017,101.7,3928,36072
60000,77,54044.0,1507,150.7,5956,54044
80000,77,71981.0,1997,199.7,8019,71981
100000,77,89896.0,2533,253.3,10104,89896
2,78,2.0,0,0.0,0,2
3,78,3.0,0,0.0,0,3
100,78,86.0,5,0.5,14,86
200,78,178.0,6,0.6,22,178
2000,78,1792.0,62,6.2,208,1792
10000,78,8937.0,283,28.3,1063,8937
20000,78,17938.0,546,54.6,2062,17938
40000,78,36006.0,1033,103.3,3994,36006
60000,78,53915.0,1523,152.3,6085,53915
80000,78,71855.0,2007,200.7,8145,71855
100000,78,89779.0,2499,249.9,10221,89779
2,79,1.0,0,0.0,1,1
3,79,2.0,0,0.0,1,2
100,79,89.0,6,0.6,11,89
200,79,170.0,8,0.8,30,170
2000,79,1785.0,55,5.5,215,1785
10000,79,8987.0,266,26.6,1013,8987
20000,79,17933.0,533,53.3,2067,17933
40000,79,35877.0,997,99.7,4123,35877
60000,79,53834.0,1510,151.0,6166,53834
80000,79,71748.0,2012,201.2,8252,71748
100000,79,89631.0,2523,252.3,10369,89631
2,80,2.0,0,0.0,0,2
3,80,3.0,0,0.0,0,3
100,80,88.0,2,0.2,12,88
200,80,182.0,6,0.6,18,182
2000,80,1797.0,58,5.8,203,1797
10000,80,8972.0,270,27.0,1028,8972
20000,80,17924.0,539,53.9,2076,17924
40000,80,35856.0,1013,101.3,4144,35856
60000,80,53792.0,1519,151.9,6208,53792
80000,80,71762.0,2029,202.9,8238,71762
100000,80,89736.0,2538,253.8,10264,89736
2,81,2.0,0,0.0,0,2
3,81,3.0,0,0.0,0,3
100,81,90.0,8,0.8,10,90
200,81,186.0,8,0.8,14,186
2000,81,1799.0,63,6.3,201,1799
10000,81,8963.0,279,27.9,1037,8963
20000,81,17904.0,530,53.0,2096,17904
40000,81,35837.0,1065,106.5,4163,35837
60000,81,53723.0,1569,156.9,6277,53723
80000,81,71769.0,2074,207.4,8231,71769
100000,81,89742.0,2574,257.4,10258,89742
2,82,2.0,0,0.0,0,2
3,82,3.0,0,0.0,0,3
100,82,89.0,8,0.8,11,89
200,82,180.0,10,1.0,20,180
2000,82,1782.0,49,4.9,218,1782
10000,82,8997.0,242,24.2,1003,8997
20000,82,17970.0,499,49.9,2030,17970
40000,82,35983.0,984,98.4,4017,35983
60000,82,53900.0,1483,148.3,6100,53900
80000,82,71814.0,1994,199.4,8186,71814
100000,82,89714.0,2520,252.0,10286,89714
2,83,2.0,0,0.0,0,2
3,83,3.0,0,0.0,0,3
100,83,88.0,3,0.3,12,88
200,83,181.0,5,0.5,19,181
2000,83,1813.0,43,4.3,187,1813
10000,83,8967.0,235,23.5,1033,8967
20000,83,17929.0,480,48.0,2071,17929
40000,83,35947.0,964,96.4,4053,35947
60000,83,53935.0,1469,146.9,6065,53935
80000,83,71853.0,1930,193.0,8147,71853
100000,83,89795.0,2441,244.1,10205,89795
2,84,2.0,1,0.1,0,2
3,84,3.0,1,0.1,0,3
100,84,91.0,7,0.7,9,91
200,84,187.0,9,0.9,13,187
2000,84,1824.0,84,8.4,176,1824
10000,84,9009.0,282,28.2,991,9009
20000,84,18016.0,532,53.2,1984,18016
40000,84,35926.0,1043,104.3,4074,35926
60000,84,53880.0,1543,154.3,6120,53880
80000,84,71837.0,2061,206.1,8163,71837
100000,84,89774.0,2550,255.0,10226,89774
2,85,2.0,0,0.0,0,2
3,85,3.0,0,0.0,0,3
100,85,92.0,4,0.4,8,92
200,85,181.0,6,0.6,19,181
2000,85,1793.0,68,6.8,207,1793
10000,85,8924.0,252,25.2,1076,8924
20000,85,17864.0,515,51.5,2136,17864
40000,85,35820.0,1031,103.1,4180,35820
60000,85,53727.0,1533,153.3,6273,53727
80000,85,71675.0,2031,203.1,8325,71675
100000,85,89643.0,2552,255.2,10357,89643
2,86,2.0,0,0.0,0,2
3,86,3.0,0,0.0,0,3
100,86,92.0,6,0.6,8,92
200,86,180.0,6,0.6,20,180
2000,86,1798.0,43,4.3,202,1798
10000,86,8955.0,261,26.1,1045,8955
20000,86,17943.0,498,49.8,2057,17943
40000,86,35929.0,965,96.5,4071,35929
60000,86,53920.0,1442,144.2,6080,53920
80000,86,71829.0,1947,194.7,8171,71829
100000,86,89761.0,2435,243.5,10239,89761
2,87,2.0,0,0.0,0,2
3,87,3.0,0,0.0,0,3
100,87,91.0,8,0.8,9,91
200,87,180.0,15,1.5,20,180
2000,87,1776.0,56,5.6,224,1776
10000,87,8971.0,242,24.2,1029,8971
20000,87,17927.0,485,48.5,2073,17927
40000,87,35871.0,1013,101.3,4129,35871
60000,87,53838.0,1538,153.8,6162,53838
80000,87,71825.0,2033,203.3,8175,71825
100000,87,89661.0,2529,252.9,10339,89661
2,88,2.0,0,0.0,0,2
3,88,3.0,0,0.0,0,3
100,88,89.0,6,0.6,11,89
200,88,180.0,7,0.7,20,180
2000,88,1809.0,62,6.2,191,1809
10000,88,8990.0,257,25.7,1010,8990
20000,88,17959.0,502,50.2,2041,17959
40000,88,35907.0,1024,102.4,4093,35907
60000,88,53824.0,1570,157.0,6176,53824
80000,88,71748.0,2058,205.8,8252,71748
100000,88,89703.0,2544,254.4,10297,89703
2,89,2.0,0,0.0,0,2
3,89,3.0,0,0.0,0,3
100,89,88.0,3,0.3,12,88
200,89,172.0,8,0.8,28,172
2000,89,1769.0,51,5.1,231,1769
10000,89,8950.0,246,24.6,1050,8950
20000,89,17939.0,485,48.5,2061,17939
40000,89,35883.0,965,96.5,4117,35883
60000,89,53829.0,1482,148.2,6171,53829
80000,89,71749.0,1946,194.6,8251,71749
100000,89,89712.0,2454,245.4,10288,89712
2,90,1.0,0,0.0,1,1
3,90,2.0,0,0.0,1,2
100,90,87.0,16,1.6,13,87
200,90,177.0,18,1.8,23,177
2000,90,1816.0,65,6.5,184,1816
10000,90,9024.0,270,27.0,976,9024
20000,90,17986.0,520,52.0,2014,17986
40000,90,35954.0,1025,102.5,4046,35954
60000,90,53917.0,1541,154.1,6083,53917
80000,90,71811.0,2027,202.7,8189,71811
100000,90,89710.0,2501,250.1,10290,89710
2,91,2.0,0,0.0,0,2
3,91,2.0,0,0.0,1,2
100,91,84.0,4,0.4,16,84
200,91,171.0,7,0.7,29,171
2000,91,1798.0,55,5.5,202,1798
10000,91,9003.0,250,25.0,997,9003
20000,91,18036.0,493,49.3,1964,18036
40000,91,36011.0,1012,101.2,3989,36011
60000,91,53919.0,1511,151.1,6081,53919
80000,91,71850.0,2030,203.0,8150,71850
100000,91,89752.0,2525,252.5,10248,89752
2,92,2.0,0,0.0,0,2
3,92,3.0,0,0.0,0,3
100,92,88.0,0,0.0,12,88
200,92,171.0,0,0.0,29,171
2000,92,1801.0,70,7.0,199,1801
10000,92,8967.0,273,27.3,1033,8967
20000,92,17895.0,531,53.1,2105,17895
40000,92,35760.0,1018,101.8,4240,35760
60000,92,53733.0,1524,152.4,6267,53733
80000,92,71686.0,2001,200.1,8314,71686
100000,92,89680.0,2494,249.4,10320,89680
2,93,1.0,0,0.0,1,1
3,93,2.0,0,0.0,1,2
100,93,86.0,5,0.5,14,86
200,93,172.0,7,0.7,28,172
2000,93,1786.0,54,5.4,214,1786
10000,93,8933.0,266,26.6,1067,8933
20000,93,17940.0,512,51.2,2060,17940
40000,93,35860.0,995,99.5,4140,35860
60000,93,53841.0,1488,148.8,6159,53841
80000,93,71859.0,1976,197.6,8141,71859
100000,93,89866.0,2492,249.2,10134,89866
2,94,2.0,0,0.0,0,2
3,94,3.0,0,0.0,0,3
100,94,93.0,5,0.5,7,93
200,94,175.0,10,1.0,25,175
2000,94,1776.0,45,4.5,224,1776
10000,94,8989.0,235,23.5,1011,8989
20000,94,17927.0,510,51.0,2073,17927
40000,94,35892.0,1029,102.9,4108,35892
60000,94,53883.0,1537,153.7,6117,53883
80000,94,71856.0,2069,206.9,8144,71856
100000,94,89853.0,2572,257.2,10147,89853
2,95,2.0,0,0.0,0,2
3,95,3.0,0,0.0,0,3
100,95,92.0,35,3.5,8,92
200,95,177.0,39,3.9,23,177
2000,95,1779.0,159,15.9,221,1779
10000,95,8991.0,368,36.8,1009,8991
20000,95,17890.0,643,64.3,2110,17890
40000,95,35787.0,1127,112.7,4213,35787
60000,95,53724.0,1651,165.1,6276,53724
80000,95,71651.0,2176,217.6,8349,71651
100000,95,89512.0,2721,272.1,10488,89512
2,96,1.0,0,0.0,1,1
3,96,2.0,0,0.0,1,2
100,96,86.0,19,1.9,14,86
200,96,180.0,22,2.2,20,180
2000,96,1807.0,76,7.6,193,1807
10000,96,8974.0,268,26.8,1026,8974
20000,96,17962.0,501,50.1,2038,17962
40000,96,35829.0,1001,100.1,4171,35829
60000,96,53754.0,1523,152.3,6246,53754
80000,96,71706.0,2023,202.3,8294,71706
100000,96,89670.0,2506,250.6,10330,89670
2,97,2.0,0,0.0,0,2
3,97,2.0,0,0.0,1,2
100,97,91.0,3,0.3,9,91
200,97,175.0,7,0.7,25,175
2000,97,1767.0,57,5.7,233,1767
10000,97,8955.0,242,24.2,1045,8955
20000,97,17975.0,520,52.0,2025,17975
40000,97,35970.0,1025,102.5,4030,35970
60000,97,53935.0,1484,148.4,6065,53935
80000,97,71829.0,1978,197.8,8171,71829
100000,97,89835.0,2498,249.8,10165,89835
2,98,2.0,0,0.0,0,2
3,98,3.0,0,0.0,0,3
100,98,88.0,62,6.2,12,88
200,98,169.0,132,13.2,31,169
2000,98,1789.0,174,17.4,211,1789
10000,98,8964.0,361,36.1,1036,8964
20000,98,17890.0,613,61.3,2110,17890
40000,98,35787.0,1100,110.0,4213,35787
60000,98,53738.0,1609,160.9,6262,53738
80000,98,71662.0,2135,213.5,8338,71662
100000,98,89585.0,2613,261.3,10415,89585
2,99,2.0,0,0.0,0,2
3,99,3.0,0,0.0,0,3
100,99,90.0,3,0.3,10,90
200,99,175.0,7,0.7,25,175
2000,99,1798.0,52,5.2,202,1798
10000,99,8979.0,245,24.5,1021,8979
20000,99,18011.0,498,49.8,1989,18011
40000,99,35920.0,1017,101.7,4080,35920
60000,99,53919.0,1492,149.2,6081,53919
80000,99,71960.0,1993,199.3,8040,71960
100000,99,89948.0,2508,250.8,10052,89948
2,100,2.0,0,0.0,0,2
3,100,3.0,0,0.0,0,3
100,100,90.0,6,0.6,10,90
200,100,177.0,11,1.1,23,177
2000,100,1782.0,59,5.9,218,1782
10000,100,9009.0,264,26.4,991,9009
20000,100,18002.0,531,53.1,1998,18002
40000,100,35887.0,1015,101.5,4113,35887
60000,100,53826.0,1508,150.8,6174,53826
80000,100,71775.0,2003,200.3,8225,71775
100000,100,89667.0,2484,248.4,10333,89667
