Timestep,Iteration,Total Reward,Suboptimal Arms,Total Regret,Zeros Count,Ones Count
2,1,1.0,2,0.2,1,1
3,1,2.0,3,0.3,1,2
100,1,88.0,17,1.7,12,88
200,1,177.0,18,1.8,23,177
2000,1,1776.0,58,5.8,224,1776
10000,1,8960.0,262,26.2,1040,8960
20000,1,17929.0,515,51.5,2071,17929
40000,1,35856.0,971,97.1,4144,35856
60000,1,53838.0,1446,144.6,6162,53838
80000,1,71805.0,1971,197.1,8195,71805
100000,1,89712.0,2496,249.6,10288,89712
2,2,2.0,2,0.2,0,2
3,2,3.0,3,0.3,0,3
100,2,92.0,18,1.8,8,92
200,2,184.0,19,1.9,16,184
2000,2,1777.0,61,6.1,223,1777
10000,2,8970.0,268,26.8,1030,8970
20000,2,17935.0,528,52.8,2065,17935
40000,2,35909.0,1009,100.9,4091,35909
60000,2,53870.0,1528,152.8,6130,53870
80000,2,71776.0,2022,202.2,8224,71776
100000,2,89727.0,2543,254.3,10273,89727
2,3,1.0,2,0.2,1,1
3,3,2.0,3,0.3,1,2
100,3,82.0,46,4.6,18,82
200,3,172.0,48,4.8,28,172
2000,3,1790.0,97,9.7,210,1790
10000,3,8947.0,282,28.2,1053,8947
20000,3,17898.0,556,55.6,2102,17898
40000,3,35801.0,1057,105.7,4199,35801
60000,3,53711.0,1571,157.1,6289,53711
80000,3,71687.0,2036,203.6,8313,71687
100000,3,89635.0,2499,249.9,10365,89635
2,4,2.0,2,0.2,0,2
3,4,3.0,3,0.3,0,3
100,4,80.0,56,5.6,20,80
200,4,167.0,57,5.7,33,167
2000,4,1804.0,98,9.8,196,1804
10000,4,8937.0,291,29.1,1063,8937
20000,4,17912.0,514,51.4,2088,17912
40000,4,35837.0,997,99.7,4163,35837
60000,4,53806.0,1503,150.3,6194,53806
80000,4,71782.0,1988,198.8,8218,71782
100000,4,89698.0,2523,252.3,10302,89698
2,5,2.0,2,0.2,0,2
3,5,3.0,3,0.3,0,3
100,5,89.0,19,1.9,11,89
200,5,179.0,26,2.6,21,179
2000,5,1802.0,58,5.8,198,1802
10000,5,8997.0,266,26.6,1003,8997
20000,5,17974.0,508,50.8,2026,17974
40000,5,35937.0,995,99.5,4063,35937
60000,5,53861.0,1518,151.8,6139,53861
80000,5,71734.0,2014,201.4,8266,71734
100000,5,89736.0,2451,245.1,10264,89736
2,6,2.0,2,0.2,0,2
3,6,3.0,3,0.3,0,3
100,6,84.0,94,9.4,16,84
200,6,163.0,192,19.2,37,163
2000,6,1605.0,1953,195.3,395,1605
10000,6,8681.0,2962,296.2,1319,8681
20000,6,17685.0,3208,320.8,2315,17685
40000,6,35648.0,3723,372.3,4352,35648
60000,6,53623.0,4184,418.4,6377,53623
80000,6,71546.0,4717,471.7,8454,71546
100000,6,89426.0,5184,518.4,10574,89426
2,7,0.0,2,0.2,2,0
3,7,1.0,3,0.3,2,1
100,7,77.0,98,9.8,23,77
200,7,152.0,196,19.6,48,152
2000,7,1681.0,1120,112.0,319,1681
10000,7,8870.0,1301,130.1,1130,8870
20000,7,17872.0,1573,157.3,2128,17872
40000,7,35834.0,2066,206.6,4166,35834
60000,7,53741.0,2588,258.8,6259,53741
80000,7,71736.0,3043,304.3,8264,71736
100000,7,89675.0,3526,352.6,10325,89675
2,8,2.0,2,0.2,0,2
3,8,3.0,3,0.3,0,3
100,8,80.0,55,5.5,20,80
200,8,171.0,56,5.6,29,171
2000,8,1777.0,97,9.7,223,1777
10000,8,9005.0,289,28.9,995,9005
20000,8,17995.0,534,53.4,2005,17995
40000,8,35992.0,1040,104.0,4008,35992
60000,8,53985.0,1551,155.1,6015,53985
80000,8,71910.0,2055,205.5,8090,71910
100000,8,89814.0,2554,255.4,10186,89814
2,9,2.0,2,0.2,0,2
3,9,3.0,3,0.3,0,3
100,9,82.0,100,10.0,18,82
200,9,161.0,192,19.2,39,161
2000,9,1755.0,345,34.5,245,1755
10000,9,8915.0,530,53.0,1085,8915
20000,9,17878.0,783,78.3,2122,17878
40000,9,35811.0,1241,124.1,4189,35811
60000,9,53747.0,1738,173.8,6253,53747
80000,9,71686.0,2199,219.9,8314,71686
100000,9,89619.0,2749,274.9,10381,89619
2,10,1.0,2,0.2,1,1
3,10,1.0,3,0.3,2,1
100,10,91.0,13,1.3,9,91
200,10,182.0,14,1.4,18,182
2000,10,1808.0,50,5.0,192,1808
10000,10,9040.0,248,24.8,960,9040
20000,10,18073.0,477,47.7,1927,18073
40000,10,35940.0,979,97.9,4060,35940
60000,10,54027.0,1496,149.6,5973,54027
80000,10,71979.0,2007,200.7,8021,71979
100000,10,89955.0,2528,252.8,10045,89955
2,11,2.0,2,0.2,0,2
3,11,3.0,3,0.3,0,3
100,11,89.0,25,2.5,11,89
200,11,178.0,27,2.7,22,178
2000,11,1784.0,80,8.0,216,1784
10000,11,8951.0,282,28.2,1049,8951
20000,11,17896.0,529,52.9,2104,17896
40000,11,35885.0,976,97.6,4115,35885
60000,11,53797.0,1471,147.1,6203,53797
80000,11,71770.0,1940,194.0,8230,71770
100000,11,89731.0,2454,245.4,10269,89731
2,12,1.0,2,0.2,1,1
3,12,2.0,3,0.3,1,2
100,12,86.0,20,2.0,14,86
200,12,181.0,22,2.2,19,181
2000,12,1801.0,63,6.3,199,1801
10000,12,8934.0,253,25.3,1066,8934
20000,12,17888.0,509,50.9,2112,17888
40000,12,35851.0,1002,100.2,4149,35851
60000,12,53798.0,1489,148.9,6202,53798
80000,12,71780.0,1984,198.4,8220,71780
100000,12,89779.0,2440,244.0,10221,89779
2,13,2.0,2,0.2,0,2
3,13,3.0,3,0.3,0,3
100,13,82.0,61,6.1,18,82
200,13,172.0,63,6.3,28,172
2000,13,1781.0,96,9.6,219,1781
10000,13,9004.0,272,27.2,996,9004
20000,13,17942.0,508,50.8,2058,17942
40000,13,35914.0,1010,101.0,4086,35914
60000,13,53865.0,1515,151.5,6135,53865
80000,13,71923.0,2011,201.1,8077,71923
100000,13,89917.0,2519,251.9,10083,89917
2,14,0.0,2,0.2,2,0
3,14,0.0,3,0.3,3,0
100,14,85.0,81,8.1,15,85
200,14,173.0,83,8.3,27,173
2000,14,1803.0,132,13.2,197,1803
10000,14,8984.0,311,31.1,1016,8984
20000,14,17916.0,555,55.5,2084,17916
40000,14,35921.0,1014,101.4,4079,35921
60000,14,53914.0,1526,152.6,6086,53914
80000,14,71832.0,2036,203.6,8168,71832
100000,14,89694.0,2542,254.2,10306,89694
2,15,2.0,2,0.2,0,2
3,15,3.0,3,0.3,0,3
100,15,83.0,44,4.4,17,83
200,15,175.0,48,4.8,25,175
2000,15,1791.0,93,9.3,209,1791
10000,15,8929.0,301,30.1,1071,8929
20000,15,17932.0,573,57.3,2068,17932
40000,15,35911.0,1063,106.3,4089,35911
60000,15,53911.0,1537,153.7,6089,53911
80000,15,71825.0,2074,207.4,8175,71825
100000,15,89717.0,2620,262.0,10283,89717
2,16,1.0,2,0.2,1,1
3,16,2.0,2,0.2,1,2
100,16,86.0,4,0.4,14,86
200,16,175.0,5,0.5,25,175
2000,16,1788.0,49,4.9,212,1788
10000,16,8954.0,268,26.8,1046,8954
20000,16,17927.0,522,52.2,2073,17927
40000,16,35923.0,1012,101.2,4077,35923
60000,16,53899.0,1531,153.1,6101,53899
80000,16,71841.0,2009,200.9,8159,71841
100000,16,89808.0,2495,249.5,10192,89808
2,17,2.0,2,0.2,0,2
3,17,2.0,3,0.3,1,2
100,17,88.0,6,0.6,12,88
200,17,181.0,8,0.8,19,181
2000,17,1800.0,53,5.3,200,1800
10000,17,9016.0,255,25.5,984,9016
20000,17,18031.0,494,49.4,1969,18031
40000,17,35918.0,971,97.1,4082,35918
60000,17,53954.0,1483,148.3,6046,53954
80000,17,71840.0,2010,201.0,8160,71840
100000,17,89788.0,2507,250.7,10212,89788
2,18,2.0,2,0.2,0,2
3,18,2.0,3,0.3,1,2
100,18,85.0,14,1.4,15,85
200,18,172.0,18,1.8,28,172
2000,18,1774.0,70,7.0,226,1774
10000,18,8979.0,270,27.0,1021,8979
20000,18,17949.0,497,49.7,2051,17949
40000,18,35936.0,975,97.5,4064,35936
60000,18,53847.0,1480,148.0,6153,53847
80000,18,71833.0,1958,195.8,8167,71833
100000,18,89741.0,2464,246.4,10259,89741
2,19,2.0,2,0.2,0,2
3,19,3.0,3,0.3,0,3
100,19,78.0,97,9.7,22,78
200,19,163.0,196,19.6,37,163
2000,19,1756.0,403,40.3,244,1756
10000,19,8955.0,593,59.3,1045,8955
20000,19,17921.0,850,85.0,2079,17921
40000,19,35908.0,1338,133.8,4092,35908
60000,19,53883.0,1841,184.1,6117,53883
80000,19,71782.0,2323,232.3,8218,71782
100000,19,89737.0,2850,285.0,10263,89737
2,20,2.0,2,0.2,0,2
3,20,3.0,3,0.3,0,3
100,20,72.0,100,10.0,28,72
200,20,148.0,198,19.8,52,148
2000,20,1785.0,234,23.4,215,1785
10000,20,8991.0,438,43.8,1009,8991
20000,20,17970.0,681,68.1,2030,17970
40000,20,35952.0,1156,115.6,4048,35952
60000,20,53864.0,1648,164.8,6136,53864
80000,20,71800.0,2175,217.5,8200,71800
100000,20,89764.0,2674,267.4,10236,89764
2,21,2.0,2,0.2,0,2
3,21,3.0,3,0.3,0,3
100,21,84.0,34,3.4,16,84
200,21,175.0,36,3.6,25,175
2000,21,1788.0,77,7.7,212,1788
10000,21,8984.0,276,27.6,1016,8984
20000,21,17939.0,541,54.1,2061,17939
40000,21,35917.0,1047,104.7,4083,35917
60000,21,53887.0,1564,156.4,6113,53887
80000,21,71823.0,2071,207.1,8177,71823
100000,21,89755.0,2589,258.9,10245,89755
2,22,0.0,2,0.2,2,0
3,22,1.0,3,0.3,2,1
100,22,94.0,10,1.0,6,94
200,22,188.0,13,1.3,12,188
2000,22,1795.0,61,6.1,205,1795
10000,22,8926.0,273,27.3,1074,8926
20000,22,17914.0,519,51.9,2086,17914
40000,22,35860.0,974,97.4,4140,35860
60000,22,53788.0,1501,150.1,6212,53788
80000,22,71717.0,2014,201.4,8283,71717
100000,22,89650.0,2491,249.1,10350,89650
2,23,1.0,2,0.2,1,1
3,23,2.0,3,0.3,1,2
100,23,88.0,29,2.9,12,88
200,23,174.0,30,3.0,26,174
2000,23,1795.0,75,7.5,205,1795
10000,23,8994.0,249,24.9,1006,8994
20000,23,17981.0,491,49.1,2019,17981
40000,23,36033.0,960,96.0,3967,36033
60000,23,54008.0,1483,148.3,5992,54008
80000,23,71987.0,1956,195.6,8013,71987
100000,23,89963.0,2430,243.0,10037,89963
2,24,2.0,2,0.2,0,2
3,24,3.0,3,0.3,0,3
100,24,90.0,10,1.0,10,90
200,24,185.0,12,1.2,15,185
2000,24,1788.0,62,6.2,212,1788
10000,24,9030.0,248,24.8,970,9030
20000,24,18039.0,510,51.0,1961,18039
40000,24,35950.0,1030,103.0,4050,35950
60000,24,53874.0,1549,154.9,6126,53874
80000,24,71790.0,2030,203.0,8210,71790
100000,24,89713.0,2493,249.3,10287,89713
2,25,1.0,2,0.2,1,1
3,25,2.0,3,0.3,1,2
100,25,90.0,17,1.7,10,90
200,25,179.0,22,2.2,21,179
2000,25,1768.0,59,5.9,232,1768
10000,25,8916.0,281,28.1,1084,8916
20000,25,17823.0,516,51.6,2177,17823
40000,25,35687.0,995,99.5,4313,35687
60000,25,53577.0,1484,148.4,6423,53577
80000,25,71532.0,1987,198.7,8468,71532
100000,25,89459.0,2537,253.7,10541,89459
2,26,2.0,2,0.2,0,2
3,26,3.0,3,0.3,0,3
100,26,84.0,22,2.2,16,84
200,26,173.0,23,2.3,27,173
2000,26,1807.0,64,6.4,193,1807
10000,26,9004.0,262,26.2,996,9004
20000,26,18004.0,526,52.6,1996,18004
40000,26,35934.0,1031,103.1,4066,35934
60000,26,53900.0,1502,150.2,6100,53900
80000,26,71830.0,1959,195.9,8170,71830
100000,26,89854.0,2434,243.4,10146,89854
2,27,2.0,2,0.2,0,2
3,27,3.0,3,0.3,0,3
100,27,91.0,20,2.0,9,91
200,27,181.0,25,2.5,19,181
2000,27,1817.0,69,6.9,183,1817
10000,27,8993.0,265,26.5,1007,8993
20000,27,17982.0,496,49.6,2018,17982
40000,27,35923.0,977,97.7,4077,35923
60000,27,53816.0,1484,148.4,6184,53816
80000,27,71715.0,1983,198.3,8285,71715
100000,27,89662.0,2518,251.8,10338,89662
2,28,2.0,2,0.2,0,2
3,28,3.0,3,0.3,0,3
100,28,96.0,9,0.9,4,96
200,28,189.0,14,1.4,11,189
2000,28,1814.0,83,8.3,186,1814
10000,28,9038.0,259,25.9,962,9038
20000,28,18001.0,505,50.5,1999,18001
40000,28,35999.0,1026,102.6,4001,35999
60000,28,53886.0,1512,151.2,6114,53886
80000,28,71884.0,2070,207.0,8116,71884
100000,28,89806.0,2543,254.3,10194,89806
2,29,1.0,1,0.1,1,1
3,29,2.0,2,0.2,1,2
100,29,69.0,98,9.8,31,69
200,29,149.0,198,19.8,51,149
2000,29,1757.0,310,31.0,243,1757
10000,29,8915.0,498,49.8,1085,8915
20000,29,17916.0,759,75.9,2084,17916
40000,29,35905.0,1260,126.0,4095,35905
60000,29,53906.0,1731,173.1,6094,53906
80000,29,71813.0,2207,220.7,8187,71813
100000,29,89807.0,2692,269.2,10193,89807
2,30,1.0,2,0.2,1,1
3,30,2.0,3,0.3,1,2
100,30,82.0,84,8.4,18,82
200,30,167.0,85,8.5,33,167
2000,30,1781.0,125,12.5,219,1781
10000,30,8966.0,339,33.9,1034,8966
20000,30,17902.0,588,58.8,2098,17902
40000,30,35859.0,1088,108.8,4141,35859
60000,30,53831.0,1606,160.6,6169,53831
80000,30,71796.0,2132,213.2,8204,71796
100000,30,89754.0,2633,263.3,10246,89754
2,31,2.0,2,0.2,0,2
3,31,3.0,3,0.3,0,3
100,31,88.0,30,3.0,12,88
200,31,183.0,34,3.4,17,183
2000,31,1784.0,85,8.5,216,1784
10000,31,8964.0,296,29.6,1036,8964
20000,31,17905.0,535,53.5,2095,17905
40000,31,35919.0,1015,101.5,4081,35919
60000,31,53876.0,1516,151.6,6124,53876
80000,31,71825.0,2022,202.2,8175,71825
100000,31,89785.0,2541,254.1,10215,89785
2,32,2.0,2,0.2,0,2
3,32,3.0,3,0.3,0,3
100,32,81.0,34,3.4,19,81
200,32,169.0,38,3.8,31,169
2000,32,1767.0,83,8.3,233,1767
10000,32,8965.0,302,30.2,1035,8965
20000,32,17961.0,574,57.4,2039,17961
40000,32,35914.0,1047,104.7,4086,35914
60000,32,53867.0,1588,158.8,6133,53867
80000,32,71802.0,2057,205.7,8198,71802
100000,32,89762.0,2546,254.6,10238,89762
2,33,2.0,2,0.2,0,2
3,33,3.0,3,0.3,0,3
100,33,84.0,55,5.5,16,84
200,33,175.0,57,5.7,25,175
2000,33,1772.0,88,8.8,228,1772
10000,33,8943.0,271,27.1,1057,8943
20000,33,17930.0,534,53.4,2070,17930
40000,33,35870.0,1034,103.4,4130,35870
60000,33,53862.0,1584,158.4,6138,53862
80000,33,71763.0,2093,209.3,8237,71763
100000,33,89691.0,2624,262.4,10309,89691
2,34,2.0,2,0.2,0,2
3,34,2.0,3,0.3,1,2
100,34,82.0,54,5.4,18,82
200,34,168.0,54,5.4,32,168
2000,34,1778.0,99,9.9,222,1778
10000,34,8917.0,302,30.2,1083,8917
20000,34,17847.0,550,55.0,2153,17847
40000,34,35767.0,1061,106.1,4233,35767
60000,34,53743.0,1581,158.1,6257,53743
80000,34,71681.0,2052,205.2,8319,71681
100000,34,89694.0,2547,254.7,10306,89694
2,35,2.0,2,0.2,0,2
3,35,3.0,3,0.3,0,3
100,35,82.0,93,9.3,18,82
200,35,163.0,190,19.0,37,163
2000,35,1779.0,242,24.2,221,1779
10000,35,8939.0,430,43.0,1061,8939
20000,35,17901.0,715,71.5,2099,17901
40000,35,35831.0,1191,119.1,4169,35831
60000,35,53839.0,1692,169.2,6161,53839
80000,35,71830.0,2200,220.0,8170,71830
100000,35,89760.0,2701,270.1,10240,89760
2,36,2.0,2,0.2,0,2
3,36,3.0,3,0.3,0,3
100,36,87.0,75,7.5,13,87
200,36,171.0,88,8.8,29,171
2000,36,1797.0,134,13.4,203,1797
10000,36,8945.0,339,33.9,1055,8945
20000,36,17985.0,587,58.7,2015,17985
40000,36,35988.0,1087,108.7,4012,35988
60000,36,53922.0,1623,162.3,6078,53922
80000,36,71846.0,2116,211.6,8154,71846
100000,36,89858.0,2614,261.4,10142,89858
2,37,1.0,2,0.2,1,1
3,37,2.0,3,0.3,1,2
100,37,88.0,19,1.9,12,88
200,37,169.0,24,2.4,31,169
2000,37,1760.0,77,7.7,240,1760
10000,37,8928.0,268,26.8,1072,8928
20000,37,17891.0,537,53.7,2109,17891
40000,37,35865.0,1038,103.8,4135,35865
60000,37,53802.0,1547,154.7,6198,53802
80000,37,71702.0,2003,200.3,8298,71702
100000,37,89599.0,2532,253.2,10401,89599
2,38,1.0,2,0.2,1,1
3,38,1.0,3,0.3,2,1
100,38,77.0,97,9.7,23,77
200,38,155.0,195,19.5,45,155
2000,38,1687.0,933,93.3,313,1687
10000,38,8873.0,1119,111.9,1127,8873
20000,38,17891.0,1346,134.6,2109,17891
40000,38,35844.0,1801,180.1,4156,35844
60000,38,53740.0,2291,229.1,6260,53740
80000,38,71667.0,2749,274.9,8333,71667
100000,38,89600.0,3262,326.2,10400,89600
2,39,1.0,2,0.2,1,1
3,39,2.0,3,0.3,1,2
100,39,79.0,80,8.0,21,79
200,39,169.0,83,8.3,31,169
2000,39,1790.0,133,13.3,210,1790
10000,39,8953.0,342,34.2,1047,8953
20000,39,17957.0,587,58.7,2043,17957
40000,39,35987.0,1078,107.8,4013,35987
60000,39,53899.0,1556,155.6,6101,53899
80000,39,71872.0,2043,204.3,8128,71872
100000,39,89820.0,2539,253.9,10180,89820
2,40,2.0,2,0.2,0,2
3,40,2.0,3,0.3,1,2
100,40,93.0,8,0.8,7,93
200,40,184.0,9,0.9,16,184
2000,40,1817.0,45,4.5,183,1817
10000,40,9010.0,234,23.4,990,9010
20000,40,18006.0,495,49.5,1994,18006
40000,40,35900.0,986,98.6,4100,35900
60000,40,53858.0,1546,154.6,6142,53858
80000,40,71782.0,2021,202.1,8218,71782
100000,40,89662.0,2515,251.5,10338,89662
2,41,1.0,2,0.2,1,1
3,41,2.0,3,0.3,1,2
100,41,75.0,100,10.0,25,75
200,41,163.0,122,12.2,37,163
2000,41,1792.0,177,17.7,208,1792
10000,41,8978.0,376,37.6,1022,8978
20000,41,17928.0,617,61.7,2072,17928
40000,41,35805.0,1099,109.9,4195,35805
60000,41,53810.0,1557,155.7,6190,53810
80000,41,71777.0,2052,205.2,8223,71777
100000,41,89690.0,2555,255.5,10310,89690
2,42,2.0,2,0.2,0,2
3,42,3.0,3,0.3,0,3
100,42,80.0,82,8.2,20,80
200,42,166.0,86,8.6,34,166
2000,42,1779.0,128,12.8,221,1779
10000,42,8994.0,327,32.7,1006,8994
20000,42,17968.0,573,57.3,2032,17968
40000,42,35941.0,1084,108.4,4059,35941
60000,42,53884.0,1588,158.8,6116,53884
80000,42,71749.0,2071,207.1,8251,71749
100000,42,89762.0,2558,255.8,10238,89762
2,43,2.0,2,0.2,0,2
3,43,2.0,3,0.3,1,2
100,43,83.0,96,9.6,17,83
200,43,162.0,190,19.0,38,162
2000,43,1775.0,324,32.4,225,1775
10000,43,9004.0,540,54.0,996,9004
20000,43,18000.0,786,78.6,2000,18000
40000,43,35960.0,1307,130.7,4040,35960
60000,43,53865.0,1817,181.7,6135,53865
80000,43,71796.0,2272,227.2,8204,71796
100000,43,89752.0,2745,274.5,10248,89752
2,44,0.0,1,0.1,2,0
3,44,0.0,2,0.2,3,0
100,44,76.0,92,9.2,24,76
200,44,168.0,128,12.8,32,168
2000,44,1802.0,163,16.3,198,1802
10000,44,8937.0,372,37.2,1063,8937
20000,44,17918.0,617,61.7,2082,17918
40000,44,35852.0,1123,112.3,4148,35852
60000,44,53740.0,1588,158.8,6260,53740
80000,44,71626.0,2128,212.8,8374,71626
100000,44,89582.0,2627,262.7,10418,89582
2,45,1.0,2,0.2,1,1
3,45,2.0,3,0.3,1,2
100,45,79.0,100,10.0,21,79
200,45,156.0,182,18.2,44,156
2000,45,1767.0,226,22.6,233,1767
10000,45,8925.0,458,45.8,1075,8925
20000,45,17909.0,698,69.8,2091,17909
40000,45,35876.0,1211,121.1,4124,35876
60000,45,53848.0,1713,171.3,6152,53848
80000,45,71852.0,2183,218.3,8148,71852
100000,45,89726.0,2692,269.2,10274,89726
2,46,2.0,2,0.2,0,2
3,46,3.0,3,0.3,0,3
100,46,92.0,5,0.5,8,92
200,46,182.0,18,1.8,18,182
2000,46,1789.0,139,13.9,211,1789
10000,46,8918.0,355,35.5,1082,8918
20000,46,17842.0,597,59.7,2158,17842
40000,46,35736.0,1125,112.5,4264,35736
60000,46,53612.0,1633,163.3,6388,53612
80000,46,71585.0,2123,212.3,8415,71585
100000,46,89512.0,2604,260.4,10488,89512
2,47,1.0,2,0.2,1,1
3,47,2.0,3,0.3,1,2
100,47,81.0,95,9.5,19,81
200,47,161.0,193,19.3,39,161
2000,47,1720.0,607,60.7,280,1720
10000,47,8885.0,795,79.5,1115,8885
20000,47,17846.0,1065,106.5,2154,17846
40000,47,35782.0,1596,159.6,4218,35782
60000,47,53711.0,2126,212.6,6289,53711
80000,47,71610.0,2628,262.8,8390,71610
100000,47,89592.0,3156,315.6,10408,89592
2,48,2.0,2,0.2,0,2
3,48,3.0,3,0.3,0,3
100,48,84.0,68,6.8,16,84
200,48,166.0,70,7.0,34,166
2000,48,1775.0,116,11.6,225,1775
10000,48,8938.0,333,33.3,1062,8938
20000,48,17858.0,598,59.8,2142,17858
40000,48,35824.0,1097,109.7,4176,35824
60000,48,53807.0,1595,159.5,6193,53807
80000,48,71775.0,2069,206.9,8225,71775
100000,48,89738.0,2544,254.4,10262,89738
2,49,1.0,2,0.2,1,1
3,49,2.0,3,0.3,1,2
100,49,89.0,38,3.8,11,89
200,49,182.0,40,4.0,18,182
2000,49,1801.0,107,10.7,199,1801
10000,49,9000.0,308,30.8,1000,9000
20000,49,17905.0,562,56.2,2095,17905
40000,49,35816.0,1074,107.4,4184,35816
60000,49,53800.0,1597,159.7,6200,53800
80000,49,71764.0,2122,212.2,8236,71764
100000,49,89714.0,2602,260.2,10286,89714
2,50,2.0,2,0.2,0,2
3,50,2.0,3,0.3,1,2
100,50,92.0,23,2.3,8,92
200,50,177.0,26,2.6,23,177
2000,50,1790.0,70,7.0,210,1790
10000,50,9012.0,255,25.5,988,9012
20000,50,17972.0,505,50.5,2028,17972
40000,50,35845.0,977,97.7,4155,35845
60000,50,53843.0,1512,151.2,6157,53843
80000,50,71812.0,1996,199.6,8188,71812
100000,50,89764.0,2488,248.8,10236,89764
2,51,2.0,2,0.2,0,2
3,51,2.0,3,0.3,1,2
100,51,75.0,97,9.7,25,75
200,51,156.0,195,19.5,44,156
2000,51,1656.0,1524,152.4,344,1656
10000,51,8847.0,1710,171.0,1153,8847
20000,51,17859.0,1978,197.8,2141,17859
40000,51,35803.0,2468,246.8,4197,35803
60000,51,53729.0,2943,294.3,6271,53729
80000,51,71634.0,3430,343.0,8366,71634
100000,51,89564.0,3938,393.8,10436,89564
2,52,2.0,2,0.2,0,2
3,52,3.0,3,0.3,0,3
100,52,90.0,13,1.3,10,90
200,52,179.0,16,1.6,21,179
2000,52,1807.0,54,5.4,193,1807
10000,52,8977.0,235,23.5,1023,8977
20000,52,17979.0,513,51.3,2021,17979
40000,52,35907.0,1006,100.6,4093,35907
60000,52,53874.0,1485,148.5,6126,53874
80000,52,71806.0,1972,197.2,8194,71806
100000,52,89816.0,2467,246.7,10184,89816
2,53,1.0,2,0.2,1,1
3,53,1.0,3,0.3,2,1
100,53,91.0,14,1.4,9,91
200,53,182.0,18,1.8,18,182
2000,53,1812.0,60,6.0,188,1812
10000,53,8992.0,262,26.2,1008,8992
20000,53,17955.0,499,49.9,2045,17955
40000,53,35942.0,997,99.7,4058,35942
60000,53,53976.0,1498,149.8,6024,53976
80000,53,71881.0,2022,202.2,8119,71881
100000,53,89798.0,2494,249.4,10202,89798
2,54,2.0,2,0.2,0,2
3,54,3.0,3,0.3,0,3
100,54,83.0,90,9.0,17,83
200,54,168.0,183,18.3,32,168
2000,54,1765.0,285,28.5,235,1765
10000,54,8927.0,480,48.0,1073,8927
20000,54,17935.0,739,73.9,2065,17935
40000,54,35893.0,1220,122.0,4107,35893
60000,54,53789.0,1692,169.2,6211,53789
80000,54,71739.0,2183,218.3,8261,71739
100000,54,89752.0,2675,267.5,10248,89752
2,55,2.0,2,0.2,0,2
3,55,3.0,3,0.3,0,3
100,55,87.0,26,2.6,13,87
200,55,178.0,27,2.7,22,178
2000,55,1773.0,81,8.1,227,1773
10000,55,8977.0,299,29.9,1023,8977
20000,55,17888.0,544,54.4,2112,17888
40000,55,35888.0,1025,102.5,4112,35888
60000,55,53771.0,1569,156.9,6229,53771
80000,55,71685.0,2076,207.6,8315,71685
100000,55,89629.0,2580,258.0,10371,89629
2,56,2.0,2,0.2,0,2
3,56,3.0,3,0.3,0,3
100,56,84.0,85,8.5,16,84
200,56,181.0,87,8.7,19,181
2000,56,1789.0,131,13.1,211,1789
10000,56,8969.0,334,33.4,1031,8969
20000,56,17938.0,584,58.4,2062,17938
40000,56,35947.0,1074,107.4,4053,35947
60000,56,53868.0,1585,158.5,6132,53868
80000,56,71790.0,2129,212.9,8210,71790
100000,56,89678.0,2640,264.0,10322,89678
2,57,2.0,2,0.2,0,2
3,57,3.0,3,0.3,0,3
100,57,86.0,98,9.8,14,86
200,57,172.0,196,19.6,28,172
2000,57,1720.0,835,83.5,280,1720
10000,57,8866.0,1058,105.8,1134,8866
20000,57,17831.0,1312,131.2,2169,17831
40000,57,35691.0,1820,182.0,4309,35691
60000,57,53638.0,2344,234.4,6362,53638
80000,57,71603.0,2812,281.2,8397,71603
100000,57,89514.0,3325,332.5,10486,89514
2,58,1.0,2,0.2,1,1
3,58,2.0,3,0.3,1,2
100,58,79.0,99,9.9,21,79
200,58,160.0,195,19.5,40,160
2000,58,1725.0,755,75.5,275,1725
10000,58,8921.0,969,96.9,1079,8921
20000,58,17890.0,1220,122.0,2110,17890
40000,58,35857.0,1716,171.6,4143,35857
60000,58,53823.0,2231,223.1,6177,53823
80000,58,71791.0,2686,268.6,8209,71791
100000,58,89746.0,3219,321.9,10254,89746
2,59,2.0,2,0.2,0,2
3,59,3.0,3,0.3,0,3
100,59,81.0,96,9.6,19,81
200,59,162.0,193,19.3,38,162
2000,59,1728.0,343,34.3,272,1728
10000,59,8901.0,522,52.2,1099,8901
20000,59,17900.0,799,79.9,2100,17900
40000,59,35880.0,1298,129.8,4120,35880
60000,59,53793.0,1768,176.8,6207,53793
80000,59,71833.0,2280,228.0,8167,71833
100000,59,89816.0,2801,280.1,10184,89816
2,60,2.0,2,0.2,0,2
3,60,3.0,3,0.3,0,3
100,60,82.0,96,9.6,18,82
200,60,168.0,188,18.8,32,168
2000,60,1789.0,256,25.6,211,1789
10000,60,8982.0,449,44.9,1018,8982
20000,60,17897.0,705,70.5,2103,17897
40000,60,35821.0,1207,120.7,4179,35821
60000,60,53702.0,1708,170.8,6298,53702
80000,60,71632.0,2266,226.6,8368,71632
100000,60,89672.0,2780,278.0,10328,89672
2,61,1.0,2,0.2,1,1
3,61,2.0,3,0.3,1,2
100,61,89.0,8,0.8,11,89
200,61,179.0,10,1.0,21,179
2000,61,1791.0,47,4.7,209,1791
10000,61,8970.0,265,26.5,1030,8970
20000,61,17975.0,521,52.1,2025,17975
40000,61,35937.0,1030,103.0,4063,35937
60000,61,53845.0,1551,155.1,6155,53845
80000,61,71843.0,2031,203.1,8157,71843
100000,61,89829.0,2511,251.1,10171,89829
2,62,2.0,2,0.2,0,2
3,62,3.0,3,0.3,0,3
100,62,81.0,60,6.0,19,81
200,62,169.0,63,6.3,31,169
2000,62,1769.0,114,11.4,231,1769
10000,62,8894.0,314,31.4,1106,8894
20000,62,17854.0,565,56.5,2146,17854
40000,62,35772.0,1080,108.0,4228,35772
60000,62,53716.0,1569,156.9,6284,53716
80000,62,71725.0,2089,208.9,8275,71725
100000,62,89622.0,2613,261.3,10378,89622
2,63,2.0,2,0.2,0,2
3,63,2.0,3,0.3,1,2
100,63,85.0,67,6.7,15,85
200,63,175.0,71,7.1,25,175
2000,63,1779.0,121,12.1,221,1779
10000,63,8921.0,340,34.0,1079,8921
20000,63,17886.0,632,63.2,2114,17886
40000,63,35761.0,1150,115.0,4239,35761
60000,63,53692.0,1648,164.8,6308,53692
80000,63,71623.0,2175,217.5,8377,71623
100000,63,89560.0,2677,267.7,10440,89560
2,64,2.0,2,0.2,0,2
3,64,3.0,3,0.3,0,3
100,64,91.0,14,1.4,9,91
200,64,183.0,16,1.6,17,183
2000,64,1791.0,56,5.6,209,1791
10000,64,8976.0,232,23.2,1024,8976
20000,64,17940.0,483,48.3,2060,17940
40000,64,35930.0,982,98.2,4070,35930
60000,64,53812.0,1475,147.5,6188,53812
80000,64,71789.0,1977,197.7,8211,71789
100000,64,89696.0,2473,247.3,10304,89696
2,65,2.0,2,0.2,0,2
3,65,2.0,3,0.3,1,2
100,65,76.0,96,9.6,24,76
200,65,158.0,167,16.7,42,158
2000,65,1758.0,211,21.1,242,1758
10000,65,8940.0,402,40.2,1060,8940
20000,65,17912.0,644,64.4,2088,17912
40000,65,35914.0,1147,114.7,4086,35914
60000,65,53843.0,1651,165.1,6157,53843
80000,65,71817.0,2146,214.6,8183,71817
100000,65,89736.0,2685,268.5,10264,89736
2,66,2.0,2,0.2,0,2
3,66,3.0,3,0.3,0,3
100,66,74.0,81,8.1,26,74
200,66,164.0,83,8.3,36,164
2000,66,1788.0,131,13.1,212,1788
10000,66,8906.0,349,34.9,1094,8906
20000,66,17839.0,606,60.6,2161,17839
40000,66,35778.0,1112,111.2,4222,35778
60000,66,53718.0,1622,162.2,6282,53718
80000,66,71627.0,2156,215.6,8373,71627
100000,66,89553.0,2611,261.1,10447,89553
2,67,1.0,2,0.2,1,1
3,67,2.0,3,0.3,1,2
100,67,84.0,53,5.3,16,84
200,67,170.0,55,5.5,30,170
2000,67,1787.0,99,9.9,213,1787
10000,67,8952.0,303,30.3,1048,8952
20000,67,17872.0,556,55.6,2128,17872
40000,67,35820.0,1044,104.4,4180,35820
60000,67,53801.0,1584,158.4,6199,53801
80000,67,71755.0,2076,207.6,8245,71755
100000,67,89743.0,2594,259.4,10257,89743
2,68,2.0,2,0.2,0,2
3,68,3.0,3,0.3,0,3
100,68,82.0,98,9.8,18,82
200,68,157.0,196,19.6,43,157
2000,68,1770.0,322,32.2,230,1770
10000,68,8935.0,531,53.1,1065,8935
20000,68,17916.0,791,79.1,2084,17916
40000,68,35865.0,1324,132.4,4135,35865
60000,68,53848.0,1812,181.2,6152,53848
80000,68,71830.0,2279,227.9,8170,71830
100000,68,89788.0,2784,278.4,10212,89788
2,69,1.0,1,0.1,1,1
3,69,2.0,2,0.2,1,2
100,69,84.0,98,9.8,16,84
200,69,157.0,196,19.6,43,157
2000,69,1720.0,504,50.4,280,1720
10000,69,8930.0,713,71.3,1070,8930
20000,69,17942.0,976,97.6,2058,17942
40000,69,35939.0,1505,150.5,4061,35939
60000,69,53943.0,1962,196.2,6057,53943
80000,69,71927.0,2461,246.1,8073,71927
100000,69,89944.0,2951,295.1,10056,89944
2,70,2.0,2,0.2,0,2
3,70,3.0,3,0.3,0,3
100,70,81.0,100,10.0,19,81
200,70,166.0,187,18.7,34,166
2000,70,1732.0,854,85.4,268,1732
10000,70,8886.0,1073,107.3,1114,8886
20000,70,17934.0,1303,130.3,2066,17934
40000,70,35925.0,1798,179.8,4075,35925
60000,70,53858.0,2320,232.0,6142,53858
80000,70,71785.0,2823,282.3,8215,71785
100000,70,89782.0,3356,335.6,10218,89782
2,71,2.0,2,0.2,0,2
3,71,3.0,3,0.3,0,3
100,71,82.0,67,6.7,18,82
200,71,168.0,72,7.2,32,168
2000,71,1785.0,114,11.4,215,1785
10000,71,8979.0,309,30.9,1021,8979
20000,71,17945.0,561,56.1,2055,17945
40000,71,35887.0,1033,103.3,4113,35887
60000,71,53826.0,1509,150.9,6174,53826
80000,71,71805.0,2041,204.1,8195,71805
100000,71,89729.0,2478,247.8,10271,89729
2,72,2.0,2,0.2,0,2
3,72,3.0,3,0.3,0,3
100,72,77.0,99,9.9,23,77
200,72,162.0,198,19.8,38,162
2000,72,1722.0,871,87.1,278,1722
10000,72,8920.0,1081,108.1,1080,8920
20000,72,17896.0,1325,132.5,2104,17896
40000,72,35823.0,1823,182.3,4177,35823
60000,72,53791.0,2300,230.0,6209,53791
80000,72,71794.0,2791,279.1,8206,71794
100000,72,89743.0,3348,334.8,10257,89743
2,73,2.0,2,0.2,0,2
3,73,3.0,3,0.3,0,3
100,73,89.0,45,4.5,11,89
200,73,175.0,49,4.9,25,175
2000,73,1778.0,104,10.4,222,1778
10000,73,8960.0,318,31.8,1040,8960
20000,73,17905.0,562,56.2,2095,17905
40000,73,35814.0,1069,106.9,4186,35814
60000,73,53791.0,1580,158.0,6209,53791
80000,73,71720.0,2059,205.9,8280,71720
100000,73,89725.0,2539,253.9,10275,89725
2,74,2.0,2,0.2,0,2
3,74,3.0,3,0.3,0,3
100,74,78.0,71,7.1,22,78
200,74,164.0,71,7.1,36,164
2000,74,1784.0,114,11.4,216,1784
10000,74,8938.0,321,32.1,1062,8938
20000,74,17862.0,569,56.9,2138,17862
40000,74,35791.0,1045,104.5,4209,35791
60000,74,53874.0,1575,157.5,6126,53874
80000,74,71831.0,2042,204.2,8169,71831
100000,74,89776.0,2508,250.8,10224,89776
2,75,2.0,2,0.2,0,2
3,75,2.0,3,0.3,1,2
100,75,83.0,12,1.2,17,83
200,75,168.0,13,1.3,32,168
2000,75,1784.0,63,6.3,216,1784
10000,75,8932.0,262,26.2,1068,8932
20000,75,17896.0,530,53.0,2104,17896
40000,75,35873.0,1001,100.1,4127,35873
60000,75,53780.0,1521,152.1,6220,53780
80000,75,71751.0,2017,201.7,8249,71751
100000,75,89729.0,2542,254.2,10271,89729
2,76,2.0,2,0.2,0,2
3,76,3.0,3,0.3,0,3
100,76,77.0,96,9.6,23,77
200,76,161.0,155,15.5,39,161
2000,76,1782.0,182,18.2,218,1782
10000,76,8985.0,376,37.6,1015,8985
20000,76,17975.0,659,65.9,2025,17975
40000,76,35841.0,1151,115.1,4159,35841
60000,76,53802.0,1630,163.0,6198,53802
80000,76,71710.0,2125,212.5,8290,71710
100000,76,89631.0,2626,262.6,10369,89631
2,77,2.0,1,0.1,0,2
3,77,3.0,2,0.2,0,3
100,77,95.0,5,0.5,5,95
200,77,182.0,7,0.7,18,182
2000,77,1808.0,50,5.0,192,1808
10000,77,8997.0,269,26.9,1003,8997
20000,77,17908.0,535,53.5,2092,17908
40000,77,35832.0,1057,105.7,4168,35832
60000,77,53831.0,1526,152.6,6169,53831
80000,77,71870.0,2063,206.3,8130,71870
100000,77,89828.0,2545,254.5,10172,89828
2,78,1.0,2,0.2,1,1
3,78,2.0,3,0.3,1,2
100,78,86.0,7,0.7,14,86
200,78,179.0,8,0.8,21,179
2000,78,1810.0,44,4.4,190,1810
10000,78,8992.0,217,21.7,1008,8992
20000,78,17937.0,461,46.1,2063,17937
40000,78,35894.0,971,97.1,4106,35894
60000,78,53819.0,1465,146.5,6181,53819
80000,78,71767.0,1945,194.5,8233,71767
100000,78,89757.0,2417,241.7,10243,89757
2,79,2.0,1,0.1,0,2
3,79,3.0,2,0.2,0,3
100,79,90.0,25,2.5,10,90
200,79,179.0,28,2.8,21,179
2000,79,1805.0,75,7.5,195,1805
10000,79,8960.0,291,29.1,1040,8960
20000,79,17934.0,551,55.1,2066,17934
40000,79,35868.0,1047,104.7,4132,35868
60000,79,53793.0,1564,156.4,6207,53793
80000,79,71662.0,2065,206.5,8338,71662
100000,79,89602.0,2557,255.7,10398,89602
2,80,1.0,2,0.2,1,1
3,80,2.0,3,0.3,1,2
100,80,82.0,96,9.6,18,82
200,80,160.0,194,19.4,40,160
2000,80,1711.0,698,69.8,289,1711
10000,80,8870.0,880,88.0,1130,8870
20000,80,17882.0,1143,114.3,2118,17882
40000,80,35917.0,1607,160.7,4083,35917
60000,80,53864.0,2126,212.6,6136,53864
80000,80,71912.0,2641,264.1,8088,71912
100000,80,89849.0,3118,311.8,10151,89849
2,81,2.0,2,0.2,0,2
3,81,3.0,3,0.3,0,3
100,81,81.0,18,1.8,19,81
200,81,168.0,21,2.1,32,168
2000,81,1765.0,72,7.2,235,1765
10000,81,8951.0,262,26.2,1049,8951
20000,81,17937.0,507,50.7,2063,17937
40000,81,35903.0,1025,102.5,4097,35903
60000,81,53809.0,1497,149.7,6191,53809
80000,81,71702.0,2005,200.5,8298,71702
100000,81,89611.0,2532,253.2,10389,89611
2,82,2.0,2,0.2,0,2
3,82,2.0,3,0.3,1,2
100,82,80.0,99,9.9,20,80
200,82,155.0,198,19.8,45,155
2000,82,1732.0,495,49.5,268,1732
10000,82,8947.0,706,70.6,1053,8947
20000,82,17890.0,1015,101.5,2110,17890
40000,82,35864.0,1542,154.2,4136,35864
60000,82,53853.0,1999,199.9,6147,53853
80000,82,71862.0,2508,250.8,8138,71862
100000,82,89780.0,3029,302.9,10220,89780
2,83,2.0,2,0.2,0,2
3,83,2.0,3,0.3,1,2
100,83,84.0,40,4.0,16,84
200,83,171.0,41,4.1,29,171
2000,83,1747.0,92,9.2,253,1747
10000,83,8951.0,314,31.4,1049,8951
20000,83,17939.0,555,55.5,2061,17939
40000,83,35865.0,1063,106.3,4135,35865
60000,83,53831.0,1589,158.9,6169,53831
80000,83,71798.0,2082,208.2,8202,71798
100000,83,89651.0,2573,257.3,10349,89651
2,84,1.0,2,0.2,1,1
3,84,2.0,3,0.3,1,2
100,84,83.0,46,4.6,17,83
200,84,172.0,49,4.9,28,172
2000,84,1776.0,83,8.3,224,1776
10000,84,8986.0,262,26.2,1014,8986
20000,84,17990.0,510,51.0,2010,17990
40000,84,35910.0,965,96.5,4090,35910
60000,84,53847.0,1434,143.4,6153,53847
80000,84,71751.0,1934,193.4,8249,71751
100000,84,89784.0,2399,239.9,10216,89784
2,85,2.0,2,0.2,0,2
3,85,3.0,3,0.3,0,3
100,85,92.0,25,2.5,8,92
200,85,176.0,28,2.8,24,176
2000,85,1786.0,85,8.5,214,1786
10000,85,8976.0,272,27.2,1024,8976
20000,85,17989.0,528,52.8,2011,17989
40000,85,35923.0,1051,105.1,4077,35923
60000,85,53838.0,1535,153.5,6162,53838
80000,85,71763.0,2031,203.1,8237,71763
100000,85,89682.0,2523,252.3,10318,89682
2,86,1.0,2,0.2,1,1
3,86,1.0,3,0.3,2,1
100,86,70.0,100,10.0,30,70
200,86,156.0,155,15.5,44,156
2000,86,1776.0,210,21.0,224,1776
10000,86,9015.0,430,43.0,985,9015
20000,86,18022.0,691,69.1,1978,18022
40000,86,35918.0,1192,119.2,4082,35918
60000,86,53846.0,1709,170.9,6154,53846
80000,86,71772.0,2242,224.2,8228,71772
100000,86,89728.0,2709,270.9,10272,89728
2,87,2.0,2,0.2,0,2
3,87,2.0,3,0.3,1,2
100,87,76.0,99,9.9,24,76
200,87,156.0,197,19.7,44,156
2000,87,1785.0,246,24.6,215,1785
10000,87,8984.0,452,45.2,1016,8984
20000,87,17982.0,707,70.7,2018,17982
40000,87,35959.0,1190,119.0,4041,35959
60000,87,53908.0,1674,167.4,6092,53908
80000,87,71785.0,2137,213.7,8215,71785
100000,87,89788.0,2626,262.6,10212,89788
2,88,2.0,2,0.2,0,2
3,88,3.0,3,0.3,0,3
100,88,84.0,74,7.4,16,84
200,88,174.0,75,7.5,26,174
2000,88,1803.0,121,12.1,197,1803
10000,88,9006.0,336,33.6,994,9006
20000,88,17989.0,596,59.6,2011,17989
40000,88,35829.0,1143,114.3,4171,35829
60000,88,53736.0,1664,166.4,6264,53736
80000,88,71634.0,2177,217.7,8366,71634
100000,88,89602.0,2654,265.4,10398,89602
2,89,2.0,2,0.2,0,2
3,89,3.0,3,0.3,0,3
100,89,87.0,73,7.3,13,87
200,89,180.0,74,7.4,20,180
2000,89,1787.0,111,11.1,213,1787
10000,89,8958.0,297,29.7,1042,8958
20000,89,17904.0,549,54.9,2096,17904
40000,89,35866.0,1037,103.7,4134,35866
60000,89,53868.0,1520,152.0,6132,53868
80000,89,71738.0,2010,201.0,8262,71738
100000,89,89686.0,2521,252.1,10314,89686
2,90,2.0,2,0.2,0,2
3,90,3.0,3,0.3,0,3
100,90,77.0,100,10.0,23,77
200,90,160.0,124,12.4,40,160
2000,90,1772.0,171,17.1,228,1772
10000,90,8918.0,377,37.7,1082,8918
20000,90,17923.0,623,62.3,2077,17923
40000,90,35901.0,1125,112.5,4099,35901
60000,90,53877.0,1607,160.7,6123,53877
80000,90,71807.0,2137,213.7,8193,71807
100000,90,89705.0,2630,263.0,10295,89705
2,91,1.0,2,0.2,1,1
3,91,2.0,2,0.2,1,2
100,91,87.0,4,0.4,13,87
200,91,180.0,4,0.4,20,180
2000,91,1784.0,42,4.2,216,1784
10000,91,9020.0,236,23.6,980,9020
20000,91,17988.0,494,49.4,2012,17988
40000,91,35928.0,974,97.4,4072,35928
60000,91,53891.0,1453,145.3,6109,53891
80000,91,71843.0,1959,195.9,8157,71843
100000,91,89790.0,2446,244.6,10210,89790
2,92,2.0,2,0.2,0,2
3,92,3.0,3,0.3,0,3
100,92,75.0,97,9.7,25,75
200,92,160.0,156,15.6,40,160
2000,92,1782.0,200,20.0,218,1782
10000,92,8983.0,382,38.2,1017,8983
20000,92,17963.0,644,64.4,2037,17963
40000,92,35923.0,1145,114.5,4077,35923
60000,92,53855.0,1665,166.5,6145,53855
80000,92,71739.0,2166,216.6,8261,71739
100000,92,89653.0,2638,263.8,10347,89653
2,93,2.0,2,0.2,0,2
3,93,3.0,3,0.3,0,3
100,93,75.0,98,9.8,25,75
200,93,165.0,197,19.7,35,165
2000,93,1764.0,443,44.3,236,1764
10000,93,8948.0,632,63.2,1052,8948
20000,93,17949.0,879,87.9,2051,17949
40000,93,35927.0,1377,137.7,4073,35927
60000,93,53978.0,1870,187.0,6022,53978
80000,93,71908.0,2384,238.4,8092,71908
100000,93,89867.0,2864,286.4,10133,89867
2,94,2.0,2,0.2,0,2
3,94,3.0,3,0.3,0,3
100,94,84.0,97,9.7,16,84
200,94,171.0,195,19.5,29,171
2000,94,1745.0,507,50.7,255,1745
10000,94,8919.0,711,71.1,1081,8919
20000,94,17900.0,974,97.4,2100,17900
40000,94,35814.0,1461,146.1,4186,35814
60000,94,53743.0,1995,199.5,6257,53743
80000,94,71721.0,2461,246.1,8279,71721
100000,94,89715.0,2912,291.2,10285,89715
2,95,2.0,2,0.2,0,2
3,95,3.0,3,0.3,0,3
100,95,89.0,14,1.4,11,89
200,95,177.0,15,1.5,23,177
2000,95,1792.0,59,5.9,208,1792
10000,95,8934.0,242,24.2,1066,8934
20000,95,17860.0,486,48.6,2140,17860
40000,95,35828.0,1029,102.9,4172,35828
60000,95,53785.0,1541,154.1,6215,53785
80000,95,71653.0,2022,202.2,8347,71653
100000,95,89598.0,2525,252.5,10402,89598
2,96,2.0,2,0.2,0,2
3,96,3.0,3,0.3,0,3
100,96,81.0,98,9.8,19,81
200,96,165.0,148,14.8,35,165
2000,96,1790.0,205,20.5,210,1790
10000,96,9001.0,421,42.1,999,9001
20000,96,17999.0,673,67.3,2001,17999
40000,96,35934.0,1165,116.5,4066,35934
60000,96,53809.0,1652,165.2,6191,53809
80000,96,71771.0,2196,219.6,8229,71771
100000,96,89680.0,2719,271.9,10320,89680
2,97,2.0,2,0.2,0,2
3,97,3.0,3,0.3,0,3
100,97,87.0,30,3.0,13,87
200,97,178.0,30,3.0,22,178
2000,97,1808.0,77,7.7,192,1808
10000,97,9017.0,280,28.0,983,9017
20000,97,18048.0,532,53.2,1952,18048
40000,97,35949.0,992,99.2,4051,35949
60000,97,53940.0,1476,147.6,6060,53940
80000,97,71887.0,1956,195.6,8113,71887
100000,97,89910.0,2442,244.2,10090,89910
2,98,2.0,2,0.2,0,2
3,98,3.0,3,0.3,0,3
100,98,90.0,27,2.7,10,90
200,98,183.0,30,3.0,17,183
2000,98,1795.0,68,6.8,205,1795
10000,98,8963.0,264,26.4,1037,8963
20000,98,17860.0,536,53.6,2140,17860
40000,98,35805.0,988,98.8,4195,35805
60000,98,53768.0,1486,148.6,6232,53768
80000,98,71713.0,2014,201.4,8287,71713
100000,98,89631.0,2568,256.8,10369,89631
2,99,2.0,2,0.2,0,2
3,99,3.0,3,0.3,0,3
100,99,75.0,100,10.0,25,75
200,99,164.0,125,12.5,36,164
2000,99,1785.0,169,16.9,215,1785
10000,99,8958.0,390,39.0,1042,8958
20000,99,17960.0,644,64.4,2040,17960
40000,99,35852.0,1129,112.9,4148,35852
60000,99,53853.0,1617,161.7,6147,53853
80000,99,71777.0,2126,212.6,8223,71777
100000,99,89749.0,2586,258.6,10251,89749
2,100,2.0,2,0.2,0,2
3,100,3.0,3,0.3,0,3
100,100,74.0,74,7.4,26,74
200,100,167.0,75,7.5,33,167
2000,100,1794.0,124,12.4,206,1794
10000,100,8986.0,328,32.8,1014,8986
20000,100,18006.0,564,56.4,1994,18006
40000,100,35896.0,1096,109.6,4104,35896
60000,100,53955.0,1624,162.4,6045,53955
80000,100,71929.0,2106,210.6,8071,71929
100000,100,89909.0,2591,259.1,10091,89909
