Timestep,Iteration,Total Reward,Suboptimal Arms,Total Regret,Zeros Count,Ones Count
2,1,1.0,2,0.01,1,1
3,1,2.0,3,0.02,1,2
100,1,59.0,86,0.43,41,59
200,1,109.0,181,0.91,91,109
2000,1,991.0,1481,7.41,1009,991
10000,1,4999.0,9098,45.49,5001,4999
20000,1,9938.0,18843,94.22,10062,9938
40000,1,19861.0,38376,191.88,20139,19861
60000,1,29698.0,57872,289.36,30302,29698
80000,1,39544.0,77348,386.74,40456,39544
100000,1,49625.0,81951,409.76,50375,49625
2,2,1.0,2,0.01,1,1
3,2,2.0,3,0.02,1,2
100,2,45.0,93,0.47,55,45
200,2,96.0,191,0.96,104,96
2000,2,970.0,1924,9.62,1030,970
10000,2,4953.0,9124,45.62,5047,4953
20000,2,9947.0,18899,94.5,10053,9947
40000,2,19897.0,35529,177.65,20103,19897
60000,2,29805.0,53966,269.83,30195,29805
80000,2,39676.0,73393,366.97,40324,39676
100000,2,49649.0,92688,463.44,50351,49649
2,3,1.0,2,0.01,1,1
3,3,1.0,3,0.02,2,1
100,3,54.0,89,0.45,46,54
200,3,103.0,184,0.92,97,103
2000,3,983.0,1904,9.52,1017,983
10000,3,4919.0,9706,48.53,5081,4919
20000,3,9918.0,19454,97.27,10082,9918
40000,3,19701.0,38928,194.64,20299,19701
60000,3,29651.0,58431,292.16,30349,29651
80000,3,39461.0,77902,389.51,40539,39461
100000,3,49396.0,94619,473.1,50604,49396
2,4,1.0,2,0.01,1,1
3,4,1.0,3,0.02,2,1
100,4,58.0,97,0.49,42,58
200,4,106.0,195,0.98,94,106
2000,4,985.0,1958,9.79,1015,985
10000,4,4958.0,9677,48.39,5042,4958
20000,4,9860.0,19446,97.23,10140,9860
40000,4,19727.0,38972,194.86,20273,19727
60000,4,29649.0,58500,292.5,30351,29649
80000,4,39624.0,77979,389.9,40376,39624
100000,4,49533.0,97458,487.29,50467,49533
2,5,1.0,2,0.01,1,1
3,5,1.0,3,0.02,2,1
100,5,54.0,98,0.49,46,54
200,5,106.0,197,0.99,94,106
2000,5,985.0,1922,9.61,1015,985
10000,5,5021.0,8729,43.65,4979,5021
20000,5,10017.0,16163,80.82,9983,10017
40000,5,19941.0,22602,113.01,20059,19941
60000,5,29816.0,28674,143.37,30184,29816
80000,5,39719.0,30511,152.56,40281,39719
100000,5,49657.0,31008,155.04,50343,49657
2,6,1.0,2,0.01,1,1
3,6,2.0,3,0.02,1,2
100,6,49.0,35,0.18,51,49
200,6,97.0,44,0.22,103,97
2000,6,1026.0,642,3.21,974,1026
10000,6,5054.0,864,4.32,4946,5054
20000,6,10110.0,1118,5.59,9890,10110
40000,6,20217.0,1646,8.23,19783,20217
60000,6,30165.0,2101,10.51,29835,30165
80000,6,40173.0,2591,12.96,39827,40173
100000,6,50160.0,3102,15.51,49840,50160
2,7,2.0,2,0.01,0,2
3,7,2.0,3,0.02,1,2
100,7,53.0,99,0.5,47,53
200,7,100.0,195,0.98,100,100
2000,7,989.0,1862,9.31,1011,989
10000,7,4952.0,9569,47.85,5048,4952
20000,7,9926.0,18077,90.39,10074,9926
40000,7,19864.0,28145,140.73,20136,19864
60000,7,29837.0,28673,143.37,30163,29837
80000,7,39955.0,29180,145.9,40045,39955
100000,7,50037.0,29714,148.57,49963,50037
2,8,1.0,2,0.01,1,1
3,8,2.0,3,0.02,1,2
100,8,57.0,97,0.49,43,57
200,8,110.0,196,0.98,90,110
2000,8,981.0,1953,9.77,1019,981
10000,8,4925.0,4353,21.77,5075,4925
20000,8,9927.0,4601,23.01,10073,9927
40000,8,19892.0,5092,25.46,20108,19892
60000,8,29903.0,5594,27.97,30097,29903
80000,8,39883.0,6072,30.36,40117,39883
100000,8,50019.0,6533,32.67,49981,50019
2,9,0.0,2,0.01,2,0
3,9,0.0,3,0.02,3,0
100,9,43.0,95,0.48,57,43
200,9,87.0,192,0.96,113,87
2000,9,975.0,1098,5.49,1025,975
10000,9,4884.0,1310,6.55,5116,4884
20000,9,9857.0,1529,7.65,10143,9857
40000,9,19697.0,2012,10.06,20303,19697
60000,9,29699.0,2469,12.35,30301,29699
80000,9,39753.0,2985,14.93,40247,39753
100000,9,49863.0,3498,17.49,50137,49863
2,10,1.0,1,0.01,1,1
3,10,1.0,2,0.01,2,1
100,10,40.0,39,0.2,60,40
200,10,95.0,43,0.22,105,95
2000,10,1036.0,87,0.44,964,1036
10000,10,4999.0,296,1.48,5001,4999
20000,10,9964.0,556,2.78,10036,9964
40000,10,19948.0,1053,5.27,20052,19948
60000,10,29936.0,1551,7.76,30064,29936
80000,10,39992.0,2088,10.44,40008,39992
100000,10,49935.0,8407,42.04,50065,49935
2,11,0.0,2,0.01,2,0
3,11,1.0,3,0.02,2,1
100,11,56.0,98,0.49,44,56
200,11,104.0,194,0.97,96,104
2000,11,1008.0,1903,9.52,992,1008
10000,11,4922.0,9684,48.42,5078,4922
20000,11,9929.0,11169,55.85,10071,9929
40000,11,19969.0,11650,58.25,20031,19969
60000,11,30049.0,12148,60.74,29951,30049
80000,11,40007.0,12625,63.13,39993,40007
100000,11,49978.0,13124,65.62,50022,49978
2,12,0.0,2,0.01,2,0
3,12,0.0,3,0.02,3,0
100,12,49.0,83,0.42,51,49
200,12,96.0,179,0.9,104,96
2000,12,1029.0,226,1.13,971,1029
10000,12,4999.0,427,2.14,5001,4999
20000,12,10018.0,1495,7.48,9982,10018
40000,12,20155.0,2097,10.49,19845,20155
60000,12,30062.0,2572,12.86,29938,30062
80000,12,40060.0,3375,16.88,39940,40060
100000,12,50031.0,3891,19.46,49969,50031
2,13,0.0,2,0.01,2,0
3,13,0.0,3,0.02,3,0
100,13,52.0,98,0.49,48,52
200,13,105.0,197,0.99,95,105
2000,13,1012.0,1947,9.74,988,1012
10000,13,5040.0,9732,48.66,4960,5040
20000,13,10004.0,19474,97.37,9996,10004
40000,13,19939.0,38980,194.9,20061,19939
60000,13,29804.0,58472,292.36,30196,29804
80000,13,39539.0,77699,388.5,40461,39539
100000,13,49443.0,87829,439.15,50557,49443
2,14,0.0,2,0.01,2,0
3,14,0.0,3,0.02,3,0
100,14,46.0,26,0.13,54,46
200,14,91.0,27,0.14,109,91
2000,14,998.0,78,0.39,1002,998
10000,14,4970.0,259,1.3,5030,4970
20000,14,10065.0,513,2.57,9935,10065
40000,14,20117.0,1031,5.16,19883,20117
60000,14,30079.0,1761,8.81,29921,30079
80000,14,40231.0,2764,13.82,39769,40231
100000,14,50247.0,3262,16.31,49753,50247
2,15,0.0,2,0.01,2,0
3,15,0.0,2,0.01,3,0
100,15,50.0,96,0.48,50,50
200,15,95.0,193,0.97,105,95
2000,15,965.0,1953,9.77,1035,965
10000,15,4922.0,6333,31.67,5078,4922
20000,15,9905.0,6586,32.93,10095,9905
40000,15,19894.0,7097,35.49,20106,19894
60000,15,29935.0,7550,37.75,30065,29935
80000,15,39844.0,8033,40.17,40156,39844
100000,15,49837.0,8483,42.42,50163,49837
2,16,1.0,2,0.01,1,1
3,16,2.0,3,0.02,1,2
100,16,54.0,38,0.19,46,54
200,16,109.0,39,0.2,91,109
2000,16,1015.0,115,0.58,985,1015
10000,16,5074.0,691,3.46,4926,5074
20000,16,10118.0,1042,5.21,9882,10118
40000,16,20193.0,1595,7.98,19807,20193
60000,16,30188.0,2061,10.31,29812,30188
80000,16,40295.0,2583,12.92,39705,40295
100000,16,50338.0,3060,15.3,49662,50338
2,17,2.0,2,0.01,0,2
3,17,2.0,3,0.02,1,2
100,17,50.0,37,0.19,50,50
200,17,96.0,126,0.63,104,96
2000,17,998.0,167,0.84,1002,998
10000,17,4914.0,371,1.86,5086,4914
20000,17,9869.0,605,3.03,10131,9869
40000,17,19840.0,1140,5.7,20160,19840
60000,17,29761.0,1636,8.18,30239,29761
80000,17,39648.0,2121,10.61,40352,39648
100000,17,49751.0,2652,13.26,50249,49751
2,18,2.0,2,0.01,0,2
3,18,3.0,3,0.02,0,3
100,18,52.0,96,0.48,48,52
200,18,97.0,193,0.97,103,97
2000,18,1007.0,1917,9.59,993,1007
10000,18,4999.0,9724,48.62,5001,4999
20000,18,10030.0,17323,86.62,9970,10030
40000,18,19929.0,22151,110.76,20071,19929
60000,18,29892.0,32886,164.43,30108,29892
80000,18,39743.0,33420,167.1,40257,39743
100000,18,49792.0,40014,200.07,50208,49792
2,19,1.0,2,0.01,1,1
3,19,2.0,3,0.02,1,2
100,19,50.0,91,0.46,50,50
200,19,91.0,190,0.95,109,91
2000,19,983.0,1940,9.7,1017,983
10000,19,4982.0,9176,45.88,5018,4982
20000,19,9947.0,14470,72.35,10053,9947
40000,19,19865.0,32270,161.35,20135,19865
60000,19,29808.0,51783,258.92,30192,29808
80000,19,39661.0,71289,356.45,40339,39661
100000,19,49494.0,90533,452.67,50506,49494
2,20,2.0,2,0.01,0,2
3,20,2.0,3,0.02,1,2
100,20,51.0,99,0.5,49,51
200,20,103.0,176,0.88,97,103
2000,20,1027.0,289,1.45,973,1027
10000,20,5166.0,514,2.57,4834,5166
20000,20,10087.0,1084,5.42,9913,10087
40000,20,20079.0,2613,13.07,19921,20079
60000,20,30034.0,3298,16.49,29966,30034
80000,20,39897.0,3862,19.31,40103,39897
100000,20,49966.0,4481,22.41,50034,49966
2,21,1.0,2,0.01,1,1
3,21,1.0,3,0.02,2,1
100,21,47.0,88,0.44,53,47
200,21,92.0,100,0.5,108,92
2000,21,973.0,150,0.75,1027,973
10000,21,4900.0,343,1.72,5100,4900
20000,21,9889.0,601,3.01,10111,9889
40000,21,19847.0,1090,5.45,20153,19847
60000,21,29864.0,1563,7.82,30136,29864
80000,21,39818.0,2050,10.25,40182,39818
100000,21,49904.0,2558,12.79,50096,49904
2,22,0.0,2,0.01,2,0
3,22,0.0,3,0.02,3,0
100,22,44.0,99,0.5,56,44
200,22,87.0,194,0.97,113,87
2000,22,995.0,991,4.96,1005,995
10000,22,5067.0,1174,5.87,4933,5067
20000,22,10076.0,1407,7.04,9924,10076
40000,22,20035.0,1982,9.91,19965,20035
60000,22,29881.0,2606,13.03,30119,29881
80000,22,39913.0,3094,15.47,40087,39913
100000,22,49870.0,3638,18.19,50130,49870
2,23,2.0,2,0.01,0,2
3,23,2.0,3,0.02,1,2
100,23,46.0,90,0.45,54,46
200,23,93.0,189,0.95,107,93
2000,23,956.0,1939,9.7,1044,956
10000,23,4933.0,9657,48.29,5067,4933
20000,23,9907.0,19388,96.94,10093,9907
40000,23,19816.0,38564,192.82,20184,19816
60000,23,29804.0,45501,227.51,30196,29804
80000,23,39646.0,46010,230.05,40354,39646
100000,23,49505.0,50699,253.5,50495,49505
2,24,2.0,2,0.01,0,2
3,24,3.0,3,0.02,0,3
100,24,47.0,68,0.34,53,47
200,24,95.0,70,0.35,105,95
2000,24,980.0,123,0.62,1020,980
10000,24,4931.0,330,1.65,5069,4931
20000,24,10022.0,578,2.89,9978,10022
40000,24,20026.0,1078,5.39,19974,20026
60000,24,30045.0,1608,8.04,29955,30045
80000,24,39854.0,4227,21.14,40146,39854
100000,24,49813.0,7205,36.03,50187,49813
2,25,1.0,2,0.01,1,1
3,25,1.0,3,0.02,2,1
100,25,41.0,97,0.49,59,41
200,25,89.0,195,0.98,111,89
2000,25,1035.0,294,1.47,965,1035
10000,25,5041.0,494,2.47,4959,5041
20000,25,10077.0,725,3.63,9923,10077
40000,25,19958.0,1235,6.18,20042,19958
60000,25,30014.0,1764,8.82,29986,30014
80000,25,40131.0,2304,11.52,39869,40131
100000,25,50094.0,2817,14.09,49906,50094
2,26,2.0,2,0.01,0,2
3,26,2.0,3,0.02,1,2
100,26,45.0,100,0.5,55,45
200,26,90.0,193,0.97,110,90
2000,26,986.0,1935,9.68,1014,986
10000,26,4998.0,9736,48.68,5002,4998
20000,26,9982.0,19490,97.45,10018,9982
40000,26,19984.0,33177,165.89,20016,19984
60000,26,29885.0,43910,219.55,30115,29885
80000,26,39782.0,62619,313.1,40218,39782
100000,26,49662.0,79792,398.96,50338,49662
2,27,1.0,2,0.01,1,1
3,27,2.0,3,0.02,1,2
100,27,54.0,97,0.49,46,54
200,27,101.0,195,0.98,99,101
2000,27,974.0,1947,9.74,1026,974
10000,27,4930.0,9736,48.68,5070,4930
20000,27,9923.0,19315,96.58,10077,9923
40000,27,19839.0,38770,193.85,20161,19839
60000,27,29730.0,57913,289.57,30270,29730
80000,27,39743.0,77424,387.12,40257,39743
100000,27,49578.0,96555,482.78,50422,49578
2,28,2.0,2,0.01,0,2
3,28,2.0,3,0.02,1,2
100,28,47.0,97,0.49,53,47
200,28,91.0,193,0.97,109,91
2000,28,979.0,1956,9.78,1021,979
10000,28,4909.0,9735,48.68,5091,4909
20000,28,9882.0,17626,88.13,10118,9882
40000,28,19784.0,36942,184.71,20216,19784
60000,28,29710.0,56457,282.29,30290,29710
80000,28,39688.0,72190,360.95,40312,39688
100000,28,49613.0,72671,363.36,50387,49613
2,29,1.0,2,0.01,1,1
3,29,2.0,3,0.02,1,2
100,29,51.0,95,0.48,49,51
200,29,97.0,195,0.98,103,97
2000,29,996.0,1935,9.68,1004,996
10000,29,4951.0,9668,48.34,5049,4951
20000,29,9914.0,19422,97.11,10086,9914
40000,29,19786.0,38924,194.62,20214,19786
60000,29,29630.0,58427,292.14,30370,29630
80000,29,39470.0,77918,389.59,40530,39470
100000,29,49430.0,95805,479.03,50570,49430
2,30,0.0,2,0.01,2,0
3,30,1.0,3,0.02,2,1
100,30,43.0,96,0.48,57,43
200,30,103.0,194,0.97,97,103
2000,30,1018.0,1949,9.75,982,1018
10000,30,5003.0,9746,48.73,4997,5003
20000,30,9917.0,19506,97.53,10083,9917
40000,30,19928.0,39042,195.21,20072,19928
60000,30,29977.0,58525,292.63,30023,29977
80000,30,39638.0,78027,390.14,40362,39638
100000,30,49577.0,97431,487.16,50423,49577
2,31,1.0,2,0.01,1,1
3,31,2.0,3,0.02,1,2
100,31,54.0,78,0.39,46,54
200,31,99.0,173,0.87,101,99
2000,31,996.0,1876,9.38,1004,996
10000,31,5045.0,6285,31.43,4955,5045
20000,31,9993.0,7265,36.33,10007,9993
40000,31,20031.0,8143,40.72,19969,20031
60000,31,29978.0,8663,43.32,30022,29978
80000,31,39950.0,9178,45.89,40050,39950
100000,31,49846.0,9672,48.36,50154,49846
2,32,2.0,2,0.01,0,2
3,32,2.0,3,0.02,1,2
100,32,49.0,99,0.5,51,49
200,32,100.0,197,0.99,100,100
2000,32,964.0,1952,9.76,1036,964
10000,32,4971.0,4630,23.15,5029,4971
20000,32,9975.0,4887,24.44,10025,9975
40000,32,19995.0,5390,26.95,20005,19995
60000,32,30088.0,5849,29.25,29912,30088
80000,32,40151.0,6361,31.81,39849,40151
100000,32,50119.0,6870,34.35,49881,50119
2,33,2.0,2,0.01,0,2
3,33,2.0,3,0.02,1,2
100,33,55.0,94,0.47,45,55
200,33,105.0,191,0.96,95,105
2000,33,973.0,1952,9.76,1027,973
10000,33,4910.0,9678,48.39,5090,4910
20000,33,9743.0,19428,97.14,10257,9743
40000,33,19611.0,38885,194.43,20389,19611
60000,33,29473.0,58430,292.15,30527,29473
80000,33,39298.0,77913,389.57,40702,39298
100000,33,49293.0,97387,486.94,50707,49293
2,34,0.0,1,0.01,2,0
3,34,1.0,2,0.01,2,1
100,34,44.0,94,0.47,56,44
200,34,93.0,194,0.97,107,93
2000,34,981.0,1947,9.74,1019,981
10000,34,4948.0,9725,48.63,5052,4948
20000,34,10003.0,18922,94.61,9997,10003
40000,34,19916.0,37937,189.69,20084,19916
60000,34,29762.0,55851,279.26,30238,29762
80000,34,39646.0,73937,369.69,40354,39646
100000,34,49669.0,93468,467.34,50331,49669
2,35,1.0,2,0.01,1,1
3,35,2.0,3,0.02,1,2
100,35,51.0,98,0.49,49,51
200,35,97.0,194,0.97,103,97
2000,35,1000.0,1948,9.74,1000,1000
10000,35,5043.0,5562,27.81,4957,5043
20000,35,10022.0,5820,29.1,9978,10022
40000,35,19945.0,6324,31.62,20055,19945
60000,35,29996.0,7178,35.89,30004,29996
80000,35,39923.0,7656,38.28,40077,39923
100000,35,49884.0,8784,43.92,50116,49884
2,36,2.0,2,0.01,0,2
3,36,3.0,3,0.02,0,3
100,36,55.0,97,0.49,45,55
200,36,108.0,194,0.97,92,108
2000,36,991.0,1932,9.66,1009,991
10000,36,4920.0,9597,47.99,5080,4920
20000,36,9866.0,19368,96.84,10134,9866
40000,36,19705.0,38832,194.16,20295,19705
60000,36,29595.0,56218,281.09,30405,29595
80000,36,39654.0,56715,283.58,40346,39654
100000,36,49678.0,57212,286.06,50322,49678
2,37,1.0,2,0.01,1,1
3,37,1.0,3,0.02,2,1
100,37,54.0,100,0.5,46,54
200,37,104.0,196,0.98,96,104
2000,37,996.0,326,1.63,1004,996
10000,37,5002.0,610,3.05,4998,5002
20000,37,9951.0,917,4.59,10049,9951
40000,37,20106.0,1394,6.97,19894,20106
60000,37,30222.0,1918,9.59,29778,30222
80000,37,40198.0,2391,11.96,39802,40198
100000,37,50333.0,2853,14.27,49667,50333
2,38,2.0,2,0.01,0,2
3,38,2.0,3,0.02,1,2
100,38,44.0,98,0.49,56,44
200,38,90.0,138,0.69,110,90
2000,38,985.0,1849,9.25,1015,985
10000,38,4931.0,9034,45.17,5069,4931
20000,38,9985.0,9295,46.48,10015,9985
40000,38,19942.0,9817,49.09,20058,19942
60000,38,29919.0,10315,51.58,30081,29919
80000,38,39870.0,10790,53.95,40130,39870
100000,38,49894.0,11277,56.39,50106,49894
2,39,0.0,2,0.01,2,0
3,39,0.0,3,0.02,3,0
100,39,47.0,95,0.48,53,47
200,39,91.0,193,0.97,109,91
2000,39,973.0,365,1.83,1027,973
10000,39,4980.0,5032,25.16,5020,4980
20000,39,9976.0,14756,73.78,10024,9976
40000,39,19891.0,34247,171.24,20109,19891
60000,39,29659.0,52641,263.21,30341,29659
80000,39,39539.0,63008,315.04,40461,39539
100000,39,49467.0,69733,348.67,50533,49467
2,40,2.0,2,0.01,0,2
3,40,2.0,3,0.02,1,2
100,40,57.0,96,0.48,43,57
200,40,110.0,190,0.95,90,110
2000,40,985.0,1927,9.64,1015,985
10000,40,4929.0,3446,17.23,5071,4929
20000,40,9999.0,3675,18.38,10001,9999
40000,40,20088.0,4135,20.68,19912,20088
60000,40,30185.0,4621,23.11,29815,30185
80000,40,40166.0,5095,25.48,39834,40166
100000,40,50151.0,5589,27.95,49849,50151
2,41,0.0,2,0.01,2,0
3,41,1.0,3,0.02,2,1
100,41,56.0,89,0.45,44,56
200,41,101.0,180,0.9,99,101
2000,41,1007.0,1914,9.57,993,1007
10000,41,4920.0,9649,48.25,5080,4920
20000,41,9871.0,19293,96.47,10129,9871
40000,41,19721.0,38558,192.79,20279,19721
60000,41,29692.0,57204,286.02,30308,29692
80000,41,39669.0,76727,383.64,40331,39669
100000,41,49520.0,96249,481.25,50480,49520
2,42,0.0,2,0.01,2,0
3,42,0.0,3,0.02,3,0
100,42,51.0,100,0.5,49,51
200,42,104.0,196,0.98,96,104
2000,42,1003.0,1794,8.97,997,1003
10000,42,5040.0,2333,11.67,4960,5040
20000,42,9966.0,3266,16.33,10034,9966
40000,42,19956.0,4424,22.12,20044,19956
60000,42,29907.0,4883,24.42,30093,29907
80000,42,39891.0,5386,26.93,40109,39891
100000,42,49870.0,5866,29.33,50130,49870
2,43,1.0,2,0.01,1,1
3,43,2.0,3,0.02,1,2
100,43,52.0,92,0.46,48,52
200,43,95.0,147,0.74,105,95
2000,43,1041.0,198,0.99,959,1041
10000,43,5022.0,627,3.14,4978,5022
20000,43,9975.0,916,4.58,10025,9975
40000,43,19852.0,1504,7.52,20148,19852
60000,43,29877.0,2121,10.61,30123,29877
80000,43,39916.0,2606,13.03,40084,39916
100000,43,50014.0,3099,15.5,49986,50014
2,44,1.0,2,0.01,1,1
3,44,2.0,3,0.02,1,2
100,44,60.0,100,0.5,40,60
200,44,103.0,178,0.89,97,103
2000,44,996.0,1914,9.57,1004,996
10000,44,4932.0,9483,47.42,5068,4932
20000,44,9851.0,19221,96.11,10149,9851
40000,44,19703.0,38757,193.79,20297,19703
60000,44,29633.0,57613,288.07,30367,29633
80000,44,39586.0,76790,383.95,40414,39586
100000,44,49501.0,96027,480.14,50499,49501
2,45,1.0,2,0.01,1,1
3,45,1.0,3,0.02,2,1
100,45,50.0,95,0.48,50,50
200,45,97.0,193,0.97,103,97
2000,45,996.0,1681,8.41,1004,996
10000,45,4977.0,9477,47.39,5023,4977
20000,45,10033.0,19232,96.16,9967,10033
40000,45,19884.0,38733,193.67,20116,19884
60000,45,29720.0,58224,291.12,30280,29720
80000,45,39643.0,77772,388.86,40357,39643
100000,45,49492.0,97278,486.39,50508,49492
2,46,1.0,2,0.01,1,1
3,46,2.0,3,0.02,1,2
100,46,56.0,98,0.49,44,56
200,46,110.0,192,0.96,90,110
2000,46,1022.0,1893,9.47,978,1022
10000,46,4995.0,9553,47.77,5005,4995
20000,46,10030.0,9797,48.99,9970,10030
40000,46,20060.0,10287,51.44,19940,20060
60000,46,30011.0,10815,54.08,29989,30011
80000,46,40026.0,11319,56.6,39974,40026
100000,46,49946.0,11818,59.09,50054,49946
2,47,1.0,2,0.01,1,1
3,47,2.0,3,0.02,1,2
100,47,56.0,98,0.49,44,56
200,47,108.0,197,0.99,92,108
2000,47,997.0,1939,9.7,1003,997
10000,47,4983.0,3593,17.97,5017,4983
20000,47,9943.0,3853,19.27,10057,9943
40000,47,19877.0,4343,21.72,20123,19877
60000,47,29872.0,4856,24.28,30128,29872
80000,47,39900.0,5372,26.86,40100,39900
100000,47,49871.0,5857,29.29,50129,49871
2,48,2.0,2,0.01,0,2
3,48,3.0,3,0.02,0,3
100,48,54.0,79,0.4,46,54
200,48,100.0,158,0.79,100,100
2000,48,955.0,503,2.52,1045,955
10000,48,5068.0,697,3.49,4932,5068
20000,48,10085.0,935,4.68,9915,10085
40000,48,20026.0,1414,7.07,19974,20026
60000,48,30041.0,3738,18.69,29959,30041
80000,48,40066.0,4847,24.24,39934,40066
100000,48,50115.0,5342,26.71,49885,50115
2,49,1.0,2,0.01,1,1
3,49,1.0,3,0.02,2,1
100,49,51.0,99,0.5,49,51
200,49,102.0,196,0.98,98,102
2000,49,1010.0,1923,9.62,990,1010
10000,49,5018.0,9421,47.11,4982,5018
20000,49,9924.0,19169,95.85,10076,9924
40000,49,19757.0,38649,193.25,20243,19757
60000,49,29720.0,53659,268.3,30280,29720
80000,49,39636.0,56819,284.1,40364,39636
100000,49,49487.0,57532,287.66,50513,49487
2,50,0.0,2,0.01,2,0
3,50,0.0,3,0.02,3,0
100,50,49.0,97,0.49,51,49
200,50,92.0,180,0.9,108,92
2000,50,960.0,638,3.19,1040,960
10000,50,5042.0,845,4.23,4958,5042
20000,50,10067.0,1088,5.44,9933,10067
40000,50,20053.0,1563,7.82,19947,20053
60000,50,30033.0,2054,10.27,29967,30033
80000,50,40108.0,2517,12.59,39892,40108
100000,50,50186.0,3026,15.13,49814,50186
2,51,0.0,2,0.01,2,0
3,51,0.0,3,0.02,3,0
100,51,52.0,91,0.46,48,52
200,51,106.0,134,0.67,94,106
2000,51,1017.0,1860,9.3,983,1017
10000,51,4952.0,9630,48.15,5048,4952
20000,51,9948.0,19380,96.9,10052,9948
40000,51,19789.0,37412,187.06,20211,19789
60000,51,29821.0,37928,189.64,30179,29821
80000,51,39857.0,38405,192.03,40143,39857
100000,51,49884.0,38920,194.6,50116,49884
2,52,0.0,2,0.01,2,0
3,52,1.0,3,0.02,2,1
100,52,46.0,97,0.49,54,46
200,52,97.0,195,0.98,103,97
2000,52,955.0,1914,9.57,1045,955
10000,52,4911.0,9554,47.77,5089,4911
20000,52,9844.0,19194,95.97,10156,9844
40000,52,19908.0,36655,183.28,20092,19908
60000,52,30002.0,37373,186.87,29998,30002
80000,52,40069.0,37864,189.32,39931,40069
100000,52,50194.0,38389,191.95,49806,50194
2,53,2.0,2,0.01,0,2
3,53,2.0,3,0.02,1,2
100,53,57.0,99,0.5,43,57
200,53,110.0,198,0.99,90,110
2000,53,1028.0,1954,9.77,972,1028
10000,53,4994.0,9693,48.47,5006,4994
20000,53,9907.0,19459,97.3,10093,9907
40000,53,19908.0,38983,194.92,20092,19908
60000,53,29750.0,58468,292.34,30250,29750
80000,53,39828.0,77987,389.94,40172,39828
100000,53,49734.0,97501,487.51,50266,49734
2,54,0.0,2,0.01,2,0
3,54,0.0,3,0.02,3,0
100,54,58.0,97,0.49,42,58
200,54,121.0,196,0.98,79,121
2000,54,1050.0,1948,9.74,950,1050
10000,54,4879.0,9738,48.69,5121,4879
20000,54,9717.0,17011,85.06,10283,9717
40000,54,19598.0,36520,182.6,20402,19598
60000,54,29633.0,47523,237.62,30367,29633
80000,54,39603.0,48047,240.24,40397,39603
100000,54,49642.0,48563,242.82,50358,49642
2,55,2.0,2,0.01,0,2
3,55,2.0,3,0.02,1,2
100,55,44.0,97,0.49,56,44
200,55,97.0,190,0.95,103,97
2000,55,1000.0,1957,9.79,1000,1000
10000,55,4957.0,9409,47.05,5043,4957
20000,55,9891.0,19152,95.76,10109,9891
40000,55,19813.0,38637,193.19,20187,19813
60000,55,29787.0,52274,261.37,30213,29787
80000,55,39807.0,52758,263.79,40193,39807
100000,55,49746.0,53212,266.06,50254,49746
2,56,1.0,1,0.01,1,1
3,56,1.0,2,0.01,2,1
100,56,51.0,99,0.5,49,51
200,56,104.0,195,0.98,96,104
2000,56,1009.0,1748,8.74,991,1009
10000,56,4993.0,4766,23.83,5007,4993
20000,56,10016.0,5006,25.03,9984,10016
40000,56,20027.0,5511,27.56,19973,20027
60000,56,30043.0,6032,30.16,29957,30043
80000,56,40048.0,6494,32.47,39952,40048
100000,56,50114.0,6977,34.89,49886,50114
2,57,0.0,2,0.01,2,0
3,57,1.0,2,0.01,2,1
100,57,50.0,5,0.03,50,50
200,57,103.0,13,0.07,97,103
2000,57,1047.0,104,0.52,953,1047
10000,57,5058.0,311,1.56,4942,5058
20000,57,10104.0,532,2.66,9896,10104
40000,57,20038.0,1343,6.72,19962,20038
60000,57,30148.0,1877,9.39,29852,30148
80000,57,40074.0,2478,12.39,39926,40074
100000,57,50170.0,2974,14.87,49830,50170
2,58,1.0,2,0.01,1,1
3,58,2.0,3,0.02,1,2
100,58,49.0,13,0.07,51,49
200,58,107.0,96,0.48,93,107
2000,58,1011.0,1839,9.2,989,1011
10000,58,4960.0,9587,47.94,5040,4960
20000,58,9895.0,19335,96.68,10105,9895
40000,58,19730.0,38371,191.86,20270,19730
60000,58,29843.0,38974,194.87,30157,29843
80000,58,39853.0,39517,197.59,40147,39853
100000,58,49804.0,40063,200.32,50196,49804
2,59,2.0,2,0.01,0,2
3,59,2.0,3,0.02,1,2
100,59,52.0,18,0.09,48,52
200,59,107.0,19,0.1,93,107
2000,59,984.0,64,0.32,1016,984
10000,59,5100.0,266,1.33,4900,5100
20000,59,10160.0,523,2.62,9840,10160
40000,59,20143.0,997,4.99,19857,20143
60000,59,30156.0,1694,8.47,29844,30156
80000,59,40180.0,2181,10.91,39820,40180
100000,59,50154.0,2669,13.35,49846,50154
2,60,1.0,2,0.01,1,1
3,60,2.0,3,0.02,1,2
100,60,43.0,98,0.49,57,43
200,60,97.0,193,0.97,103,97
2000,60,971.0,1905,9.53,1029,971
10000,60,4886.0,9004,45.02,5114,4886
20000,60,9924.0,18774,93.87,10076,9924
40000,60,19827.0,26527,132.64,20173,19827
60000,60,29794.0,27003,135.02,30206,29794
80000,60,39791.0,27493,137.47,40209,39791
100000,60,49826.0,28004,140.02,50174,49826
2,61,0.0,2,0.01,2,0
3,61,1.0,3,0.02,2,1
100,61,45.0,36,0.18,55,45
200,61,101.0,38,0.19,99,101
2000,61,976.0,76,0.38,1024,976
10000,61,4951.0,320,1.6,5049,4951
20000,61,9908.0,2167,10.84,10092,9908
40000,61,19999.0,2824,14.12,20001,19999
60000,61,30071.0,3355,16.78,29929,30071
80000,61,40117.0,3866,19.33,39883,40117
100000,61,50205.0,4370,21.85,49795,50205
2,62,1.0,2,0.01,1,1
3,62,1.0,3,0.02,2,1
100,62,51.0,94,0.47,49,51
200,62,106.0,191,0.96,94,106
2000,62,981.0,1942,9.71,1019,981
10000,62,4990.0,9727,48.64,5010,4990
20000,62,9939.0,19498,97.49,10061,9939
40000,62,20009.0,24530,122.65,19991,20009
60000,62,30003.0,24999,125.0,29997,30003
80000,62,40028.0,25496,127.48,39972,40028
100000,62,49972.0,26000,130.0,50028,49972
2,63,1.0,2,0.01,1,1
3,63,2.0,3,0.02,1,2
100,63,51.0,83,0.42,49,51
200,63,95.0,177,0.89,105,95
2000,63,992.0,1920,9.6,1008,992
10000,63,4984.0,9565,47.83,5016,4984
20000,63,9939.0,19330,96.65,10061,9939
40000,63,19735.0,38841,194.21,20265,19735
60000,63,29559.0,58352,291.76,30441,29559
80000,63,39471.0,77851,389.26,40529,39471
100000,63,49393.0,97355,486.78,50607,49393
2,64,1.0,2,0.01,1,1
3,64,2.0,3,0.02,1,2
100,64,48.0,98,0.49,52,48
200,64,100.0,191,0.96,100,100
2000,64,982.0,1881,9.41,1018,982
10000,64,4910.0,9666,48.33,5090,4910
20000,64,9855.0,19434,97.17,10145,9855
40000,64,19951.0,38483,192.42,20049,19951
60000,64,29903.0,57709,288.55,30097,29903
80000,64,39831.0,69477,347.39,40169,39831
100000,64,49808.0,87804,439.02,50192,49808
2,65,1.0,2,0.01,1,1
3,65,1.0,3,0.02,2,1
100,65,48.0,100,0.5,52,48
200,65,97.0,122,0.61,103,97
2000,65,995.0,1829,9.15,1005,995
10000,65,4916.0,9491,47.46,5084,4916
20000,65,9884.0,18769,93.85,10116,9884
40000,65,19698.0,37422,187.11,20302,19698
60000,65,29683.0,56913,284.57,30317,29683
80000,65,39644.0,76395,381.98,40356,39644
100000,65,49583.0,95878,479.39,50417,49583
2,66,0.0,2,0.01,2,0
3,66,0.0,3,0.02,3,0
100,66,48.0,96,0.48,52,48
200,66,96.0,194,0.97,104,96
2000,66,970.0,1952,9.76,1030,970
10000,66,5026.0,9749,48.75,4974,5026
20000,66,9975.0,19174,95.87,10025,9975
40000,66,19931.0,37896,189.48,20069,19931
60000,66,29979.0,54957,274.79,30021,29979
80000,66,39786.0,74489,372.45,40214,39786
100000,66,49658.0,93925,469.63,50342,49658
2,67,1.0,2,0.01,1,1
3,67,1.0,3,0.02,2,1
100,67,46.0,26,0.13,54,46
200,67,99.0,31,0.16,101,99
2000,67,989.0,89,0.45,1011,989
10000,67,4956.0,1563,7.82,5044,4956
20000,67,9994.0,1807,9.04,10006,9994
40000,67,20058.0,2280,11.4,19942,20058
60000,67,30106.0,2761,13.81,29894,30106
80000,67,40118.0,3239,16.2,39882,40118
100000,67,50055.0,3717,18.59,49945,50055
2,68,1.0,2,0.01,1,1
3,68,1.0,3,0.02,2,1
100,68,56.0,63,0.32,44,56
200,68,104.0,133,0.67,96,104
2000,68,1011.0,1889,9.45,989,1011
10000,68,4988.0,9693,48.47,5012,4988
20000,68,9914.0,19448,97.24,10086,9914
40000,68,19754.0,38919,194.6,20246,19754
60000,68,29521.0,58435,292.18,30479,29521
80000,68,39337.0,77961,389.81,40663,39337
100000,68,49195.0,97450,487.25,50805,49195
2,69,0.0,2,0.01,2,0
3,69,0.0,3,0.02,3,0
100,69,55.0,52,0.26,45,55
200,69,106.0,86,0.43,94,106
2000,69,998.0,133,0.67,1002,998
10000,69,4943.0,625,3.13,5057,4943
20000,69,9969.0,863,4.32,10031,9969
40000,69,19929.0,1360,6.8,20071,19929
60000,69,29912.0,1833,9.17,30088,29912
80000,69,39917.0,2310,11.55,40083,39917
100000,69,49935.0,2798,13.99,50065,49935
2,70,1.0,2,0.01,1,1
3,70,2.0,3,0.02,1,2
100,70,61.0,98,0.49,39,61
200,70,118.0,196,0.98,82,118
2000,70,990.0,1908,9.54,1010,990
10000,70,5012.0,2767,13.84,4988,5012
20000,70,10101.0,3002,15.01,9899,10101
40000,70,20194.0,3476,17.38,19806,20194
60000,70,30246.0,3972,19.86,29754,30246
80000,70,40208.0,4471,22.36,39792,40208
100000,70,50434.0,5027,25.14,49566,50434
2,71,1.0,2,0.01,1,1
3,71,1.0,3,0.02,2,1
100,71,45.0,97,0.49,55,45
200,71,92.0,195,0.98,108,92
2000,71,982.0,1945,9.73,1018,982
10000,71,4901.0,9699,48.5,5099,4901
20000,71,9887.0,19432,97.16,10113,9887
40000,71,19788.0,38943,194.72,20212,19788
60000,71,29765.0,58460,292.3,30235,29765
80000,71,39738.0,77946,389.73,40262,39738
100000,71,49646.0,89405,447.03,50354,49646
2,72,0.0,1,0.01,2,0
3,72,1.0,2,0.01,2,1
100,72,50.0,98,0.49,50,50
200,72,101.0,142,0.71,99,101
2000,72,1016.0,1483,7.42,984,1016
10000,72,4971.0,9020,45.1,5029,4971
20000,72,9971.0,18725,93.63,10029,9971
40000,72,19859.0,38194,190.97,20141,19859
60000,72,29792.0,57689,288.45,30208,29792
80000,72,39660.0,77160,385.8,40340,39660
100000,72,49606.0,94843,474.22,50394,49606
2,73,0.0,2,0.01,2,0
3,73,0.0,3,0.02,3,0
100,73,38.0,98,0.49,62,38
200,73,81.0,191,0.96,119,81
2000,73,954.0,282,1.41,1046,954
10000,73,4914.0,495,2.48,5086,4914
20000,73,9977.0,741,3.71,10023,9977
40000,73,19988.0,1242,6.21,20012,19988
60000,73,29931.0,1747,8.74,30069,29931
80000,73,39904.0,2247,11.24,40096,39904
100000,73,49948.0,2747,13.74,50052,49948
2,74,1.0,2,0.01,1,1
3,74,2.0,3,0.02,1,2
100,74,45.0,56,0.28,55,45
200,74,96.0,154,0.77,104,96
2000,74,936.0,1723,8.62,1064,936
10000,74,4921.0,9500,47.5,5079,4921
20000,74,9998.0,19255,96.28,10002,9998
40000,74,19894.0,38745,193.73,20106,19894
60000,74,29681.0,58263,291.32,30319,29681
80000,74,39627.0,77723,388.62,40373,39627
100000,74,49563.0,97204,486.02,50437,49563
2,75,1.0,2,0.01,1,1
3,75,1.0,3,0.02,2,1
100,75,50.0,9,0.05,50,50
200,75,98.0,12,0.06,102,98
2000,75,984.0,355,1.78,1016,984
10000,75,4943.0,981,4.91,5057,4943
20000,75,9887.0,1243,6.22,10113,9887
40000,75,19866.0,1723,8.62,20134,19866
60000,75,29901.0,2234,11.17,30099,29901
80000,75,39838.0,2745,13.73,40162,39838
100000,75,49842.0,3262,16.31,50158,49842
2,76,2.0,2,0.01,0,2
3,76,2.0,3,0.02,1,2
100,76,53.0,13,0.07,47,53
200,76,95.0,15,0.08,105,95
2000,76,1012.0,67,0.34,988,1012
10000,76,5033.0,537,2.69,4967,5033
20000,76,10021.0,852,4.26,9979,10021
40000,76,19908.0,1381,6.91,20092,19908
60000,76,29919.0,2005,10.03,30081,29919
80000,76,39880.0,16119,80.6,40120,39880
100000,76,49961.0,16630,83.15,50039,49961
2,77,0.0,1,0.01,2,0
3,77,0.0,2,0.01,3,0
100,77,47.0,96,0.48,53,47
200,77,82.0,194,0.97,118,82
2000,77,974.0,1344,6.72,1026,974
10000,77,4974.0,1535,7.68,5026,4974
20000,77,9980.0,1781,8.91,10020,9980
40000,77,20001.0,2260,11.3,19999,20001
60000,77,29894.0,2759,13.8,30106,29894
80000,77,39925.0,3220,16.1,40075,39925
100000,77,49940.0,3775,18.88,50060,49940
2,78,2.0,2,0.01,0,2
3,78,2.0,3,0.02,1,2
100,78,52.0,98,0.49,48,52
200,78,98.0,193,0.97,102,98
2000,78,1000.0,1908,9.54,1000,1000
10000,78,5006.0,9601,48.01,4994,5006
20000,78,9933.0,15375,76.88,10067,9933
40000,78,20037.0,15893,79.47,19963,20037
60000,78,30098.0,16414,82.07,29902,30098
80000,78,40314.0,16901,84.51,39686,40314
100000,78,50208.0,17428,87.14,49792,50208
2,79,0.0,2,0.01,2,0
3,79,1.0,3,0.02,2,1
100,79,47.0,95,0.48,53,47
200,79,97.0,193,0.97,103,97
2000,79,976.0,1951,9.76,1024,976
10000,79,4978.0,9773,48.87,5022,4978
20000,79,9913.0,19539,97.7,10087,9913
40000,79,19858.0,32187,160.94,20142,19858
60000,79,29855.0,32676,163.38,30145,29855
80000,79,39766.0,33198,165.99,40234,39766
100000,79,49844.0,33687,168.44,50156,49844
2,80,0.0,2,0.01,2,0
3,80,1.0,3,0.02,2,1
100,80,50.0,97,0.49,50,50
200,80,109.0,148,0.74,91,109
2000,80,1023.0,208,1.04,977,1023
10000,80,5008.0,452,2.26,4992,5008
20000,80,10068.0,760,3.8,9932,10068
40000,80,20063.0,1298,6.49,19937,20063
60000,80,30002.0,1821,9.11,29998,30002
80000,80,40032.0,2346,11.73,39968,40032
100000,80,50054.0,4225,21.13,49946,50054
2,81,2.0,2,0.01,0,2
3,81,3.0,3,0.02,0,3
100,81,57.0,100,0.5,43,57
200,81,111.0,190,0.95,89,111
2000,81,1009.0,1917,9.59,991,1009
10000,81,5014.0,9705,48.53,4986,5014
20000,81,9991.0,19456,97.28,10009,9991
40000,81,19916.0,35460,177.3,20084,19916
60000,81,29783.0,54171,270.86,30217,29783
80000,81,39621.0,73672,368.36,40379,39621
100000,81,49493.0,93160,465.8,50507,49493
2,82,2.0,2,0.01,0,2
3,82,3.0,3,0.02,0,3
100,82,61.0,96,0.48,39,61
200,82,113.0,188,0.94,87,113
2000,82,1027.0,1478,7.39,973,1027
10000,82,5072.0,2507,12.54,4928,5072
20000,82,10117.0,2759,13.8,9883,10117
40000,82,20029.0,3268,16.34,19971,20029
60000,82,30105.0,3740,18.7,29895,30105
80000,82,40164.0,4231,21.16,39836,40164
100000,82,50254.0,4730,23.65,49746,50254
2,83,1.0,2,0.01,1,1
3,83,2.0,3,0.02,1,2
100,83,48.0,81,0.41,52,48
200,83,102.0,88,0.44,98,102
2000,83,1016.0,134,0.67,984,1016
10000,83,5036.0,339,1.7,4964,5036
20000,83,10001.0,595,2.98,9999,10001
40000,83,19995.0,1100,5.5,20005,19995
60000,83,29975.0,1588,7.94,30025,29975
80000,83,40032.0,2060,10.3,39968,40032
100000,83,50069.0,2560,12.8,49931,50069
2,84,1.0,2,0.01,1,1
3,84,1.0,3,0.02,2,1
100,84,45.0,96,0.48,55,45
200,84,113.0,194,0.97,87,113
2000,84,1005.0,1778,8.89,995,1005
10000,84,4984.0,6278,31.39,5016,4984
20000,84,10063.0,6550,32.75,9937,10063
40000,84,20108.0,7030,35.15,19892,20108
60000,84,30127.0,7557,37.79,29873,30127
80000,84,40141.0,8058,40.29,39859,40141
100000,84,50125.0,8586,42.93,49875,50125
2,85,1.0,2,0.01,1,1
3,85,1.0,3,0.02,2,1
100,85,50.0,100,0.5,50,50
200,85,97.0,191,0.96,103,97
2000,85,990.0,1403,7.02,1010,990
10000,85,4955.0,1597,7.99,5045,4955
20000,85,9913.0,4178,20.89,10087,9913
40000,85,19953.0,4684,23.42,20047,19953
60000,85,30010.0,5175,25.88,29990,30010
80000,85,39940.0,5667,28.34,40060,39940
100000,85,50068.0,6145,30.73,49932,50068
2,86,1.0,1,0.01,1,1
3,86,1.0,2,0.01,2,1
100,86,41.0,96,0.48,59,41
200,86,89.0,192,0.96,111,89
2000,86,996.0,1956,9.78,1004,996
10000,86,4879.0,9789,48.95,5121,4879
20000,86,9770.0,18327,91.64,10230,9770
40000,86,19727.0,37810,189.05,20273,19727
60000,86,29640.0,57368,286.84,30360,29640
80000,86,39471.0,76929,384.65,40529,39471
100000,86,49381.0,96425,482.13,50619,49381
2,87,1.0,2,0.01,1,1
3,87,1.0,3,0.02,2,1
100,87,45.0,100,0.5,55,45
200,87,96.0,183,0.92,104,96
2000,87,970.0,1900,9.5,1030,970
10000,87,4943.0,9698,48.49,5057,4943
20000,87,9966.0,10864,54.32,10034,9966
40000,87,20083.0,11353,56.77,19917,20083
60000,87,30151.0,11861,59.31,29849,30151
80000,87,40222.0,12354,61.77,39778,40222
100000,87,50277.0,12845,64.23,49723,50277
2,88,0.0,2,0.01,2,0
3,88,0.0,3,0.02,3,0
100,88,38.0,99,0.5,62,38
200,88,87.0,156,0.78,113,87
2000,88,970.0,202,1.01,1030,970
10000,88,4999.0,391,1.96,5001,4999
20000,88,9922.0,1270,6.35,10078,9922
40000,88,19890.0,1776,8.88,20110,19890
60000,88,29960.0,2279,11.4,30040,29960
80000,88,40002.0,2776,13.88,39998,40002
100000,88,49934.0,3293,16.47,50066,49934
2,89,2.0,2,0.01,0,2
3,89,3.0,3,0.02,0,3
100,89,52.0,100,0.5,48,52
200,89,96.0,190,0.95,104,96
2000,89,958.0,1937,9.69,1042,958
10000,89,4913.0,9731,48.66,5087,4913
20000,89,9821.0,18163,90.82,10179,9821
40000,89,19715.0,28731,143.66,20285,19715
60000,89,29546.0,48246,241.23,30454,29546
80000,89,39496.0,67764,338.82,40504,39496
100000,89,49478.0,87245,436.23,50522,49478
2,90,2.0,2,0.01,0,2
3,90,2.0,3,0.02,1,2
100,90,55.0,63,0.32,45,55
200,90,100.0,151,0.76,100,100
2000,90,1029.0,1892,9.46,971,1029
10000,90,4991.0,7241,36.21,5009,4991
20000,90,9889.0,15686,78.43,10111,9889
40000,90,19877.0,34997,174.99,20123,19877
60000,90,29890.0,54510,272.55,30110,29890
80000,90,39812.0,73996,369.98,40188,39812
100000,90,49767.0,93495,467.48,50233,49767
2,91,2.0,2,0.01,0,2
3,91,2.0,3,0.02,1,2
100,91,49.0,65,0.33,51,49
200,91,102.0,68,0.34,98,102
2000,91,976.0,150,0.75,1024,976
10000,91,4931.0,353,1.77,5069,4931
20000,91,9979.0,591,2.96,10021,9979
40000,91,19861.0,1144,5.72,20139,19861
60000,91,29751.0,1593,7.97,30249,29751
80000,91,39800.0,2098,10.49,40200,39800
100000,91,49745.0,2624,13.12,50255,49745
2,92,0.0,2,0.01,2,0
3,92,1.0,3,0.02,2,1
100,92,51.0,99,0.5,49,51
200,92,95.0,193,0.97,105,95
2000,92,1012.0,1926,9.63,988,1012
10000,92,4962.0,9737,48.69,5038,4962
20000,92,9857.0,19473,97.37,10143,9857
40000,92,19760.0,38976,194.88,20240,19760
60000,92,29620.0,58048,290.24,30380,29620
80000,92,39470.0,76867,384.34,40530,39470
100000,92,49344.0,96385,481.93,50656,49344
2,93,1.0,2,0.01,1,1
3,93,1.0,3,0.02,2,1
100,93,54.0,41,0.21,46,54
200,93,107.0,44,0.22,93,107
2000,93,1047.0,676,3.38,953,1047
10000,93,5121.0,4413,22.07,4879,5121
20000,93,9967.0,6721,33.61,10033,9967
40000,93,19838.0,23510,117.55,20162,19838
60000,93,29721.0,34478,172.39,30279,29721
80000,93,39732.0,34966,174.83,40268,39732
100000,93,49646.0,35483,177.42,50354,49646
2,94,1.0,2,0.01,1,1
3,94,2.0,3,0.02,1,2
100,94,55.0,100,0.5,45,55
200,94,103.0,196,0.98,97,103
2000,94,1010.0,1957,9.79,990,1010
10000,94,5000.0,9736,48.68,5000,5000
20000,94,10028.0,18974,94.87,9972,10028
40000,94,19898.0,38311,191.56,20102,19898
60000,94,29888.0,56378,281.89,30112,29888
80000,94,39729.0,66755,333.78,40271,39729
100000,94,49726.0,68902,344.51,50274,49726
2,95,1.0,2,0.01,1,1
3,95,1.0,3,0.02,2,1
100,95,47.0,96,0.48,53,47
200,95,99.0,193,0.97,101,99
2000,95,1001.0,1950,9.75,999,1001
10000,95,4918.0,9752,48.76,5082,4918
20000,95,9802.0,19374,96.87,10198,9802
40000,95,19743.0,38865,194.33,20257,19743
60000,95,29644.0,58396,291.98,30356,29644
80000,95,39681.0,64187,320.94,40319,39681
100000,95,49737.0,64712,323.56,50263,49737
2,96,1.0,2,0.01,1,1
3,96,2.0,3,0.02,1,2
100,96,43.0,97,0.49,57,43
200,96,89.0,197,0.99,111,89
2000,96,966.0,1934,9.67,1034,966
10000,96,4796.0,9728,48.64,5204,4796
20000,96,9777.0,19470,97.35,10223,9777
40000,96,19756.0,38991,194.96,20244,19756
60000,96,29595.0,58467,292.34,30405,29595
80000,96,39573.0,77965,389.83,40427,39573
100000,96,49488.0,97432,487.16,50512,49488
2,97,1.0,2,0.01,1,1
3,97,1.0,3,0.02,2,1
100,97,45.0,52,0.26,55,45
200,97,97.0,56,0.28,103,97
2000,97,1029.0,328,1.64,971,1029
10000,97,5085.0,535,2.68,4915,5085
20000,97,10031.0,783,3.92,9969,10031
40000,97,20111.0,1260,6.3,19889,20111
60000,97,30128.0,2095,10.48,29872,30128
80000,97,40148.0,4372,21.86,39852,40148
100000,97,50221.0,7437,37.19,49779,50221
2,98,2.0,2,0.01,0,2
3,98,2.0,3,0.02,1,2
100,98,51.0,92,0.46,49,51
200,98,101.0,162,0.81,99,101
2000,98,1021.0,253,1.27,979,1021
10000,98,4955.0,448,2.24,5045,4955
20000,98,9931.0,723,3.62,10069,9931
40000,98,19839.0,1209,6.05,20161,19839
60000,98,29803.0,5307,26.54,30197,29803
80000,98,39775.0,5842,29.21,40225,39775
100000,98,49825.0,6558,32.79,50175,49825
2,99,2.0,1,0.01,0,2
3,99,2.0,2,0.01,1,2
100,99,56.0,8,0.04,44,56
200,99,109.0,10,0.05,91,109
2000,99,958.0,71,0.36,1042,958
10000,99,4944.0,270,1.35,5056,4944
20000,99,9878.0,542,2.71,10122,9878
40000,99,19791.0,1052,5.26,20209,19791
60000,99,29919.0,1589,7.95,30081,29919
80000,99,39747.0,2095,10.48,40253,39747
100000,99,49690.0,3734,18.67,50310,49690
2,100,0.0,2,0.01,2,0
3,100,0.0,3,0.02,3,0
100,100,53.0,14,0.07,47,53
200,100,98.0,17,0.09,102,98
2000,100,993.0,58,0.29,1007,993
10000,100,5018.0,263,1.32,4982,5018
20000,100,10013.0,495,2.48,9987,10013
40000,100,19932.0,976,4.88,20068,19932
60000,100,29893.0,1452,7.26,30107,29893
80000,100,39950.0,1929,9.65,40050,39950
100000,100,49951.0,2388,11.94,50049,49951
