Timestep,Iteration,Total Reward,Suboptimal Arms,Total Regret,Zeros Count,Ones Count
2,1,2.0,1,0.1,0,2
3,1,3.0,1,0.1,0,3
100,1,84.0,33,3.3,16,84
200,1,173.0,79,7.9,27,173
2000,1,1754.0,438,43.8,246,1754
10000,1,8966.0,767,76.7,1034,8966
20000,1,17894.0,1176,117.6,2106,17894
40000,1,35816.0,1482,148.2,4184,35816
60000,1,53744.0,1752,175.2,6256,53744
80000,1,71760.0,1871,187.1,8240,71760
100000,1,89771.0,2100,210.0,10229,89771
2,2,1.0,1,0.1,1,1
3,2,2.0,1,0.1,1,2
100,2,87.0,18,1.8,13,87
200,2,173.0,47,4.7,27,173
2000,2,1754.0,453,45.3,246,1754
10000,2,8921.0,797,79.7,1079,8921
20000,2,17863.0,1042,104.2,2137,17863
40000,2,35822.0,1193,119.3,4178,35822
60000,2,53762.0,1265,126.5,6238,53762
80000,2,71805.0,1271,127.1,8195,71805
100000,2,89799.0,1347,134.7,10201,89799
2,3,2.0,1,0.1,0,2
3,3,3.0,1,0.1,0,3
100,3,90.0,29,2.9,10,90
200,3,171.0,69,6.9,29,171
2000,3,1775.0,316,31.6,225,1775
10000,3,8937.0,675,67.5,1063,8937
20000,3,17953.0,1030,103.0,2047,17953
40000,3,35949.0,1426,142.6,4051,35949
60000,3,53947.0,1490,149.0,6053,53947
80000,3,71944.0,1558,155.8,8056,71944
100000,3,89902.0,1601,160.1,10098,89902
2,4,2.0,1,0.1,0,2
3,4,3.0,1,0.1,0,3
100,4,84.0,36,3.6,16,84
200,4,168.0,63,6.3,32,168
2000,4,1753.0,227,22.7,247,1753
10000,4,8904.0,678,67.8,1096,8904
20000,4,17876.0,880,88.0,2124,17876
40000,4,35784.0,1241,124.1,4216,35784
60000,4,53737.0,1349,134.9,6263,53737
80000,4,71660.0,1387,138.7,8340,71660
100000,4,89670.0,1407,140.7,10330,89670
2,5,2.0,1,0.1,0,2
3,5,3.0,1,0.1,0,3
100,5,86.0,53,5.3,14,86
200,5,171.0,79,7.9,29,171
2000,5,1748.0,586,58.6,252,1748
10000,5,8856.0,1166,116.6,1144,8856
20000,5,17768.0,1383,138.3,2232,17768
40000,5,35782.0,1485,148.5,4218,35782
60000,5,53737.0,1666,166.6,6263,53737
80000,5,71798.0,1711,171.1,8202,71798
100000,5,89750.0,1740,174.0,10250,89750
2,6,2.0,1,0.1,0,2
3,6,3.0,1,0.1,0,3
100,6,89.0,50,5.0,11,89
200,6,172.0,80,8.0,28,172
2000,6,1772.0,420,42.0,228,1772
10000,6,8968.0,913,91.3,1032,8968
20000,6,17954.0,1195,119.5,2046,17954
40000,6,35897.0,1420,142.0,4103,35897
60000,6,53896.0,1737,173.7,6104,53896
80000,6,71882.0,1856,185.6,8118,71882
100000,6,89961.0,1889,188.9,10039,89961
2,7,2.0,1,0.1,0,2
3,7,3.0,1,0.1,0,3
100,7,84.0,39,3.9,16,84
200,7,172.0,67,6.7,28,172
2000,7,1728.0,415,41.5,272,1728
10000,7,8871.0,804,80.4,1129,8871
20000,7,17887.0,926,92.6,2113,17887
40000,7,35913.0,1163,116.3,4087,35913
60000,7,53929.0,1217,121.7,6071,53929
80000,7,71917.0,1352,135.2,8083,71917
100000,7,89893.0,1512,151.2,10107,89893
2,8,1.0,1,0.1,1,1
3,8,2.0,1,0.1,1,2
100,8,92.0,47,4.7,8,92
200,8,180.0,83,8.3,20,180
2000,8,1777.0,474,47.4,223,1777
10000,8,8890.0,1028,102.8,1110,8890
20000,8,17823.0,1407,140.7,2177,17823
40000,8,35715.0,1750,175.0,4285,35715
60000,8,53713.0,1816,181.6,6287,53713
80000,8,71649.0,1967,196.7,8351,71649
100000,8,89547.0,1996,199.6,10453,89547
2,9,2.0,1,0.1,0,2
3,9,3.0,1,0.1,0,3
100,9,91.0,37,3.7,9,91
200,9,170.0,69,6.9,30,170
2000,9,1742.0,496,49.6,258,1742
10000,9,8916.0,948,94.8,1084,8916
20000,9,17839.0,1342,134.2,2161,17839
40000,9,35759.0,1596,159.6,4241,35759
60000,9,53760.0,1693,169.3,6240,53760
80000,9,71724.0,1807,180.7,8276,71724
100000,9,89753.0,1859,185.9,10247,89753
2,10,2.0,1,0.1,0,2
3,10,3.0,1,0.1,0,3
100,10,86.0,40,4.0,14,86
200,10,175.0,53,5.3,25,175
2000,10,1766.0,458,45.8,234,1766
10000,10,8909.0,1009,100.9,1091,8909
20000,10,17896.0,1159,115.9,2104,17896
40000,10,35899.0,1383,138.3,4101,35899
60000,10,53953.0,1514,151.4,6047,53953
80000,10,71990.0,1549,154.9,8010,71990
100000,10,90004.0,1651,165.1,9996,90004
2,11,0.0,1,0.1,2,0
3,11,1.0,1,0.1,2,1
100,11,84.0,33,3.3,16,84
200,11,167.0,59,5.9,33,167
2000,11,1752.0,374,37.4,248,1752
10000,11,8929.0,771,77.1,1071,8929
20000,11,17940.0,983,98.3,2060,17940
40000,11,35917.0,1206,120.6,4083,35917
60000,11,53876.0,1395,139.5,6124,53876
80000,11,71923.0,1406,140.6,8077,71923
100000,11,89899.0,1509,150.9,10101,89899
2,12,2.0,1,0.1,0,2
3,12,3.0,1,0.1,0,3
100,12,91.0,39,3.9,9,91
200,12,178.0,62,6.2,22,178
2000,12,1769.0,336,33.6,231,1769
10000,12,8952.0,762,76.2,1048,8952
20000,12,17945.0,997,99.7,2055,17945
40000,12,35921.0,1299,129.9,4079,35921
60000,12,53832.0,1412,141.2,6168,53832
80000,12,71849.0,1545,154.5,8151,71849
100000,12,89839.0,1555,155.5,10161,89839
2,13,1.0,1,0.1,1,1
3,13,2.0,1,0.1,1,2
100,13,86.0,42,4.2,14,86
200,13,169.0,64,6.4,31,169
2000,13,1771.0,349,34.9,229,1771
10000,13,8973.0,542,54.2,1027,8973
20000,13,17905.0,840,84.0,2095,17905
40000,13,35933.0,1028,102.8,4067,35933
60000,13,53946.0,1117,111.7,6054,53946
80000,13,72011.0,1161,116.1,7989,72011
100000,13,90039.0,1234,123.4,9961,90039
2,14,2.0,1,0.1,0,2
3,14,3.0,1,0.1,0,3
100,14,92.0,40,4.0,8,92
200,14,176.0,78,7.8,24,176
2000,14,1753.0,524,52.4,247,1753
10000,14,8884.0,987,98.7,1116,8884
20000,14,17877.0,1185,118.5,2123,17877
40000,14,35807.0,1353,135.3,4193,35807
60000,14,53744.0,1490,149.0,6256,53744
80000,14,71697.0,1624,162.4,8303,71697
100000,14,89693.0,1685,168.5,10307,89693
2,15,2.0,1,0.1,0,2
3,15,2.0,1,0.1,1,2
100,15,86.0,35,3.5,14,86
200,15,174.0,77,7.7,26,174
2000,15,1746.0,428,42.8,254,1746
10000,15,8888.0,983,98.3,1112,8888
20000,15,17865.0,1196,119.6,2135,17865
40000,15,35861.0,1413,141.3,4139,35861
60000,15,53881.0,1457,145.7,6119,53881
80000,15,71780.0,1500,150.0,8220,71780
100000,15,89748.0,1565,156.5,10252,89748
2,16,1.0,1,0.1,1,1
3,16,2.0,2,0.2,1,2
100,16,84.0,52,5.2,16,84
200,16,169.0,87,8.7,31,169
2000,16,1758.0,330,33.0,242,1758
10000,16,8877.0,863,86.3,1123,8877
20000,16,17806.0,1214,121.4,2194,17806
40000,16,35762.0,1411,141.1,4238,35762
60000,16,53729.0,1557,155.7,6271,53729
80000,16,71720.0,1709,170.9,8280,71720
100000,16,89693.0,1744,174.4,10307,89693
2,17,1.0,1,0.1,1,1
3,17,2.0,2,0.2,1,2
100,17,93.0,53,5.3,7,93
200,17,179.0,91,9.1,21,179
2000,17,1772.0,402,40.2,228,1772
10000,17,8910.0,876,87.6,1090,8910
20000,17,17846.0,1311,131.1,2154,17846
40000,17,35804.0,1525,152.5,4196,35804
60000,17,53742.0,1626,162.6,6258,53742
80000,17,71738.0,1892,189.2,8262,71738
100000,17,89689.0,1951,195.1,10311,89689
2,18,2.0,1,0.1,0,2
3,18,3.0,1,0.1,0,3
100,18,89.0,37,3.7,11,89
200,18,174.0,70,7.0,26,174
2000,18,1769.0,343,34.3,231,1769
10000,18,8927.0,945,94.5,1073,8927
20000,18,17829.0,1331,133.1,2171,17829
40000,18,35748.0,1726,172.6,4252,35748
60000,18,53704.0,2158,215.8,6296,53704
80000,18,71657.0,2288,228.8,8343,71657
100000,18,89627.0,2387,238.7,10373,89627
2,19,2.0,1,0.1,0,2
3,19,3.0,1,0.1,0,3
100,19,87.0,44,4.4,13,87
200,19,174.0,82,8.2,26,174
2000,19,1773.0,367,36.7,227,1773
10000,19,8921.0,886,88.6,1079,8921
20000,19,17912.0,979,97.9,2088,17912
40000,19,35962.0,1143,114.3,4038,35962
60000,19,53900.0,1268,126.8,6100,53900
80000,19,71841.0,1410,141.0,8159,71841
100000,19,89895.0,1437,143.7,10105,89895
2,20,2.0,1,0.1,0,2
3,20,3.0,1,0.1,0,3
100,20,92.0,36,3.6,8,92
200,20,182.0,70,7.0,18,182
2000,20,1780.0,452,45.2,220,1780
10000,20,8930.0,1062,106.2,1070,8930
20000,20,17837.0,1478,147.8,2163,17837
40000,20,35771.0,1751,175.1,4229,35771
60000,20,53842.0,1903,190.3,6158,53842
80000,20,71863.0,2002,200.2,8137,71863
100000,20,89913.0,2092,209.2,10087,89913
2,21,1.0,1,0.1,1,1
3,21,2.0,1,0.1,1,2
100,21,77.0,31,3.1,23,77
200,21,164.0,78,7.8,36,164
2000,21,1745.0,355,35.5,255,1745
10000,21,8920.0,890,89.0,1080,8920
20000,21,17896.0,1172,117.2,2104,17896
40000,21,35925.0,1287,128.7,4075,35925
60000,21,53825.0,1383,138.3,6175,53825
80000,21,71780.0,1411,141.1,8220,71780
100000,21,89789.0,1493,149.3,10211,89789
2,22,2.0,1,0.1,0,2
3,22,3.0,1,0.1,0,3
100,22,86.0,35,3.5,14,86
200,22,171.0,84,8.4,29,171
2000,22,1734.0,380,38.0,266,1734
10000,22,8910.0,686,68.6,1090,8910
20000,22,17888.0,800,80.0,2112,17888
40000,22,35877.0,1092,109.2,4123,35877
60000,22,53803.0,1394,139.4,6197,53803
80000,22,71786.0,1551,155.1,8214,71786
100000,22,89702.0,1620,162.0,10298,89702
2,23,2.0,1,0.1,0,2
3,23,3.0,1,0.1,0,3
100,23,84.0,45,4.5,16,84
200,23,172.0,89,8.9,28,172
2000,23,1760.0,415,41.5,240,1760
10000,23,8866.0,973,97.3,1134,8866
20000,23,17808.0,1314,131.4,2192,17808
40000,23,35826.0,1526,152.6,4174,35826
60000,23,53842.0,1643,164.3,6158,53842
80000,23,71848.0,1700,170.0,8152,71848
100000,23,89817.0,1798,179.8,10183,89817
2,24,2.0,1,0.1,0,2
3,24,3.0,1,0.1,0,3
100,24,88.0,42,4.2,12,88
200,24,175.0,68,6.8,25,175
2000,24,1756.0,481,48.1,244,1756
10000,24,8840.0,1327,132.7,1160,8840
20000,24,17859.0,1525,152.5,2141,17859
40000,24,35896.0,1765,176.5,4104,35896
60000,24,53949.0,1862,186.2,6051,53949
80000,24,71961.0,1959,195.9,8039,71961
100000,24,89927.0,2132,213.2,10073,89927
2,25,2.0,1,0.1,0,2
3,25,3.0,1,0.1,0,3
100,25,88.0,34,3.4,12,88
200,25,174.0,70,7.0,26,174
2000,25,1758.0,299,29.9,242,1758
10000,25,8981.0,620,62.0,1019,8981
20000,25,17923.0,975,97.5,2077,17923
40000,25,35847.0,1523,152.3,4153,35847
60000,25,53771.0,1862,186.2,6229,53771
80000,25,71777.0,1994,199.4,8223,71777
100000,25,89782.0,2015,201.5,10218,89782
2,26,2.0,1,0.1,0,2
3,26,3.0,1,0.1,0,3
100,26,83.0,50,5.0,17,83
200,26,171.0,81,8.1,29,171
2000,26,1755.0,404,40.4,245,1755
10000,26,8911.0,923,92.3,1089,8911
20000,26,17857.0,1369,136.9,2143,17857
40000,26,35766.0,1560,156.0,4234,35766
60000,26,53774.0,1607,160.7,6226,53774
80000,26,71764.0,1773,177.3,8236,71764
100000,26,89691.0,1877,187.7,10309,89691
2,27,1.0,1,0.1,1,1
3,27,2.0,1,0.1,1,2
100,27,88.0,42,4.2,12,88
200,27,176.0,69,6.9,24,176
2000,27,1770.0,385,38.5,230,1770
10000,27,8934.0,734,73.4,1066,8934
20000,27,17891.0,1239,123.9,2109,17891
40000,27,35878.0,1422,142.2,4122,35878
60000,27,53858.0,1501,150.1,6142,53858
80000,27,71910.0,1607,160.7,8090,71910
100000,27,89956.0,1634,163.4,10044,89956
2,28,2.0,1,0.1,0,2
3,28,3.0,1,0.1,0,3
100,28,87.0,38,3.8,13,87
200,28,172.0,65,6.5,28,172
2000,28,1772.0,332,33.2,228,1772
10000,28,8930.0,653,65.3,1070,8930
20000,28,17916.0,789,78.9,2084,17916
40000,28,35882.0,1014,101.4,4118,35882
60000,28,53918.0,1202,120.2,6082,53918
80000,28,71919.0,1243,124.3,8081,71919
100000,28,89835.0,1356,135.6,10165,89835
2,29,2.0,1,0.1,0,2
3,29,3.0,1,0.1,0,3
100,29,91.0,37,3.7,9,91
200,29,178.0,80,8.0,22,178
2000,29,1772.0,435,43.5,228,1772
10000,29,8961.0,755,75.5,1039,8961
20000,29,17841.0,1099,109.9,2159,17841
40000,29,35806.0,1409,140.9,4194,35806
60000,29,53784.0,1555,155.5,6216,53784
80000,29,71775.0,1630,163.0,8225,71775
100000,29,89846.0,1670,167.0,10154,89846
2,30,2.0,1,0.1,0,2
3,30,3.0,1,0.1,0,3
100,30,90.0,41,4.1,10,90
200,30,171.0,80,8.0,29,171
2000,30,1781.0,373,37.3,219,1781
10000,30,8962.0,1158,115.8,1038,8962
20000,30,17973.0,1419,141.9,2027,17973
40000,30,35903.0,1693,169.3,4097,35903
60000,30,53894.0,1820,182.0,6106,53894
80000,30,71984.0,1919,191.9,8016,71984
100000,30,89880.0,2289,228.9,10120,89880
2,31,2.0,1,0.1,0,2
3,31,3.0,1,0.1,0,3
100,31,84.0,32,3.2,16,84
200,31,173.0,53,5.3,27,173
2000,31,1747.0,462,46.2,253,1747
10000,31,8918.0,864,86.4,1082,8918
20000,31,17850.0,958,95.8,2150,17850
40000,31,35754.0,1361,136.1,4246,35754
60000,31,53762.0,1645,164.5,6238,53762
80000,31,71748.0,1670,167.0,8252,71748
100000,31,89739.0,1700,170.0,10261,89739
2,32,2.0,1,0.1,0,2
3,32,3.0,1,0.1,0,3
100,32,90.0,30,3.0,10,90
200,32,179.0,51,5.1,21,179
2000,32,1782.0,542,54.2,218,1782
10000,32,8915.0,1209,120.9,1085,8915
20000,32,17897.0,1443,144.3,2103,17897
40000,32,35852.0,1888,188.8,4148,35852
60000,32,53811.0,2133,213.3,6189,53811
80000,32,71750.0,2349,234.9,8250,71750
100000,32,89798.0,2585,258.5,10202,89798
2,33,1.0,1,0.1,1,1
3,33,1.0,2,0.2,2,1
100,33,80.0,29,2.9,20,80
200,33,171.0,55,5.5,29,171
2000,33,1763.0,306,30.6,237,1763
10000,33,8918.0,785,78.5,1082,8918
20000,33,17922.0,860,86.0,2078,17922
40000,33,36010.0,1190,119.0,3990,36010
60000,33,53924.0,1309,130.9,6076,53924
80000,33,71925.0,1338,133.8,8075,71925
100000,33,89896.0,1450,145.0,10104,89896
2,34,2.0,1,0.1,0,2
3,34,3.0,1,0.1,0,3
100,34,88.0,42,4.2,12,88
200,34,178.0,78,7.8,22,178
2000,34,1777.0,438,43.8,223,1777
10000,34,8906.0,1069,106.9,1094,8906
20000,34,17872.0,1288,128.8,2128,17872
40000,34,35766.0,1520,152.0,4234,35766
60000,34,53658.0,1677,167.7,6342,53658
80000,34,71685.0,1698,169.8,8315,71685
100000,34,89633.0,1863,186.3,10367,89633
2,35,2.0,1,0.1,0,2
3,35,3.0,1,0.1,0,3
100,35,85.0,34,3.4,15,85
200,35,172.0,82,8.2,28,172
2000,35,1723.0,418,41.8,277,1723
10000,35,8893.0,921,92.1,1107,8893
20000,35,17865.0,1274,127.4,2135,17865
40000,35,35743.0,1609,160.9,4257,35743
60000,35,53731.0,1731,173.1,6269,53731
80000,35,71709.0,1836,183.6,8291,71709
100000,35,89639.0,1928,192.8,10361,89639
2,36,2.0,1,0.1,0,2
3,36,3.0,1,0.1,0,3
100,36,85.0,58,5.8,15,85
200,36,168.0,100,10.0,32,168
2000,36,1765.0,503,50.3,235,1765
10000,36,8915.0,1130,113.0,1085,8915
20000,36,17860.0,1466,146.6,2140,17860
40000,36,35762.0,1865,186.5,4238,35762
60000,36,53755.0,2092,209.2,6245,53755
80000,36,71667.0,2307,230.7,8333,71667
100000,36,89694.0,2340,234.0,10306,89694
2,37,1.0,1,0.1,1,1
3,37,2.0,1,0.1,1,2
100,37,89.0,34,3.4,11,89
200,37,178.0,63,6.3,22,178
2000,37,1766.0,419,41.9,234,1766
10000,37,8895.0,1072,107.2,1105,8895
20000,37,17862.0,1340,134.0,2138,17862
40000,37,35798.0,1774,177.4,4202,35798
60000,37,53750.0,1899,189.9,6250,53750
80000,37,71814.0,1975,197.5,8186,71814
100000,37,89837.0,2029,202.9,10163,89837
2,38,1.0,1,0.1,1,1
3,38,2.0,2,0.2,1,2
100,38,85.0,26,2.6,15,85
200,38,169.0,63,6.3,31,169
2000,38,1745.0,309,30.9,255,1745
10000,38,8894.0,696,69.6,1106,8894
20000,38,17874.0,971,97.1,2126,17874
40000,38,35811.0,1375,137.5,4189,35811
60000,38,53798.0,1517,151.7,6202,53798
80000,38,71798.0,1623,162.3,8202,71798
100000,38,89835.0,1685,168.5,10165,89835
2,39,0.0,1,0.1,2,0
3,39,1.0,1,0.1,2,1
100,39,82.0,12,1.2,18,82
200,39,168.0,31,3.1,32,168
2000,39,1739.0,269,26.9,261,1739
10000,39,8915.0,794,79.4,1085,8915
20000,39,17842.0,1252,125.2,2158,17842
40000,39,35824.0,1577,157.7,4176,35824
60000,39,53877.0,1638,163.8,6123,53877
80000,39,71848.0,1714,171.4,8152,71848
100000,39,89808.0,1815,181.5,10192,89808
2,40,1.0,1,0.1,1,1
3,40,2.0,2,0.2,1,2
100,40,90.0,42,4.2,10,90
200,40,179.0,71,7.1,21,179
2000,40,1788.0,314,31.4,212,1788
10000,40,8957.0,892,89.2,1043,8957
20000,40,17972.0,1150,115.0,2028,17972
40000,40,35900.0,1510,151.0,4100,35900
60000,40,53818.0,1580,158.0,6182,53818
80000,40,71806.0,1829,182.9,8194,71806
100000,40,89785.0,1951,195.1,10215,89785
2,41,2.0,1,0.1,0,2
3,41,3.0,1,0.1,0,3
100,41,86.0,43,4.3,14,86
200,41,175.0,76,7.6,25,175
2000,41,1761.0,426,42.6,239,1761
10000,41,8905.0,885,88.5,1095,8905
20000,41,17875.0,1246,124.6,2125,17875
40000,41,35886.0,1556,155.6,4114,35886
60000,41,53904.0,1752,175.2,6096,53904
80000,41,71888.0,1882,188.2,8112,71888
100000,41,89875.0,2056,205.6,10125,89875
2,42,2.0,1,0.1,0,2
3,42,3.0,1,0.1,0,3
100,42,84.0,24,2.4,16,84
200,42,173.0,56,5.6,27,173
2000,42,1774.0,393,39.3,226,1774
10000,42,8897.0,661,66.1,1103,8897
20000,42,17875.0,979,97.9,2125,17875
40000,42,35821.0,1292,129.2,4179,35821
60000,42,53914.0,1349,134.9,6086,53914
80000,42,71844.0,1601,160.1,8156,71844
100000,42,89795.0,1694,169.4,10205,89795
2,43,1.0,1,0.1,1,1
3,43,2.0,1,0.1,1,2
100,43,90.0,37,3.7,10,90
200,43,182.0,70,7.0,18,182
2000,43,1752.0,448,44.8,248,1752
10000,43,8893.0,1039,103.9,1107,8893
20000,43,17909.0,1243,124.3,2091,17909
40000,43,35894.0,1415,141.5,4106,35894
60000,43,53911.0,1599,159.9,6089,53911
80000,43,71893.0,1708,170.8,8107,71893
100000,43,89849.0,1780,178.0,10151,89849
2,44,2.0,1,0.1,0,2
3,44,3.0,1,0.1,0,3
100,44,87.0,37,3.7,13,87
200,44,172.0,66,6.6,28,172
2000,44,1746.0,431,43.1,254,1746
10000,44,8906.0,839,83.9,1094,8906
20000,44,17861.0,1076,107.6,2139,17861
40000,44,35822.0,1440,144.0,4178,35822
60000,44,53784.0,1682,168.2,6216,53784
80000,44,71749.0,1953,195.3,8251,71749
100000,44,89718.0,1990,199.0,10282,89718
2,45,2.0,1,0.1,0,2
3,45,3.0,1,0.1,0,3
100,45,84.0,29,2.9,16,84
200,45,170.0,42,4.2,30,170
2000,45,1763.0,329,32.9,237,1763
10000,45,8938.0,936,93.6,1062,8938
20000,45,17897.0,1148,114.8,2103,17897
40000,45,35860.0,1602,160.2,4140,35860
60000,45,53783.0,1821,182.1,6217,53783
80000,45,71853.0,1844,184.4,8147,71853
100000,45,89857.0,1901,190.1,10143,89857
2,46,2.0,1,0.1,0,2
3,46,3.0,1,0.1,0,3
100,46,84.0,31,3.1,16,84
200,46,174.0,57,5.7,26,174
2000,46,1739.0,287,28.7,261,1739
10000,46,8878.0,687,68.7,1122,8878
20000,46,17851.0,966,96.6,2149,17851
40000,46,35759.0,1186,118.6,4241,35759
60000,46,53694.0,1296,129.6,6306,53694
80000,46,71689.0,1325,132.5,8311,71689
100000,46,89665.0,1355,135.5,10335,89665
2,47,2.0,1,0.1,0,2
3,47,3.0,1,0.1,0,3
100,47,87.0,45,4.5,13,87
200,47,174.0,67,6.7,26,174
2000,47,1761.0,456,45.6,239,1761
10000,47,8884.0,1031,103.1,1116,8884
20000,47,17897.0,1352,135.2,2103,17897
40000,47,35877.0,1671,167.1,4123,35877
60000,47,53830.0,1792,179.2,6170,53830
80000,47,71764.0,2043,204.3,8236,71764
100000,47,89780.0,2169,216.9,10220,89780
2,48,1.0,1,0.1,1,1
3,48,2.0,1,0.1,1,2
100,48,80.0,36,3.6,20,80
200,48,169.0,65,6.5,31,169
2000,48,1758.0,668,66.8,242,1758
10000,48,8862.0,1373,137.3,1138,8862
20000,48,17813.0,1655,165.5,2187,17813
40000,48,35819.0,1882,188.2,4181,35819
60000,48,53748.0,2176,217.6,6252,53748
80000,48,71786.0,2237,223.7,8214,71786
100000,48,89803.0,2268,226.8,10197,89803
2,49,1.0,1,0.1,1,1
3,49,2.0,2,0.2,1,2
100,49,83.0,34,3.4,17,83
200,49,166.0,69,6.9,34,166
2000,49,1793.0,346,34.6,207,1793
10000,49,8969.0,964,96.4,1031,8969
20000,49,17921.0,1337,133.7,2079,17921
40000,49,35904.0,1670,167.0,4096,35904
60000,49,53894.0,1807,180.7,6106,53894
80000,49,71875.0,1905,190.5,8125,71875
100000,49,89866.0,1977,197.7,10134,89866
2,50,2.0,1,0.1,0,2
3,50,3.0,1,0.1,0,3
100,50,77.0,39,3.9,23,77
200,50,161.0,74,7.4,39,161
2000,50,1757.0,452,45.2,243,1757
10000,50,8881.0,930,93.0,1119,8881
20000,50,17866.0,1264,126.4,2134,17866
40000,50,35745.0,1478,147.8,4255,35745
60000,50,53787.0,1575,157.5,6213,53787
80000,50,71850.0,1588,158.8,8150,71850
100000,50,89848.0,1691,169.1,10152,89848
2,51,1.0,1,0.1,1,1
3,51,2.0,1,0.1,1,2
100,51,78.0,32,3.2,22,78
200,51,164.0,44,4.4,36,164
2000,51,1744.0,437,43.7,256,1744
10000,51,8935.0,956,95.6,1065,8935
20000,51,17901.0,1303,130.3,2099,17901
40000,51,35904.0,1414,141.4,4096,35904
60000,51,53887.0,1523,152.3,6113,53887
80000,51,71853.0,1569,156.9,8147,71853
100000,51,89892.0,1575,157.5,10108,89892
2,52,1.0,1,0.1,1,1
3,52,2.0,1,0.1,1,2
100,52,85.0,41,4.1,15,85
200,52,167.0,66,6.6,33,167
2000,52,1769.0,309,30.9,231,1769
10000,52,8917.0,739,73.9,1083,8917
20000,52,17875.0,877,87.7,2125,17875
40000,52,35851.0,950,95.0,4149,35851
60000,52,53892.0,994,99.4,6108,53892
80000,52,71928.0,1103,110.3,8072,71928
100000,52,89940.0,1276,127.6,10060,89940
2,53,2.0,1,0.1,0,2
3,53,3.0,1,0.1,0,3
100,53,83.0,37,3.7,17,83
200,53,172.0,60,6.0,28,172
2000,53,1746.0,189,18.9,254,1746
10000,53,8854.0,513,51.3,1146,8854
20000,53,17849.0,899,89.9,2151,17849
40000,53,35850.0,1162,116.2,4150,35850
60000,53,53883.0,1344,134.4,6117,53883
80000,53,71879.0,1427,142.7,8121,71879
100000,53,89829.0,1503,150.3,10171,89829
2,54,2.0,1,0.1,0,2
3,54,3.0,1,0.1,0,3
100,54,92.0,36,3.6,8,92
200,54,179.0,55,5.5,21,179
2000,54,1758.0,441,44.1,242,1758
10000,54,8941.0,885,88.5,1059,8941
20000,54,17950.0,1002,100.2,2050,17950
40000,54,35882.0,1341,134.1,4118,35882
60000,54,53847.0,1521,152.1,6153,53847
80000,54,71814.0,1574,157.4,8186,71814
100000,54,89892.0,1597,159.7,10108,89892
2,55,1.0,1,0.1,1,1
3,55,2.0,1,0.1,1,2
100,55,86.0,46,4.6,14,86
200,55,166.0,94,9.4,34,166
2000,55,1747.0,315,31.5,253,1747
10000,55,8921.0,831,83.1,1079,8921
20000,55,17961.0,974,97.4,2039,17961
40000,55,35927.0,1199,119.9,4073,35927
60000,55,53979.0,1255,125.5,6021,53979
80000,55,72041.0,1429,142.9,7959,72041
100000,55,90054.0,1579,157.9,9946,90054
2,56,2.0,1,0.1,0,2
3,56,2.0,1,0.1,1,2
100,56,83.0,43,4.3,17,83
200,56,172.0,75,7.5,28,172
2000,56,1750.0,334,33.4,250,1750
10000,56,8949.0,863,86.3,1051,8949
20000,56,17907.0,1070,107.0,2093,17907
40000,56,35866.0,1474,147.4,4134,35866
60000,56,53858.0,1539,153.9,6142,53858
80000,56,71823.0,1812,181.2,8177,71823
100000,56,89791.0,1942,194.2,10209,89791
2,57,2.0,1,0.1,0,2
3,57,2.0,1,0.1,1,2
100,57,89.0,47,4.7,11,89
200,57,179.0,71,7.1,21,179
2000,57,1735.0,549,54.9,265,1735
10000,57,8871.0,1207,120.7,1129,8871
20000,57,17819.0,1510,151.0,2181,17819
40000,57,35785.0,1623,162.3,4215,35785
60000,57,53796.0,1866,186.6,6204,53796
80000,57,71792.0,1958,195.8,8208,71792
100000,57,89814.0,1999,199.9,10186,89814
2,58,2.0,1,0.1,0,2
3,58,3.0,1,0.1,0,3
100,58,89.0,41,4.1,11,89
200,58,169.0,70,7.0,31,169
2000,58,1762.0,419,41.9,238,1762
10000,58,8892.0,1199,119.9,1108,8892
20000,58,17828.0,1515,151.5,2172,17828
40000,58,35777.0,1774,177.4,4223,35777
60000,58,53777.0,1874,187.4,6223,53777
80000,58,71796.0,1991,199.1,8204,71796
100000,58,89765.0,2104,210.4,10235,89765
2,59,1.0,1,0.1,1,1
3,59,2.0,1,0.1,1,2
100,59,84.0,57,5.7,16,84
200,59,165.0,89,8.9,35,165
2000,59,1766.0,406,40.6,234,1766
10000,59,8900.0,899,89.9,1100,8900
20000,59,17846.0,1168,116.8,2154,17846
40000,59,35813.0,1412,141.2,4187,35813
60000,59,53819.0,1467,146.7,6181,53819
80000,59,71866.0,1558,155.8,8134,71866
100000,59,89916.0,1574,157.4,10084,89916
2,60,2.0,1,0.1,0,2
3,60,3.0,1,0.1,0,3
100,60,87.0,39,3.9,13,87
200,60,180.0,69,6.9,20,180
2000,60,1771.0,280,28.0,229,1771
10000,60,8908.0,869,86.9,1092,8908
20000,60,17847.0,1394,139.4,2153,17847
40000,60,35786.0,1814,181.4,4214,35786
60000,60,53767.0,1901,190.1,6233,53767
80000,60,71716.0,2101,210.1,8284,71716
100000,60,89763.0,2127,212.7,10237,89763
2,61,2.0,1,0.1,0,2
3,61,3.0,1,0.1,0,3
100,61,89.0,34,3.4,11,89
200,61,177.0,59,5.9,23,177
2000,61,1751.0,470,47.0,249,1751
10000,61,8854.0,931,93.1,1146,8854
20000,61,17862.0,1230,123.0,2138,17862
40000,61,35846.0,1370,137.0,4154,35846
60000,61,53837.0,1451,145.1,6163,53837
80000,61,71897.0,1580,158.0,8103,71897
100000,61,89820.0,1724,172.4,10180,89820
2,62,1.0,1,0.1,1,1
3,62,2.0,1,0.1,1,2
100,62,84.0,32,3.2,16,84
200,62,168.0,72,7.2,32,168
2000,62,1778.0,302,30.2,222,1778
10000,62,8919.0,967,96.7,1081,8919
20000,62,17918.0,1236,123.6,2082,17918
40000,62,35920.0,1543,154.3,4080,35920
60000,62,53903.0,1596,159.6,6097,53903
80000,62,71887.0,1698,169.8,8113,71887
100000,62,89887.0,1738,173.8,10113,89887
2,63,1.0,1,0.1,1,1
3,63,2.0,1,0.1,1,2
100,63,89.0,39,3.9,11,89
200,63,178.0,68,6.8,22,178
2000,63,1756.0,397,39.7,244,1756
10000,63,8893.0,794,79.4,1107,8893
20000,63,17823.0,1116,111.6,2177,17823
40000,63,35791.0,1412,141.2,4209,35791
60000,63,53736.0,1708,170.8,6264,53736
80000,63,71677.0,1780,178.0,8323,71677
100000,63,89660.0,1795,179.5,10340,89660
2,64,2.0,1,0.1,0,2
3,64,3.0,1,0.1,0,3
100,64,86.0,37,3.7,14,86
200,64,171.0,62,6.2,29,171
2000,64,1766.0,272,27.2,234,1766
10000,64,8943.0,660,66.0,1057,8943
20000,64,17908.0,861,86.1,2092,17908
40000,64,35937.0,1001,100.1,4063,35937
60000,64,54003.0,1094,109.4,5997,54003
80000,64,71977.0,1123,112.3,8023,71977
100000,64,90002.0,1264,126.4,9998,90002
2,65,2.0,1,0.1,0,2
3,65,3.0,1,0.1,0,3
100,65,87.0,44,4.4,13,87
200,65,173.0,77,7.7,27,173
2000,65,1763.0,526,52.6,237,1763
10000,65,8920.0,914,91.4,1080,8920
20000,65,17929.0,1209,120.9,2071,17929
40000,65,35930.0,1649,164.9,4070,35930
60000,65,53953.0,1777,177.7,6047,53953
80000,65,71942.0,1892,189.2,8058,71942
100000,65,89942.0,2044,204.4,10058,89942
2,66,2.0,1,0.1,0,2
3,66,3.0,1,0.1,0,3
100,66,89.0,32,3.2,11,89
200,66,179.0,54,5.4,21,179
2000,66,1793.0,429,42.9,207,1793
10000,66,8951.0,923,92.3,1049,8951
20000,66,17968.0,1067,106.7,2032,17968
40000,66,35969.0,1266,126.6,4031,35969
60000,66,53903.0,1475,147.5,6097,53903
80000,66,71854.0,1556,155.6,8146,71854
100000,66,89818.0,1613,161.3,10182,89818
2,67,2.0,1,0.1,0,2
3,67,3.0,1,0.1,0,3
100,67,88.0,50,5.0,12,88
200,67,167.0,93,9.3,33,167
2000,67,1754.0,406,40.6,246,1754
10000,67,8894.0,1066,106.6,1106,8894
20000,67,17827.0,1316,131.6,2173,17827
40000,67,35855.0,1578,157.8,4145,35855
60000,67,53789.0,1684,168.4,6211,53789
80000,67,71738.0,1768,176.8,8262,71738
100000,67,89743.0,1796,179.6,10257,89743
2,68,1.0,1,0.1,1,1
3,68,2.0,1,0.1,1,2
100,68,86.0,36,3.6,14,86
200,68,172.0,77,7.7,28,172
2000,68,1770.0,560,56.0,230,1770
10000,68,8946.0,1152,115.2,1054,8946
20000,68,17927.0,1444,144.4,2073,17927
40000,68,35962.0,1776,177.6,4038,35962
60000,68,53883.0,1996,199.6,6117,53883
80000,68,71785.0,2106,210.6,8215,71785
100000,68,89695.0,2206,220.6,10305,89695
2,69,2.0,1,0.1,0,2
3,69,3.0,1,0.1,0,3
100,69,81.0,30,3.0,19,81
200,69,170.0,48,4.8,30,170
2000,69,1757.0,297,29.7,243,1757
10000,69,8880.0,795,79.5,1120,8880
20000,69,17830.0,1003,100.3,2170,17830
40000,69,35750.0,1263,126.3,4250,35750
60000,69,53790.0,1321,132.1,6210,53790
80000,69,71755.0,1413,141.3,8245,71755
100000,69,89736.0,1422,142.2,10264,89736
2,70,2.0,1,0.1,0,2
3,70,3.0,1,0.1,0,3
100,70,81.0,51,5.1,19,81
200,70,171.0,71,7.1,29,171
2000,70,1784.0,486,48.6,216,1784
10000,70,8967.0,1072,107.2,1033,8967
20000,70,17908.0,1373,137.3,2092,17908
40000,70,35839.0,1856,185.6,4161,35839
60000,70,53750.0,1987,198.7,6250,53750
80000,70,71762.0,2171,217.1,8238,71762
100000,70,89818.0,2213,221.3,10182,89818
2,71,2.0,1,0.1,0,2
3,71,3.0,1,0.1,0,3
100,71,82.0,36,3.6,18,82
200,71,165.0,65,6.5,35,165
2000,71,1739.0,329,32.9,261,1739
10000,71,8884.0,712,71.2,1116,8884
20000,71,17861.0,853,85.3,2139,17861
40000,71,35842.0,1168,116.8,4158,35842
60000,71,53875.0,1652,165.2,6125,53875
80000,71,71899.0,1795,179.5,8101,71899
100000,71,89882.0,1821,182.1,10118,89882
2,72,2.0,1,0.1,0,2
3,72,3.0,1,0.1,0,3
100,72,89.0,45,4.5,11,89
200,72,175.0,66,6.6,25,175
2000,72,1754.0,370,37.0,246,1754
10000,72,8898.0,996,99.6,1102,8898
20000,72,17885.0,1306,130.6,2115,17885
40000,72,35795.0,1561,156.1,4205,35795
60000,72,53832.0,1759,175.9,6168,53832
80000,72,71868.0,2016,201.6,8132,71868
100000,72,89829.0,2080,208.0,10171,89829
2,73,2.0,1,0.1,0,2
3,73,2.0,1,0.1,1,2
100,73,86.0,50,5.0,14,86
200,73,171.0,78,7.8,29,171
2000,73,1769.0,462,46.2,231,1769
10000,73,8939.0,1009,100.9,1061,8939
20000,73,17894.0,1312,131.2,2106,17894
40000,73,35851.0,1646,164.6,4149,35851
60000,73,53747.0,1815,181.5,6253,53747
80000,73,71760.0,1902,190.2,8240,71760
100000,73,89781.0,1948,194.8,10219,89781
2,74,2.0,1,0.1,0,2
3,74,3.0,1,0.1,0,3
100,74,89.0,45,4.5,11,89
200,74,174.0,75,7.5,26,174
2000,74,1763.0,357,35.7,237,1763
10000,74,8972.0,765,76.5,1028,8972
20000,74,17951.0,974,97.4,2049,17951
40000,74,35914.0,1228,122.8,4086,35914
60000,74,53809.0,1508,150.8,6191,53809
80000,74,71768.0,1687,168.7,8232,71768
100000,74,89725.0,1719,171.9,10275,89725
2,75,2.0,1,0.1,0,2
3,75,3.0,1,0.1,0,3
100,75,89.0,30,3.0,11,89
200,75,178.0,46,4.6,22,178
2000,75,1763.0,366,36.6,237,1763
10000,75,8883.0,924,92.4,1117,8883
20000,75,17866.0,1173,117.3,2134,17866
40000,75,35824.0,1472,147.2,4176,35824
60000,75,53860.0,1704,170.4,6140,53860
80000,75,71850.0,1867,186.7,8150,71850
100000,75,89863.0,1996,199.6,10137,89863
2,76,2.0,1,0.1,0,2
3,76,3.0,1,0.1,0,3
100,76,83.0,39,3.9,17,83
200,76,171.0,65,6.5,29,171
2000,76,1742.0,479,47.9,258,1742
10000,76,8886.0,950,95.0,1114,8886
20000,76,17857.0,1246,124.6,2143,17857
40000,76,35813.0,1801,180.1,4187,35813
60000,76,53814.0,1920,192.0,6186,53814
80000,76,71833.0,1964,196.4,8167,71833
100000,76,89824.0,2096,209.6,10176,89824
2,77,1.0,1,0.1,1,1
3,77,2.0,1,0.1,1,2
100,77,90.0,41,4.1,10,90
200,77,176.0,82,8.2,24,176
2000,77,1755.0,456,45.6,245,1755
10000,77,8901.0,829,82.9,1099,8901
20000,77,17886.0,969,96.9,2114,17886
40000,77,35937.0,1245,124.5,4063,35937
60000,77,53893.0,1443,144.3,6107,53893
80000,77,71879.0,1518,151.8,8121,71879
100000,77,89829.0,1609,160.9,10171,89829
2,78,2.0,1,0.1,0,2
3,78,3.0,1,0.1,0,3
100,78,88.0,49,4.9,12,88
200,78,178.0,81,8.1,22,178
2000,78,1782.0,251,25.1,218,1782
10000,78,8895.0,692,69.2,1105,8895
20000,78,17869.0,848,84.8,2131,17869
40000,78,35868.0,1050,105.0,4132,35868
60000,78,53865.0,1237,123.7,6135,53865
80000,78,71850.0,1283,128.3,8150,71850
100000,78,89853.0,1364,136.4,10147,89853
2,79,2.0,1,0.1,0,2
3,79,3.0,1,0.1,0,3
100,79,83.0,42,4.2,17,83
200,79,168.0,69,6.9,32,168
2000,79,1730.0,464,46.4,270,1730
10000,79,8911.0,726,72.6,1089,8911
20000,79,17882.0,1118,111.8,2118,17882
40000,79,35774.0,1344,134.4,4226,35774
60000,79,53805.0,1584,158.4,6195,53805
80000,79,71743.0,1756,175.6,8257,71743
100000,79,89737.0,1821,182.1,10263,89737
2,80,1.0,1,0.1,1,1
3,80,2.0,1,0.1,1,2
100,80,86.0,35,3.5,14,86
200,80,178.0,49,4.9,22,178
2000,80,1737.0,369,36.9,263,1737
10000,80,8917.0,778,77.8,1083,8917
20000,80,17893.0,1301,130.1,2107,17893
40000,80,35897.0,1438,143.8,4103,35897
60000,80,53843.0,1563,156.3,6157,53843
80000,80,71812.0,1658,165.8,8188,71812
100000,80,89779.0,1705,170.5,10221,89779
2,81,2.0,1,0.1,0,2
3,81,3.0,1,0.1,0,3
100,81,88.0,39,3.9,12,88
200,81,175.0,74,7.4,25,175
2000,81,1769.0,382,38.2,231,1769
10000,81,8908.0,861,86.1,1092,8908
20000,81,17869.0,1187,118.7,2131,17869
40000,81,35769.0,1627,162.7,4231,35769
60000,81,53717.0,1773,177.3,6283,53717
80000,81,71696.0,1899,189.9,8304,71696
100000,81,89688.0,1971,197.1,10312,89688
2,82,2.0,1,0.1,0,2
3,82,3.0,1,0.1,0,3
100,82,88.0,50,5.0,12,88
200,82,175.0,86,8.6,25,175
2000,82,1778.0,317,31.7,222,1778
10000,82,8959.0,703,70.3,1041,8959
20000,82,17964.0,962,96.2,2036,17964
40000,82,35917.0,1196,119.6,4083,35917
60000,82,53906.0,1291,129.1,6094,53906
80000,82,71880.0,1436,143.6,8120,71880
100000,82,89941.0,1487,148.7,10059,89941
2,83,2.0,1,0.1,0,2
3,83,2.0,1,0.1,1,2
100,83,83.0,37,3.7,17,83
200,83,172.0,62,6.2,28,172
2000,83,1775.0,288,28.8,225,1775
10000,83,9020.0,527,52.7,980,9020
20000,83,18011.0,691,69.1,1989,18011
40000,83,35962.0,1187,118.7,4038,35962
60000,83,53970.0,1386,138.6,6030,53970
80000,83,71892.0,1424,142.4,8108,71892
100000,83,89933.0,1434,143.4,10067,89933
2,84,2.0,1,0.1,0,2
3,84,3.0,1,0.1,0,3
100,84,79.0,33,3.3,21,79
200,84,168.0,55,5.5,32,168
2000,84,1769.0,260,26.0,231,1769
10000,84,8946.0,893,89.3,1054,8946
20000,84,17907.0,1199,119.9,2093,17907
40000,84,35840.0,1544,154.4,4160,35840
60000,84,53844.0,1741,174.1,6156,53844
80000,84,71783.0,1833,183.3,8217,71783
100000,84,89786.0,1849,184.9,10214,89786
2,85,1.0,1,0.1,1,1
3,85,2.0,1,0.1,1,2
100,85,85.0,35,3.5,15,85
200,85,170.0,72,7.2,30,170
2000,85,1773.0,333,33.3,227,1773
10000,85,8960.0,896,89.6,1040,8960
20000,85,17914.0,1211,121.1,2086,17914
40000,85,35919.0,1475,147.5,4081,35919
60000,85,53962.0,1695,169.5,6038,53962
80000,85,71991.0,1763,176.3,8009,71991
100000,85,90073.0,1816,181.6,9927,90073
2,86,0.0,1,0.1,2,0
3,86,1.0,1,0.1,2,1
100,86,89.0,45,4.5,11,89
200,86,168.0,74,7.4,32,168
2000,86,1757.0,468,46.8,243,1757
10000,86,8881.0,746,74.6,1119,8881
20000,86,17853.0,1000,100.0,2147,17853
40000,86,35764.0,1213,121.3,4236,35764
60000,86,53746.0,1334,133.4,6254,53746
80000,86,71689.0,1379,137.9,8311,71689
100000,86,89654.0,1467,146.7,10346,89654
2,87,2.0,1,0.1,0,2
3,87,3.0,1,0.1,0,3
100,87,88.0,34,3.4,12,88
200,87,171.0,70,7.0,29,171
2000,87,1754.0,367,36.7,246,1754
10000,87,8837.0,914,91.4,1163,8837
20000,87,17812.0,1044,104.4,2188,17812
40000,87,35870.0,1222,122.2,4130,35870
60000,87,53809.0,1362,136.2,6191,53809
80000,87,71819.0,1455,145.5,8181,71819
100000,87,89803.0,1558,155.8,10197,89803
2,88,2.0,1,0.1,0,2
3,88,2.0,1,0.1,1,2
100,88,87.0,45,4.5,13,87
200,88,176.0,74,7.4,24,176
2000,88,1782.0,424,42.4,218,1782
10000,88,8927.0,996,99.6,1073,8927
20000,88,17919.0,1190,119.0,2081,17919
40000,88,35906.0,1393,139.3,4094,35906
60000,88,53868.0,1567,156.7,6132,53868
80000,88,71852.0,1620,162.0,8148,71852
100000,88,89834.0,2000,200.0,10166,89834
2,89,2.0,1,0.1,0,2
3,89,3.0,1,0.1,0,3
100,89,88.0,42,4.2,12,88
200,89,173.0,86,8.6,27,173
2000,89,1764.0,342,34.2,236,1764
10000,89,8945.0,591,59.1,1055,8945
20000,89,17893.0,941,94.1,2107,17893
40000,89,35917.0,1163,116.3,4083,35917
60000,89,53874.0,1357,135.7,6126,53874
80000,89,71839.0,1607,160.7,8161,71839
100000,89,89795.0,1680,168.0,10205,89795
2,90,2.0,1,0.1,0,2
3,90,3.0,1,0.1,0,3
100,90,87.0,30,3.0,13,87
200,90,171.0,53,5.3,29,171
2000,90,1746.0,429,42.9,254,1746
10000,90,8896.0,971,97.1,1104,8896
20000,90,17884.0,1460,146.0,2116,17884
40000,90,35778.0,1752,175.2,4222,35778
60000,90,53775.0,1932,193.2,6225,53775
80000,90,71772.0,2033,203.3,8228,71772
100000,90,89714.0,2148,214.8,10286,89714
2,91,2.0,1,0.1,0,2
3,91,2.0,1,0.1,1,2
100,91,86.0,40,4.0,14,86
200,91,174.0,92,9.2,26,174
2000,91,1759.0,374,37.4,241,1759
10000,91,8949.0,709,70.9,1051,8949
20000,91,17930.0,856,85.6,2070,17930
40000,91,35825.0,1116,111.6,4175,35825
60000,91,53780.0,1209,120.9,6220,53780
80000,91,71785.0,1396,139.6,8215,71785
100000,91,89779.0,1494,149.4,10221,89779
2,92,2.0,1,0.1,0,2
3,92,3.0,1,0.1,0,3
100,92,82.0,50,5.0,18,82
200,92,168.0,70,7.0,32,168
2000,92,1752.0,479,47.9,248,1752
10000,92,8868.0,1523,152.3,1132,8868
20000,92,17841.0,1709,170.9,2159,17841
40000,92,35893.0,1903,190.3,4107,35893
60000,92,53910.0,1973,197.3,6090,53910
80000,92,71958.0,2059,205.9,8042,71958
100000,92,89877.0,2163,216.3,10123,89877
2,93,2.0,1,0.1,0,2
3,93,3.0,1,0.1,0,3
100,93,91.0,39,3.9,9,91
200,93,177.0,59,5.9,23,177
2000,93,1758.0,381,38.1,242,1758
10000,93,8932.0,819,81.9,1068,8932
20000,93,17858.0,1197,119.7,2142,17858
40000,93,35826.0,1511,151.1,4174,35826
60000,93,53793.0,1635,163.5,6207,53793
80000,93,71703.0,1725,172.5,8297,71703
100000,93,89648.0,1815,181.5,10352,89648
2,94,2.0,1,0.1,0,2
3,94,3.0,1,0.1,0,3
100,94,82.0,41,4.1,18,82
200,94,166.0,75,7.5,34,166
2000,94,1769.0,387,38.7,231,1769
10000,94,8946.0,897,89.7,1054,8946
20000,94,17944.0,1387,138.7,2056,17944
40000,94,35971.0,1643,164.3,4029,35971
60000,94,54055.0,1750,175.0,5945,54055
80000,94,71997.0,1875,187.5,8003,71997
100000,94,90037.0,1922,192.2,9963,90037
2,95,2.0,1,0.1,0,2
3,95,3.0,1,0.1,0,3
100,95,86.0,50,5.0,14,86
200,95,171.0,70,7.0,29,171
2000,95,1731.0,357,35.7,269,1731
10000,95,8852.0,1092,109.2,1148,8852
20000,95,17862.0,1189,118.9,2138,17862
40000,95,35862.0,1336,133.6,4138,35862
60000,95,53853.0,1493,149.3,6147,53853
80000,95,71883.0,1573,157.3,8117,71883
100000,95,89882.0,1622,162.2,10118,89882
2,96,2.0,1,0.1,0,2
3,96,3.0,1,0.1,0,3
100,96,90.0,50,5.0,10,90
200,96,174.0,82,8.2,26,174
2000,96,1791.0,313,31.3,209,1791
10000,96,8956.0,805,80.5,1044,8956
20000,96,17901.0,1180,118.0,2099,17901
40000,96,35906.0,1421,142.1,4094,35906
60000,96,53903.0,1562,156.2,6097,53903
80000,96,71948.0,1590,159.0,8052,71948
100000,96,89947.0,1661,166.1,10053,89947
2,97,2.0,1,0.1,0,2
3,97,3.0,1,0.1,0,3
100,97,91.0,46,4.6,9,91
200,97,178.0,87,8.7,22,178
2000,97,1752.0,386,38.6,248,1752
10000,97,8889.0,610,61.0,1111,8889
20000,97,17914.0,739,73.9,2086,17914
40000,97,35860.0,993,99.3,4140,35860
60000,97,53798.0,1082,108.2,6202,53798
80000,97,71759.0,1252,125.2,8241,71759
100000,97,89713.0,1406,140.6,10287,89713
2,98,1.0,1,0.1,1,1
3,98,1.0,1,0.1,2,1
100,98,88.0,44,4.4,12,88
200,98,175.0,72,7.2,25,175
2000,98,1771.0,385,38.5,229,1771
10000,98,8909.0,981,98.1,1091,8909
20000,98,17858.0,1198,119.8,2142,17858
40000,98,35840.0,1381,138.1,4160,35840
60000,98,53880.0,1528,152.8,6120,53880
80000,98,71958.0,1567,156.7,8042,71958
100000,98,89981.0,1612,161.2,10019,89981
2,99,2.0,1,0.1,0,2
3,99,3.0,1,0.1,0,3
100,99,86.0,27,2.7,14,86
200,99,174.0,56,5.6,26,174
2000,99,1764.0,369,36.9,236,1764
10000,99,8903.0,709,70.9,1097,8903
20000,99,17925.0,989,98.9,2075,17925
40000,99,35867.0,1095,109.5,4133,35867
60000,99,53853.0,1153,115.3,6147,53853
80000,99,71842.0,1292,129.2,8158,71842
100000,99,89848.0,1379,137.9,10152,89848
2,100,1.0,1,0.1,1,1
3,100,2.0,1,0.1,1,2
100,100,78.0,28,2.8,22,78
200,100,170.0,45,4.5,30,170
2000,100,1764.0,288,28.8,236,1764
10000,100,8920.0,845,84.5,1080,8920
20000,100,17907.0,1113,111.3,2093,17907
40000,100,35899.0,1432,143.2,4101,35899
60000,100,53900.0,1540,154.0,6100,53900
80000,100,71847.0,1848,184.8,8153,71847
100000,100,89795.0,2054,205.4,10205,89795
