Timestep,Iteration,Total Reward,Suboptimal Arms,Total Regret,Zeros Count,Ones Count
2,1,1.0,1,0.1,1,1
3,1,1.0,1,0.1,2,1
100,1,89.0,33,3.3,11,89
200,1,172.0,57,5.7,28,172
2000,1,1770.0,243,24.3,230,1770
10000,1,8890.0,815,81.5,1110,8890
20000,1,17861.0,1190,119.0,2139,17861
40000,1,35804.0,1689,168.9,4196,35804
60000,1,53785.0,1898,189.8,6215,53785
80000,1,71857.0,1983,198.3,8143,71857
100000,1,89865.0,2271,227.1,10135,89865
2,2,1.0,1,0.1,1,1
3,2,2.0,1,0.1,1,2
100,2,86.0,50,5.0,14,86
200,2,173.0,84,8.4,27,173
2000,2,1758.0,528,52.8,242,1758
10000,2,8881.0,1063,106.3,1119,8881
20000,2,17851.0,1456,145.6,2149,17851
40000,2,35778.0,1780,178.0,4222,35778
60000,2,53798.0,1849,184.9,6202,53798
80000,2,71712.0,1995,199.5,8288,71712
100000,2,89709.0,2053,205.3,10291,89709
2,3,2.0,1,0.1,0,2
3,3,3.0,2,0.2,0,3
100,3,88.0,39,3.9,12,88
200,3,177.0,77,7.7,23,177
2000,3,1737.0,457,45.7,263,1737
10000,3,8891.0,942,94.2,1109,8891
20000,3,17880.0,1163,116.3,2120,17880
40000,3,35931.0,1443,144.3,4069,35931
60000,3,53893.0,1575,157.5,6107,53893
80000,3,71838.0,1631,163.1,8162,71838
100000,3,89852.0,1807,180.7,10148,89852
2,4,1.0,1,0.1,1,1
3,4,2.0,1,0.1,1,2
100,4,84.0,21,2.1,16,84
200,4,174.0,59,5.9,26,174
2000,4,1739.0,351,35.1,261,1739
10000,4,8889.0,877,87.7,1111,8889
20000,4,17851.0,1105,110.5,2149,17851
40000,4,35818.0,1637,163.7,4182,35818
60000,4,53785.0,1853,185.3,6215,53785
80000,4,71794.0,2138,213.8,8206,71794
100000,4,89789.0,2192,219.2,10211,89789
2,5,1.0,1,0.1,1,1
3,5,1.0,2,0.2,2,1
100,5,85.0,39,3.9,15,85
200,5,172.0,82,8.2,28,172
2000,5,1729.0,429,42.9,271,1729
10000,5,8894.0,782,78.2,1106,8894
20000,5,17855.0,1106,110.6,2145,17855
40000,5,35823.0,1322,132.2,4177,35823
60000,5,53751.0,1526,152.6,6249,53751
80000,5,71755.0,1572,157.2,8245,71755
100000,5,89694.0,1604,160.4,10306,89694
2,6,2.0,1,0.1,0,2
3,6,2.0,2,0.2,1,2
100,6,84.0,26,2.6,16,84
200,6,172.0,75,7.5,28,172
2000,6,1754.0,353,35.3,246,1754
10000,6,8891.0,757,75.7,1109,8891
20000,6,17907.0,942,94.2,2093,17907
40000,6,35909.0,1188,118.8,4091,35909
60000,6,53882.0,1477,147.7,6118,53882
80000,6,71905.0,1524,152.4,8095,71905
100000,6,89906.0,1610,161.0,10094,89906
2,7,2.0,1,0.1,0,2
3,7,2.0,2,0.2,1,2
100,7,89.0,34,3.4,11,89
200,7,179.0,64,6.4,21,179
2000,7,1770.0,300,30.0,230,1770
10000,7,8912.0,799,79.9,1088,8912
20000,7,17871.0,977,97.7,2129,17871
40000,7,35948.0,1153,115.3,4052,35948
60000,7,54044.0,1206,120.6,5956,54044
80000,7,71971.0,1369,136.9,8029,71971
100000,7,90017.0,1400,140.0,9983,90017
2,8,2.0,1,0.1,0,2
3,8,3.0,2,0.2,0,3
100,8,87.0,46,4.6,13,87
200,8,170.0,96,9.6,30,170
2000,8,1739.0,535,53.5,261,1739
10000,8,8886.0,1014,101.4,1114,8886
20000,8,17810.0,1280,128.0,2190,17810
40000,8,35800.0,1477,147.7,4200,35800
60000,8,53869.0,1545,154.5,6131,53869
80000,8,71813.0,1601,160.1,8187,71813
100000,8,89799.0,1641,164.1,10201,89799
2,9,1.0,1,0.1,1,1
3,9,2.0,2,0.2,1,2
100,9,83.0,36,3.6,17,83
200,9,167.0,58,5.8,33,167
2000,9,1756.0,325,32.5,244,1756
10000,9,8906.0,710,71.0,1094,8906
20000,9,17891.0,959,95.9,2109,17891
40000,9,35898.0,1323,132.3,4102,35898
60000,9,53874.0,1498,149.8,6126,53874
80000,9,71840.0,1564,156.4,8160,71840
100000,9,89757.0,1642,164.2,10243,89757
2,10,1.0,1,0.1,1,1
3,10,1.0,1,0.1,2,1
100,10,84.0,50,5.0,16,84
200,10,171.0,96,9.6,29,171
2000,10,1769.0,428,42.8,231,1769
10000,10,8925.0,1036,103.6,1075,8925
20000,10,17873.0,1243,124.3,2127,17873
40000,10,35830.0,1633,163.3,4170,35830
60000,10,53875.0,1732,173.2,6125,53875
80000,10,71927.0,1806,180.6,8073,71927
100000,10,89899.0,1893,189.3,10101,89899
2,11,2.0,1,0.1,0,2
3,11,3.0,2,0.2,0,3
100,11,86.0,29,2.9,14,86
200,11,176.0,66,6.6,24,176
2000,11,1782.0,364,36.4,218,1782
10000,11,8903.0,947,94.7,1097,8903
20000,11,17814.0,1266,126.6,2186,17814
40000,11,35807.0,1352,135.2,4193,35807
60000,11,53814.0,1454,145.4,6186,53814
80000,11,71830.0,1536,153.6,8170,71830
100000,11,89760.0,1630,163.0,10240,89760
2,12,1.0,1,0.1,1,1
3,12,2.0,2,0.2,1,2
100,12,87.0,40,4.0,13,87
200,12,175.0,88,8.8,25,175
2000,12,1743.0,450,45.0,257,1743
10000,12,8870.0,828,82.8,1130,8870
20000,12,17823.0,1131,113.1,2177,17823
40000,12,35767.0,1292,129.2,4233,35767
60000,12,53744.0,1368,136.8,6256,53744
80000,12,71773.0,1434,143.4,8227,71773
100000,12,89780.0,1453,145.3,10220,89780
2,13,2.0,1,0.1,0,2
3,13,3.0,2,0.2,0,3
100,13,87.0,47,4.7,13,87
200,13,179.0,71,7.1,21,179
2000,13,1734.0,569,56.9,266,1734
10000,13,8919.0,989,98.9,1081,8919
20000,13,17905.0,1261,126.1,2095,17905
40000,13,35904.0,1449,144.9,4096,35904
60000,13,53873.0,1554,155.4,6127,53873
80000,13,71836.0,1670,167.0,8164,71836
100000,13,89871.0,1719,171.9,10129,89871
2,14,2.0,1,0.1,0,2
3,14,2.0,2,0.2,1,2
100,14,87.0,27,2.7,13,87
200,14,172.0,58,5.8,28,172
2000,14,1739.0,256,25.6,261,1739
10000,14,8899.0,785,78.5,1101,8899
20000,14,17880.0,1053,105.3,2120,17880
40000,14,35843.0,1354,135.4,4157,35843
60000,14,53846.0,1601,160.1,6154,53846
80000,14,71876.0,1740,174.0,8124,71876
100000,14,89869.0,1812,181.2,10131,89869
2,15,2.0,1,0.1,0,2
3,15,3.0,2,0.2,0,3
100,15,89.0,38,3.8,11,89
200,15,173.0,75,7.5,27,173
2000,15,1754.0,200,20.0,246,1754
10000,15,8888.0,684,68.4,1112,8888
20000,15,17941.0,787,78.7,2059,17941
40000,15,35917.0,968,96.8,4083,35917
60000,15,53834.0,1085,108.5,6166,53834
80000,15,71781.0,1196,119.6,8219,71781
100000,15,89756.0,1284,128.4,10244,89756
2,16,2.0,1,0.1,0,2
3,16,3.0,2,0.2,0,3
100,16,90.0,42,4.2,10,90
200,16,177.0,89,8.9,23,177
2000,16,1764.0,468,46.8,236,1764
10000,16,8952.0,1126,112.6,1048,8952
20000,16,17906.0,1445,144.5,2094,17906
40000,16,35899.0,1673,167.3,4101,35899
60000,16,53894.0,1928,192.8,6106,53894
80000,16,71840.0,2027,202.7,8160,71840
100000,16,89846.0,2050,205.0,10154,89846
2,17,2.0,1,0.1,0,2
3,17,3.0,2,0.2,0,3
100,17,82.0,42,4.2,18,82
200,17,163.0,66,6.6,37,163
2000,17,1734.0,306,30.6,266,1734
10000,17,8859.0,754,75.4,1141,8859
20000,17,17826.0,958,95.8,2174,17826
40000,17,35830.0,1108,110.8,4170,35830
60000,17,53824.0,1157,115.7,6176,53824
80000,17,71902.0,1168,116.8,8098,71902
100000,17,89914.0,1194,119.4,10086,89914
2,18,1.0,1,0.1,1,1
3,18,1.0,2,0.2,2,1
100,18,86.0,36,3.6,14,86
200,18,176.0,65,6.5,24,176
2000,18,1751.0,463,46.3,249,1751
10000,18,8917.0,856,85.6,1083,8917
20000,18,17842.0,1239,123.9,2158,17842
40000,18,35887.0,1581,158.1,4113,35887
60000,18,53934.0,1708,170.8,6066,53934
80000,18,71908.0,1796,179.6,8092,71908
100000,18,89881.0,1827,182.7,10119,89881
2,19,2.0,1,0.1,0,2
3,19,2.0,2,0.2,1,2
100,19,84.0,32,3.2,16,84
200,19,170.0,64,6.4,30,170
2000,19,1756.0,409,40.9,244,1756
10000,19,8891.0,760,76.0,1109,8891
20000,19,17845.0,970,97.0,2155,17845
40000,19,35779.0,1204,120.4,4221,35779
60000,19,53893.0,1236,123.6,6107,53893
80000,19,71893.0,1340,134.0,8107,71893
100000,19,89933.0,1454,145.4,10067,89933
2,20,2.0,1,0.1,0,2
3,20,3.0,2,0.2,0,3
100,20,89.0,34,3.4,11,89
200,20,176.0,59,5.9,24,176
2000,20,1777.0,204,20.4,223,1777
10000,20,8961.0,533,53.3,1039,8961
20000,20,17947.0,1005,100.5,2053,17947
40000,20,35891.0,1159,115.9,4109,35891
60000,20,53897.0,1531,153.1,6103,53897
80000,20,71961.0,1636,163.6,8039,71961
100000,20,89963.0,1722,172.2,10037,89963
2,21,2.0,1,0.1,0,2
3,21,3.0,2,0.2,0,3
100,21,87.0,44,4.4,13,87
200,21,173.0,81,8.1,27,173
2000,21,1752.0,308,30.8,248,1752
10000,21,8914.0,917,91.7,1086,8914
20000,21,17895.0,1116,111.6,2105,17895
40000,21,35900.0,1544,154.4,4100,35900
60000,21,53914.0,1615,161.5,6086,53914
80000,21,71910.0,1751,175.1,8090,71910
100000,21,89906.0,1838,183.8,10094,89906
2,22,0.0,1,0.1,2,0
3,22,1.0,2,0.2,2,1
100,22,79.0,47,4.7,21,79
200,22,168.0,74,7.4,32,168
2000,22,1733.0,491,49.1,267,1733
10000,22,8804.0,1098,109.8,1196,8804
20000,22,17748.0,1393,139.3,2252,17748
40000,22,35704.0,1600,160.0,4296,35704
60000,22,53748.0,1718,171.8,6252,53748
80000,22,71745.0,1812,181.2,8255,71745
100000,22,89766.0,1876,187.6,10234,89766
2,23,2.0,1,0.1,0,2
3,23,2.0,2,0.2,1,2
100,23,87.0,39,3.9,13,87
200,23,173.0,77,7.7,27,173
2000,23,1762.0,532,53.2,238,1762
10000,23,8944.0,1047,104.7,1056,8944
20000,23,17937.0,1512,151.2,2063,17937
40000,23,35895.0,1800,180.0,4105,35895
60000,23,53873.0,1909,190.9,6127,53873
80000,23,71887.0,1947,194.7,8113,71887
100000,23,89873.0,2003,200.3,10127,89873
2,24,2.0,1,0.1,0,2
3,24,3.0,2,0.2,0,3
100,24,85.0,39,3.9,15,85
200,24,167.0,64,6.4,33,167
2000,24,1767.0,266,26.6,233,1767
10000,24,8928.0,753,75.3,1072,8928
20000,24,17919.0,965,96.5,2081,17919
40000,24,35936.0,1416,141.6,4064,35936
60000,24,53906.0,1520,152.0,6094,53906
80000,24,71906.0,1587,158.7,8094,71906
100000,24,89952.0,1605,160.5,10048,89952
2,25,1.0,1,0.1,1,1
3,25,2.0,1,0.1,1,2
100,25,85.0,42,4.2,15,85
200,25,178.0,85,8.5,22,178
2000,25,1764.0,360,36.0,236,1764
10000,25,8955.0,865,86.5,1045,8955
20000,25,17900.0,1153,115.3,2100,17900
40000,25,35898.0,1251,125.1,4102,35898
60000,25,53911.0,1434,143.4,6089,53911
80000,25,71874.0,1506,150.6,8126,71874
100000,25,89896.0,1568,156.8,10104,89896
2,26,2.0,1,0.1,0,2
3,26,3.0,2,0.2,0,3
100,26,86.0,38,3.8,14,86
200,26,179.0,80,8.0,21,179
2000,26,1736.0,415,41.5,264,1736
10000,26,8895.0,719,71.9,1105,8895
20000,26,17922.0,860,86.0,2078,17922
40000,26,35931.0,1013,101.3,4069,35931
60000,26,53992.0,1098,109.8,6008,53992
80000,26,72070.0,1135,113.5,7930,72070
100000,26,90073.0,1183,118.3,9927,90073
2,27,1.0,1,0.1,1,1
3,27,2.0,1,0.1,1,2
100,27,86.0,35,3.5,14,86
200,27,176.0,64,6.4,24,176
2000,27,1776.0,423,42.3,224,1776
10000,27,8939.0,880,88.0,1061,8939
20000,27,17864.0,1149,114.9,2136,17864
40000,27,35883.0,1292,129.2,4117,35883
60000,27,53812.0,1548,154.8,6188,53812
80000,27,71828.0,1602,160.2,8172,71828
100000,27,89870.0,1668,166.8,10130,89870
2,28,2.0,1,0.1,0,2
3,28,3.0,2,0.2,0,3
100,28,83.0,43,4.3,17,83
200,28,164.0,83,8.3,36,164
2000,28,1754.0,520,52.0,246,1754
10000,28,8952.0,1058,105.8,1048,8952
20000,28,17971.0,1264,126.4,2029,17971
40000,28,36007.0,1633,163.3,3993,36007
60000,28,54009.0,1755,175.5,5991,54009
80000,28,71910.0,1854,185.4,8090,71910
100000,28,89990.0,1884,188.4,10010,89990
2,29,2.0,1,0.1,0,2
3,29,3.0,2,0.2,0,3
100,29,92.0,43,4.3,8,92
200,29,182.0,72,7.2,18,182
2000,29,1762.0,399,39.9,238,1762
10000,29,8964.0,791,79.1,1036,8964
20000,29,17931.0,1062,106.2,2069,17931
40000,29,35921.0,1403,140.3,4079,35921
60000,29,53906.0,1488,148.8,6094,53906
80000,29,71955.0,1515,151.5,8045,71955
100000,29,90006.0,1523,152.3,9994,90006
2,30,2.0,1,0.1,0,2
3,30,3.0,2,0.2,0,3
100,30,89.0,46,4.6,11,89
200,30,173.0,91,9.1,27,173
2000,30,1747.0,399,39.9,253,1747
10000,30,8912.0,912,91.2,1088,8912
20000,30,17850.0,1292,129.2,2150,17850
40000,30,35839.0,1618,161.8,4161,35839
60000,30,53878.0,1901,190.1,6122,53878
80000,30,71904.0,1987,198.7,8096,71904
100000,30,89862.0,2136,213.6,10138,89862
2,31,2.0,1,0.1,0,2
3,31,3.0,2,0.2,0,3
100,31,88.0,46,4.6,12,88
200,31,180.0,100,10.0,20,180
2000,31,1735.0,587,58.7,265,1735
10000,31,8896.0,1205,120.5,1104,8896
20000,31,17845.0,1463,146.3,2155,17845
40000,31,35768.0,1824,182.4,4232,35768
60000,31,53765.0,2128,212.8,6235,53765
80000,31,71825.0,2579,257.9,8175,71825
100000,31,89795.0,2838,283.8,10205,89795
2,32,2.0,1,0.1,0,2
3,32,3.0,2,0.2,0,3
100,32,87.0,42,4.2,13,87
200,32,179.0,76,7.6,21,179
2000,32,1768.0,476,47.6,232,1768
10000,32,8944.0,900,90.0,1056,8944
20000,32,17912.0,1163,116.3,2088,17912
40000,32,35879.0,1385,138.5,4121,35879
60000,32,53833.0,1739,173.9,6167,53833
80000,32,71846.0,1785,178.5,8154,71846
100000,32,89864.0,1890,189.0,10136,89864
2,33,2.0,1,0.1,0,2
3,33,3.0,2,0.2,0,3
100,33,93.0,39,3.9,7,93
200,33,179.0,80,8.0,21,179
2000,33,1759.0,412,41.2,241,1759
10000,33,8882.0,965,96.5,1118,8882
20000,33,17867.0,1097,109.7,2133,17867
40000,33,35858.0,1442,144.2,4142,35858
60000,33,53890.0,1581,158.1,6110,53890
80000,33,71864.0,1728,172.8,8136,71864
100000,33,89815.0,1818,181.8,10185,89815
2,34,2.0,1,0.1,0,2
3,34,2.0,2,0.2,1,2
100,34,87.0,44,4.4,13,87
200,34,173.0,80,8.0,27,173
2000,34,1748.0,421,42.1,252,1748
10000,34,8861.0,820,82.0,1139,8861
20000,34,17849.0,1023,102.3,2151,17849
40000,34,35762.0,1464,146.4,4238,35762
60000,34,53730.0,1534,153.4,6270,53730
80000,34,71800.0,1566,156.6,8200,71800
100000,34,89733.0,1610,161.0,10267,89733
2,35,2.0,1,0.1,0,2
3,35,3.0,2,0.2,0,3
100,35,84.0,39,3.9,16,84
200,35,177.0,63,6.3,23,177
2000,35,1786.0,336,33.6,214,1786
10000,35,8886.0,1180,118.0,1114,8886
20000,35,17856.0,1515,151.5,2144,17856
40000,35,35847.0,1726,172.6,4153,35847
60000,35,53809.0,1924,192.4,6191,53809
80000,35,71773.0,2139,213.9,8227,71773
100000,35,89714.0,2229,222.9,10286,89714
2,36,2.0,1,0.1,0,2
3,36,3.0,2,0.2,0,3
100,36,92.0,36,3.6,8,92
200,36,179.0,71,7.1,21,179
2000,36,1737.0,429,42.9,263,1737
10000,36,8886.0,887,88.7,1114,8886
20000,36,17846.0,1033,103.3,2154,17846
40000,36,35731.0,1340,134.0,4269,35731
60000,36,53695.0,1500,150.0,6305,53695
80000,36,71634.0,1596,159.6,8366,71634
100000,36,89663.0,1668,166.8,10337,89663
2,37,1.0,1,0.1,1,1
3,37,2.0,1,0.1,1,2
100,37,83.0,22,2.2,17,83
200,37,174.0,62,6.2,26,174
2000,37,1772.0,325,32.5,228,1772
10000,37,8877.0,1043,104.3,1123,8877
20000,37,17871.0,1296,129.6,2129,17871
40000,37,35864.0,1446,144.6,4136,35864
60000,37,53854.0,1575,157.5,6146,53854
80000,37,71833.0,1677,167.7,8167,71833
100000,37,89860.0,1701,170.1,10140,89860
2,38,1.0,1,0.1,1,1
3,38,2.0,2,0.2,1,2
100,38,84.0,50,5.0,16,84
200,38,173.0,80,8.0,27,173
2000,38,1760.0,391,39.1,240,1760
10000,38,8905.0,773,77.3,1095,8905
20000,38,17862.0,971,97.1,2138,17862
40000,38,35787.0,1103,110.3,4213,35787
60000,38,53796.0,1208,120.8,6204,53796
80000,38,71722.0,1499,149.9,8278,71722
100000,38,89721.0,1556,155.6,10279,89721
2,39,2.0,1,0.1,0,2
3,39,3.0,2,0.2,0,3
100,39,88.0,46,4.6,12,88
200,39,177.0,107,10.7,23,177
2000,39,1735.0,461,46.1,265,1735
10000,39,8926.0,753,75.3,1074,8926
20000,39,17932.0,902,90.2,2068,17932
40000,39,35886.0,1395,139.5,4114,35886
60000,39,53875.0,1542,154.2,6125,53875
80000,39,71822.0,1639,163.9,8178,71822
100000,39,89828.0,1761,176.1,10172,89828
2,40,2.0,1,0.1,0,2
3,40,2.0,2,0.2,1,2
100,40,89.0,39,3.9,11,89
200,40,177.0,67,6.7,23,177
2000,40,1765.0,451,45.1,235,1765
10000,40,8958.0,940,94.0,1042,8958
20000,40,17945.0,1153,115.3,2055,17945
40000,40,35947.0,1407,140.7,4053,35947
60000,40,53955.0,1477,147.7,6045,53955
80000,40,71961.0,1504,150.4,8039,71961
100000,40,89954.0,1585,158.5,10046,89954
2,41,1.0,1,0.1,1,1
3,41,2.0,1,0.1,1,2
100,41,89.0,45,4.5,11,89
200,41,175.0,75,7.5,25,175
2000,41,1773.0,401,40.1,227,1773
10000,41,8924.0,997,99.7,1076,8924
20000,41,17919.0,1248,124.8,2081,17919
40000,41,35950.0,1590,159.0,4050,35950
60000,41,53931.0,1760,176.0,6069,53931
80000,41,71811.0,1964,196.4,8189,71811
100000,41,89780.0,2047,204.7,10220,89780
2,42,2.0,1,0.1,0,2
3,42,3.0,2,0.2,0,3
100,42,85.0,42,4.2,15,85
200,42,173.0,70,7.0,27,173
2000,42,1752.0,251,25.1,248,1752
10000,42,8882.0,772,77.2,1118,8882
20000,42,17856.0,990,99.0,2144,17856
40000,42,35860.0,1230,123.0,4140,35860
60000,42,53849.0,1338,133.8,6151,53849
80000,42,71850.0,1374,137.4,8150,71850
100000,42,89764.0,1441,144.1,10236,89764
2,43,2.0,1,0.1,0,2
3,43,3.0,2,0.2,0,3
100,43,89.0,45,4.5,11,89
200,43,178.0,80,8.0,22,178
2000,43,1763.0,448,44.8,237,1763
10000,43,8904.0,945,94.5,1096,8904
20000,43,17863.0,1109,110.9,2137,17863
40000,43,35803.0,1446,144.6,4197,35803
60000,43,53828.0,1491,149.1,6172,53828
80000,43,71824.0,1567,156.7,8176,71824
100000,43,89803.0,1584,158.4,10197,89803
2,44,2.0,1,0.1,0,2
3,44,3.0,2,0.2,0,3
100,44,89.0,34,3.4,11,89
200,44,172.0,61,6.1,28,172
2000,44,1773.0,446,44.6,227,1773
10000,44,8953.0,1178,117.8,1047,8953
20000,44,17920.0,1440,144.0,2080,17920
40000,44,35898.0,1661,166.1,4102,35898
60000,44,53871.0,1760,176.0,6129,53871
80000,44,71878.0,1811,181.1,8122,71878
100000,44,89942.0,1920,192.0,10058,89942
2,45,1.0,1,0.1,1,1
3,45,2.0,2,0.2,1,2
100,45,88.0,39,3.9,12,88
200,45,174.0,62,6.2,26,174
2000,45,1782.0,360,36.0,218,1782
10000,45,8976.0,779,77.9,1024,8976
20000,45,17924.0,1029,102.9,2076,17924
40000,45,35927.0,1192,119.2,4073,35927
60000,45,53918.0,1392,139.2,6082,53918
80000,45,71899.0,1511,151.1,8101,71899
100000,45,89892.0,1518,151.8,10108,89892
2,46,2.0,1,0.1,0,2
3,46,3.0,2,0.2,0,3
100,46,86.0,36,3.6,14,86
200,46,172.0,79,7.9,28,172
2000,46,1743.0,447,44.7,257,1743
10000,46,8915.0,763,76.3,1085,8915
20000,46,17820.0,966,96.6,2180,17820
40000,46,35827.0,1073,107.3,4173,35827
60000,46,53830.0,1152,115.2,6170,53830
80000,46,71811.0,1336,133.6,8189,71811
100000,46,89821.0,1345,134.5,10179,89821
2,47,2.0,1,0.1,0,2
3,47,3.0,2,0.2,0,3
100,47,88.0,54,5.4,12,88
200,47,177.0,89,8.9,23,177
2000,47,1764.0,456,45.6,236,1764
10000,47,8942.0,1029,102.9,1058,8942
20000,47,17949.0,1295,129.5,2051,17949
40000,47,35898.0,1490,149.0,4102,35898
60000,47,53911.0,1650,165.0,6089,53911
80000,47,71890.0,1722,172.2,8110,71890
100000,47,89782.0,1792,179.2,10218,89782
2,48,1.0,1,0.1,1,1
3,48,2.0,1,0.1,1,2
100,48,87.0,44,4.4,13,87
200,48,172.0,85,8.5,28,172
2000,48,1744.0,515,51.5,256,1744
10000,48,8908.0,981,98.1,1092,8908
20000,48,17890.0,1327,132.7,2110,17890
40000,48,35823.0,1639,163.9,4177,35823
60000,48,53759.0,1678,167.8,6241,53759
80000,48,71776.0,1702,170.2,8224,71776
100000,48,89796.0,1723,172.3,10204,89796
2,49,2.0,1,0.1,0,2
3,49,3.0,2,0.2,0,3
100,49,86.0,50,5.0,14,86
200,49,174.0,101,10.1,26,174
2000,49,1764.0,397,39.7,236,1764
10000,49,8924.0,872,87.2,1076,8924
20000,49,17886.0,1024,102.4,2114,17886
40000,49,35792.0,1263,126.3,4208,35792
60000,49,53756.0,1394,139.4,6244,53756
80000,49,71711.0,1441,144.1,8289,71711
100000,49,89755.0,1492,149.2,10245,89755
2,50,0.0,1,0.1,2,0
3,50,1.0,2,0.2,2,1
100,50,85.0,42,4.2,15,85
200,50,170.0,64,6.4,30,170
2000,50,1778.0,449,44.9,222,1778
10000,50,8972.0,1075,107.5,1028,8972
20000,50,17945.0,1556,155.6,2055,17945
40000,50,35866.0,1806,180.6,4134,35866
60000,50,53895.0,1847,184.7,6105,53895
80000,50,71919.0,1931,193.1,8081,71919
100000,50,89852.0,2003,200.3,10148,89852
2,51,2.0,1,0.1,0,2
3,51,3.0,2,0.2,0,3
100,51,87.0,36,3.6,13,87
200,51,174.0,52,5.2,26,174
2000,51,1782.0,257,25.7,218,1782
10000,51,8892.0,528,52.8,1108,8892
20000,51,17882.0,809,80.9,2118,17882
40000,51,35897.0,1006,100.6,4103,35897
60000,51,53867.0,1077,107.7,6133,53867
80000,51,71812.0,1187,118.7,8188,71812
100000,51,89800.0,1217,121.7,10200,89800
2,52,1.0,1,0.1,1,1
3,52,2.0,1,0.1,1,2
100,52,88.0,44,4.4,12,88
200,52,176.0,74,7.4,24,176
2000,52,1765.0,358,35.8,235,1765
10000,52,8941.0,751,75.1,1059,8941
20000,52,17965.0,843,84.3,2035,17965
40000,52,35999.0,968,96.8,4001,35999
60000,52,53974.0,1218,121.8,6026,53974
80000,52,71956.0,1342,134.2,8044,71956
100000,52,89900.0,1665,166.5,10100,89900
2,53,2.0,1,0.1,0,2
3,53,2.0,2,0.2,1,2
100,53,83.0,38,3.8,17,83
200,53,176.0,78,7.8,24,176
2000,53,1754.0,449,44.9,246,1754
10000,53,8893.0,1021,102.1,1107,8893
20000,53,17919.0,1413,141.3,2081,17919
40000,53,35893.0,1908,190.8,4107,35893
60000,53,53908.0,2057,205.7,6092,53908
80000,53,71972.0,2220,222.0,8028,71972
100000,53,89960.0,2379,237.9,10040,89960
2,54,1.0,1,0.1,1,1
3,54,2.0,1,0.1,1,2
100,54,81.0,27,2.7,19,81
200,54,164.0,41,4.1,36,164
2000,54,1748.0,495,49.5,252,1748
10000,54,8885.0,1005,100.5,1115,8885
20000,54,17823.0,1387,138.7,2177,17823
40000,54,35805.0,1684,168.4,4195,35805
60000,54,53750.0,1830,183.0,6250,53750
80000,54,71804.0,1917,191.7,8196,71804
100000,54,89796.0,2069,206.9,10204,89796
2,55,2.0,1,0.1,0,2
3,55,3.0,2,0.2,0,3
100,55,86.0,39,3.9,14,86
200,55,173.0,68,6.8,27,173
2000,55,1771.0,550,55.0,229,1771
10000,55,8908.0,1236,123.6,1092,8908
20000,55,17862.0,1534,153.4,2138,17862
40000,55,35788.0,2104,210.4,4212,35788
60000,55,53765.0,2341,234.1,6235,53765
80000,55,71777.0,2542,254.2,8223,71777
100000,55,89665.0,2647,264.7,10335,89665
2,56,2.0,1,0.1,0,2
3,56,3.0,2,0.2,0,3
100,56,83.0,41,4.1,17,83
200,56,169.0,69,6.9,31,169
2000,56,1755.0,485,48.5,245,1755
10000,56,8894.0,1003,100.3,1106,8894
20000,56,17826.0,1276,127.6,2174,17826
40000,56,35704.0,1745,174.5,4296,35704
60000,56,53686.0,1884,188.4,6314,53686
80000,56,71723.0,1952,195.2,8277,71723
100000,56,89636.0,2086,208.6,10364,89636
2,57,2.0,1,0.1,0,2
3,57,2.0,2,0.2,1,2
100,57,89.0,34,3.4,11,89
200,57,179.0,43,4.3,21,179
2000,57,1762.0,368,36.8,238,1762
10000,57,8898.0,1069,106.9,1102,8898
20000,57,17897.0,1389,138.9,2103,17897
40000,57,35883.0,1601,160.1,4117,35883
60000,57,53830.0,1868,186.8,6170,53830
80000,57,71884.0,2135,213.5,8116,71884
100000,57,89962.0,2175,217.5,10038,89962
2,58,2.0,1,0.1,0,2
3,58,2.0,2,0.2,1,2
100,58,93.0,39,3.9,7,93
200,58,182.0,68,6.8,18,182
2000,58,1779.0,358,35.8,221,1779
10000,58,8934.0,796,79.6,1066,8934
20000,58,17946.0,1190,119.0,2054,17946
40000,58,35899.0,1337,133.7,4101,35899
60000,58,53879.0,1491,149.1,6121,53879
80000,58,71835.0,1617,161.7,8165,71835
100000,58,89895.0,1642,164.2,10105,89895
2,59,1.0,1,0.1,1,1
3,59,2.0,1,0.1,1,2
100,59,81.0,37,3.7,19,81
200,59,169.0,73,7.3,31,169
2000,59,1743.0,515,51.5,257,1743
10000,59,8885.0,1161,116.1,1115,8885
20000,59,17836.0,1635,163.5,2164,17836
40000,59,35823.0,1858,185.8,4177,35823
60000,59,53825.0,2033,203.3,6175,53825
80000,59,71752.0,2153,215.3,8248,71752
100000,59,89727.0,2327,232.7,10273,89727
2,60,2.0,1,0.1,0,2
3,60,3.0,2,0.2,0,3
100,60,89.0,55,5.5,11,89
200,60,173.0,101,10.1,27,173
2000,60,1765.0,373,37.3,235,1765
10000,60,8941.0,763,76.3,1059,8941
20000,60,17875.0,997,99.7,2125,17875
40000,60,35876.0,1276,127.6,4124,35876
60000,60,53850.0,1465,146.5,6150,53850
80000,60,71796.0,1862,186.2,8204,71796
100000,60,89763.0,1956,195.6,10237,89763
2,61,2.0,1,0.1,0,2
3,61,3.0,2,0.2,0,3
100,61,88.0,47,4.7,12,88
200,61,180.0,77,7.7,20,180
2000,61,1769.0,409,40.9,231,1769
10000,61,8890.0,961,96.1,1110,8890
20000,61,17869.0,1262,126.2,2131,17869
40000,61,35904.0,1410,141.0,4096,35904
60000,61,53958.0,1460,146.0,6042,53958
80000,61,71999.0,1542,154.2,8001,71999
100000,61,89931.0,1627,162.7,10069,89931
2,62,2.0,1,0.1,0,2
3,62,3.0,2,0.2,0,3
100,62,88.0,45,4.5,12,88
200,62,171.0,82,8.2,29,171
2000,62,1751.0,346,34.6,249,1751
10000,62,8898.0,678,67.8,1102,8898
20000,62,17864.0,941,94.1,2136,17864
40000,62,35830.0,1145,114.5,4170,35830
60000,62,53815.0,1355,135.5,6185,53815
80000,62,71831.0,1654,165.4,8169,71831
100000,62,89797.0,1780,178.0,10203,89797
2,63,2.0,1,0.1,0,2
3,63,3.0,2,0.2,0,3
100,63,86.0,38,3.8,14,86
200,63,165.0,69,6.9,35,165
2000,63,1714.0,367,36.7,286,1714
10000,63,8894.0,659,65.9,1106,8894
20000,63,17916.0,857,85.7,2084,17916
40000,63,35887.0,1067,106.7,4113,35887
60000,63,53852.0,1278,127.8,6148,53852
80000,63,71857.0,1330,133.0,8143,71857
100000,63,89880.0,1354,135.4,10120,89880
2,64,1.0,1,0.1,1,1
3,64,2.0,1,0.1,1,2
100,64,89.0,35,3.5,11,89
200,64,181.0,72,7.2,19,181
2000,64,1792.0,337,33.7,208,1792
10000,64,8933.0,870,87.0,1067,8933
20000,64,17896.0,1093,109.3,2104,17896
40000,64,35903.0,1188,118.8,4097,35903
60000,64,53818.0,1470,147.0,6182,53818
80000,64,71809.0,1550,155.0,8191,71809
100000,64,89869.0,1563,156.3,10131,89869
2,65,2.0,1,0.1,0,2
3,65,3.0,2,0.2,0,3
100,65,84.0,26,2.6,16,84
200,65,168.0,65,6.5,32,168
2000,65,1757.0,432,43.2,243,1757
10000,65,8897.0,1186,118.6,1103,8897
20000,65,17860.0,1476,147.6,2140,17860
40000,65,35846.0,2023,202.3,4154,35846
60000,65,53810.0,2275,227.5,6190,53810
80000,65,71832.0,2487,248.7,8168,71832
100000,65,89826.0,2553,255.3,10174,89826
2,66,2.0,1,0.1,0,2
3,66,3.0,2,0.2,0,3
100,66,86.0,46,4.6,14,86
200,66,174.0,88,8.8,26,174
2000,66,1762.0,458,45.8,238,1762
10000,66,8901.0,1139,113.9,1099,8901
20000,66,17870.0,1463,146.3,2130,17870
40000,66,35893.0,1652,165.2,4107,35893
60000,66,53806.0,1915,191.5,6194,53806
80000,66,71798.0,2006,200.6,8202,71798
100000,66,89862.0,2099,209.9,10138,89862
2,67,2.0,1,0.1,0,2
3,67,2.0,2,0.2,1,2
100,67,90.0,30,3.0,10,90
200,67,178.0,53,5.3,22,178
2000,67,1767.0,335,33.5,233,1767
10000,67,8942.0,817,81.7,1058,8942
20000,67,17875.0,1237,123.7,2125,17875
40000,67,35841.0,1695,169.5,4159,35841
60000,67,53918.0,1795,179.5,6082,53918
80000,67,71940.0,1964,196.4,8060,71940
100000,67,89873.0,2080,208.0,10127,89873
2,68,2.0,1,0.1,0,2
3,68,3.0,2,0.2,0,3
100,68,87.0,30,3.0,13,87
200,68,168.0,80,8.0,32,168
2000,68,1730.0,378,37.8,270,1730
10000,68,8939.0,760,76.0,1061,8939
20000,68,17935.0,901,90.1,2065,17935
40000,68,35912.0,1141,114.1,4088,35912
60000,68,53882.0,1387,138.7,6118,53882
80000,68,71926.0,1518,151.8,8074,71926
100000,68,89974.0,1555,155.5,10026,89974
2,69,2.0,1,0.1,0,2
3,69,3.0,2,0.2,0,3
100,69,90.0,26,2.6,10,90
200,69,178.0,68,6.8,22,178
2000,69,1741.0,394,39.4,259,1741
10000,69,8906.0,938,93.8,1094,8906
20000,69,17869.0,1252,125.2,2131,17869
40000,69,35900.0,1435,143.5,4100,35900
60000,69,53808.0,1516,151.6,6192,53808
80000,69,71717.0,1580,158.0,8283,71717
100000,69,89692.0,1675,167.5,10308,89692
2,70,2.0,1,0.1,0,2
3,70,3.0,2,0.2,0,3
100,70,90.0,47,4.7,10,90
200,70,175.0,89,8.9,25,175
2000,70,1775.0,495,49.5,225,1775
10000,70,8935.0,1066,106.6,1065,8935
20000,70,17872.0,1496,149.6,2128,17872
40000,70,35822.0,1826,182.6,4178,35822
60000,70,53811.0,1986,198.6,6189,53811
80000,70,71845.0,2032,203.2,8155,71845
100000,70,89769.0,2093,209.3,10231,89769
2,71,2.0,1,0.1,0,2
3,71,3.0,2,0.2,0,3
100,71,84.0,33,3.3,16,84
200,71,169.0,73,7.3,31,169
2000,71,1746.0,454,45.4,254,1746
10000,71,8913.0,739,73.9,1087,8913
20000,71,17901.0,903,90.3,2099,17901
40000,71,35849.0,1183,118.3,4151,35849
60000,71,53899.0,1249,124.9,6101,53899
80000,71,71899.0,1425,142.5,8101,71899
100000,71,89847.0,1456,145.6,10153,89847
2,72,2.0,1,0.1,0,2
3,72,3.0,2,0.2,0,3
100,72,87.0,35,3.5,13,87
200,72,171.0,65,6.5,29,171
2000,72,1777.0,290,29.0,223,1777
10000,72,8892.0,756,75.6,1108,8892
20000,72,17870.0,863,86.3,2130,17870
40000,72,35800.0,1104,110.4,4200,35800
60000,72,53803.0,1237,123.7,6197,53803
80000,72,71842.0,1272,127.2,8158,71842
100000,72,89961.0,1291,129.1,10039,89961
2,73,2.0,1,0.1,0,2
3,73,3.0,2,0.2,0,3
100,73,96.0,56,5.6,4,96
200,73,180.0,94,9.4,20,180
2000,73,1784.0,334,33.4,216,1784
10000,73,8917.0,933,93.3,1083,8917
20000,73,17853.0,1100,110.0,2147,17853
40000,73,35943.0,1221,122.1,4057,35943
60000,73,54000.0,1453,145.3,6000,54000
80000,73,71926.0,1612,161.2,8074,71926
100000,73,89997.0,1641,164.1,10003,89997
2,74,2.0,1,0.1,0,2
3,74,3.0,2,0.2,0,3
100,74,83.0,47,4.7,17,83
200,74,167.0,72,7.2,33,167
2000,74,1760.0,302,30.2,240,1760
10000,74,8964.0,583,58.3,1036,8964
20000,74,17955.0,798,79.8,2045,17955
40000,74,35936.0,864,86.4,4064,35936
60000,74,53995.0,915,91.5,6005,53995
80000,74,71963.0,1005,100.5,8037,71963
100000,74,89933.0,1075,107.5,10067,89933
2,75,2.0,1,0.1,0,2
3,75,3.0,2,0.2,0,3
100,75,87.0,33,3.3,13,87
200,75,176.0,64,6.4,24,176
2000,75,1771.0,362,36.2,229,1771
10000,75,8919.0,658,65.8,1081,8919
20000,75,17897.0,987,98.7,2103,17897
40000,75,35840.0,1236,123.6,4160,35840
60000,75,53805.0,1298,129.8,6195,53805
80000,75,71768.0,1464,146.4,8232,71768
100000,75,89827.0,1554,155.4,10173,89827
2,76,2.0,1,0.1,0,2
3,76,3.0,2,0.2,0,3
100,76,87.0,44,4.4,13,87
200,76,171.0,72,7.2,29,171
2000,76,1753.0,453,45.3,247,1753
10000,76,8863.0,1188,118.8,1137,8863
20000,76,17751.0,1515,151.5,2249,17751
40000,76,35701.0,1902,190.2,4299,35701
60000,76,53769.0,2007,200.7,6231,53769
80000,76,71717.0,2134,213.4,8283,71717
100000,76,89641.0,2274,227.4,10359,89641
2,77,2.0,1,0.1,0,2
3,77,3.0,2,0.2,0,3
100,77,87.0,27,2.7,13,87
200,77,172.0,69,6.9,28,172
2000,77,1755.0,493,49.3,245,1755
10000,77,8930.0,926,92.6,1070,8930
20000,77,17865.0,1133,113.3,2135,17865
40000,77,35844.0,1645,164.5,4156,35844
60000,77,53777.0,1904,190.4,6223,53777
80000,77,71750.0,1973,197.3,8250,71750
100000,77,89817.0,2098,209.8,10183,89817
2,78,1.0,1,0.1,1,1
3,78,2.0,1,0.1,1,2
100,78,83.0,37,3.7,17,83
200,78,175.0,71,7.1,25,175
2000,78,1768.0,414,41.4,232,1768
10000,78,8910.0,846,84.6,1090,8910
20000,78,17885.0,1105,110.5,2115,17885
40000,78,35825.0,1392,139.2,4175,35825
60000,78,53822.0,1569,156.9,6178,53822
80000,78,71746.0,1661,166.1,8254,71746
100000,78,89730.0,1713,171.3,10270,89730
2,79,2.0,1,0.1,0,2
3,79,3.0,2,0.2,0,3
100,79,82.0,32,3.2,18,82
200,79,174.0,59,5.9,26,174
2000,79,1740.0,336,33.6,260,1740
10000,79,8882.0,934,93.4,1118,8882
20000,79,17871.0,993,99.3,2129,17871
40000,79,35900.0,1252,125.2,4100,35900
60000,79,53860.0,1348,134.8,6140,53860
80000,79,71876.0,1477,147.7,8124,71876
100000,79,89858.0,1486,148.6,10142,89858
2,80,2.0,1,0.1,0,2
3,80,3.0,2,0.2,0,3
100,80,84.0,32,3.2,16,84
200,80,174.0,48,4.8,26,174
2000,80,1778.0,319,31.9,222,1778
10000,80,8971.0,983,98.3,1029,8971
20000,80,17968.0,1218,121.8,2032,17968
40000,80,35961.0,1392,139.2,4039,35961
60000,80,53890.0,1523,152.3,6110,53890
80000,80,71810.0,1738,173.8,8190,71810
100000,80,89828.0,1810,181.0,10172,89828
2,81,2.0,1,0.1,0,2
3,81,3.0,2,0.2,0,3
100,81,83.0,37,3.7,17,83
200,81,177.0,94,9.4,23,177
2000,81,1733.0,429,42.9,267,1733
10000,81,8883.0,931,93.1,1117,8883
20000,81,17798.0,1187,118.7,2202,17798
40000,81,35802.0,1307,130.7,4198,35802
60000,81,53770.0,1404,140.4,6230,53770
80000,81,71769.0,1567,156.7,8231,71769
100000,81,89858.0,1603,160.3,10142,89858
2,82,1.0,1,0.1,1,1
3,82,2.0,2,0.2,1,2
100,82,89.0,52,5.2,11,89
200,82,171.0,94,9.4,29,171
2000,82,1765.0,462,46.2,235,1765
10000,82,8878.0,910,91.0,1122,8878
20000,82,17885.0,1104,110.4,2115,17885
40000,82,35891.0,1329,132.9,4109,35891
60000,82,53850.0,1623,162.3,6150,53850
80000,82,71865.0,1703,170.3,8135,71865
100000,82,89822.0,1756,175.6,10178,89822
2,83,2.0,1,0.1,0,2
3,83,3.0,2,0.2,0,3
100,83,88.0,57,5.7,12,88
200,83,176.0,90,9.0,24,176
2000,83,1770.0,520,52.0,230,1770
10000,83,8926.0,1224,122.4,1074,8926
20000,83,17918.0,1475,147.5,2082,17918
40000,83,35930.0,1726,172.6,4070,35930
60000,83,53914.0,1852,185.2,6086,53914
80000,83,71898.0,1921,192.1,8102,71898
100000,83,89901.0,2071,207.1,10099,89901
2,84,2.0,1,0.1,0,2
3,84,3.0,2,0.2,0,3
100,84,84.0,60,6.0,16,84
200,84,174.0,100,10.0,26,174
2000,84,1747.0,592,59.2,253,1747
10000,84,8875.0,942,94.2,1125,8875
20000,84,17903.0,1123,112.3,2097,17903
40000,84,35988.0,1186,118.6,4012,35988
60000,84,53909.0,1419,141.9,6091,53909
80000,84,71875.0,1462,146.2,8125,71875
100000,84,89922.0,1491,149.1,10078,89922
2,85,2.0,1,0.1,0,2
3,85,3.0,2,0.2,0,3
100,85,87.0,56,5.6,13,87
200,85,179.0,105,10.5,21,179
2000,85,1773.0,427,42.7,227,1773
10000,85,8977.0,789,78.9,1023,8977
20000,85,17964.0,1007,100.7,2036,17964
40000,85,35929.0,1128,112.8,4071,35929
60000,85,53926.0,1253,125.3,6074,53926
80000,85,71948.0,1347,134.7,8052,71948
100000,85,90002.0,1371,137.1,9998,90002
2,86,1.0,1,0.1,1,1
3,86,2.0,1,0.1,1,2
100,86,88.0,39,3.9,12,88
200,86,178.0,68,6.8,22,178
2000,86,1749.0,456,45.6,251,1749
10000,86,8890.0,1050,105.0,1110,8890
20000,86,17833.0,1359,135.9,2167,17833
40000,86,35847.0,1536,153.6,4153,35847
60000,86,53888.0,1616,161.6,6112,53888
80000,86,71848.0,1649,164.9,8152,71848
100000,86,89799.0,1736,173.6,10201,89799
2,87,2.0,1,0.1,0,2
3,87,3.0,2,0.2,0,3
100,87,90.0,47,4.7,10,90
200,87,177.0,75,7.5,23,177
2000,87,1765.0,457,45.7,235,1765
10000,87,8839.0,1175,117.5,1161,8839
20000,87,17842.0,1330,133.0,2158,17842
40000,87,35867.0,1598,159.8,4133,35867
60000,87,53842.0,1763,176.3,6158,53842
80000,87,71780.0,1889,188.9,8220,71780
100000,87,89813.0,1948,194.8,10187,89813
2,88,1.0,1,0.1,1,1
3,88,2.0,2,0.2,1,2
100,88,86.0,35,3.5,14,86
200,88,170.0,59,5.9,30,170
2000,88,1786.0,262,26.2,214,1786
10000,88,8984.0,677,67.7,1016,8984
20000,88,17978.0,811,81.1,2022,17978
40000,88,36015.0,952,95.2,3985,36015
60000,88,54046.0,1059,105.9,5954,54046
80000,88,72078.0,1092,109.2,7922,72078
100000,88,90085.0,1188,118.8,9915,90085
2,89,1.0,1,0.1,1,1
3,89,2.0,2,0.2,1,2
100,89,89.0,43,4.3,11,89
200,89,172.0,66,6.6,28,172
2000,89,1763.0,426,42.6,237,1763
10000,89,8934.0,964,96.4,1066,8934
20000,89,17868.0,1258,125.8,2132,17868
40000,89,35782.0,1440,144.0,4218,35782
60000,89,53753.0,1592,159.2,6247,53753
80000,89,71651.0,1866,186.6,8349,71651
100000,89,89646.0,1916,191.6,10354,89646
2,90,1.0,1,0.1,1,1
3,90,2.0,1,0.1,1,2
100,90,86.0,34,3.4,14,86
200,90,172.0,75,7.5,28,172
2000,90,1770.0,299,29.9,230,1770
10000,90,8895.0,829,82.9,1105,8895
20000,90,17921.0,990,99.0,2079,17921
40000,90,35908.0,1309,130.9,4092,35908
60000,90,53850.0,1427,142.7,6150,53850
80000,90,71816.0,1690,169.0,8184,71816
100000,90,89818.0,1739,173.9,10182,89818
2,91,2.0,1,0.1,0,2
3,91,3.0,2,0.2,0,3
100,91,86.0,38,3.8,14,86
200,91,171.0,57,5.7,29,171
2000,91,1765.0,454,45.4,235,1765
10000,91,8934.0,1139,113.9,1066,8934
20000,91,17910.0,1491,149.1,2090,17910
40000,91,35877.0,1909,190.9,4123,35877
60000,91,53871.0,2163,216.3,6129,53871
80000,91,71807.0,2261,226.1,8193,71807
100000,91,89783.0,2310,231.0,10217,89783
2,92,2.0,1,0.1,0,2
3,92,3.0,2,0.2,0,3
100,92,92.0,36,3.6,8,92
200,92,181.0,62,6.2,19,181
2000,92,1777.0,372,37.2,223,1777
10000,92,8914.0,856,85.6,1086,8914
20000,92,17906.0,1059,105.9,2094,17906
40000,92,35942.0,1262,126.2,4058,35942
60000,92,53977.0,1561,156.1,6023,53977
80000,92,71934.0,1627,162.7,8066,71934
100000,92,89995.0,1665,166.5,10005,89995
2,93,1.0,1,0.1,1,1
3,93,2.0,1,0.1,1,2
100,93,80.0,34,3.4,20,80
200,93,169.0,74,7.4,31,169
2000,93,1743.0,432,43.2,257,1743
10000,93,8948.0,797,79.7,1052,8948
20000,93,17896.0,1188,118.8,2104,17896
40000,93,35935.0,1293,129.3,4065,35935
60000,93,53897.0,1468,146.8,6103,53897
80000,93,71893.0,1527,152.7,8107,71893
100000,93,89893.0,1558,155.8,10107,89893
2,94,2.0,1,0.1,0,2
3,94,3.0,2,0.2,0,3
100,94,91.0,43,4.3,9,91
200,94,171.0,81,8.1,29,171
2000,94,1755.0,377,37.7,245,1755
10000,94,8892.0,1122,112.2,1108,8892
20000,94,17843.0,1396,139.6,2157,17843
40000,94,35828.0,1497,149.7,4172,35828
60000,94,53792.0,1810,181.0,6208,53792
80000,94,71720.0,1924,192.4,8280,71720
100000,94,89764.0,1943,194.3,10236,89764
2,95,2.0,1,0.1,0,2
3,95,3.0,2,0.2,0,3
100,95,82.0,34,3.4,18,82
200,95,168.0,72,7.2,32,168
2000,95,1764.0,354,35.4,236,1764
10000,95,8931.0,851,85.1,1069,8931
20000,95,17919.0,1020,102.0,2081,17919
40000,95,35829.0,1244,124.4,4171,35829
60000,95,53815.0,1365,136.5,6185,53815
80000,95,71756.0,1446,144.6,8244,71756
100000,95,89764.0,1508,150.8,10236,89764
2,96,2.0,1,0.1,0,2
3,96,3.0,2,0.2,0,3
100,96,89.0,39,3.9,11,89
200,96,178.0,70,7.0,22,178
2000,96,1750.0,539,53.9,250,1750
10000,96,8927.0,858,85.8,1073,8927
20000,96,17876.0,981,98.1,2124,17876
40000,96,35840.0,1159,115.9,4160,35840
60000,96,53812.0,1319,131.9,6188,53812
80000,96,71809.0,1381,138.1,8191,71809
100000,96,89796.0,1455,145.5,10204,89796
2,97,2.0,1,0.1,0,2
3,97,3.0,2,0.2,0,3
100,97,84.0,42,4.2,16,84
200,97,170.0,65,6.5,30,170
2000,97,1749.0,254,25.4,251,1749
10000,97,8927.0,582,58.2,1073,8927
20000,97,17913.0,808,80.8,2087,17913
40000,97,35994.0,881,88.1,4006,35994
60000,97,54018.0,935,93.5,5982,54018
80000,97,72019.0,1016,101.6,7981,72019
100000,97,90014.0,1153,115.3,9986,90014
2,98,2.0,1,0.1,0,2
3,98,2.0,2,0.2,1,2
100,98,84.0,42,4.2,16,84
200,98,174.0,61,6.1,26,174
2000,98,1774.0,333,33.3,226,1774
10000,98,8955.0,807,80.7,1045,8955
20000,98,17925.0,1044,104.4,2075,17925
40000,98,35905.0,1406,140.6,4095,35905
60000,98,53853.0,1662,166.2,6147,53853
80000,98,71919.0,1839,183.9,8081,71919
100000,98,89935.0,1914,191.4,10065,89935
2,99,2.0,1,0.1,0,2
3,99,2.0,2,0.2,1,2
100,99,88.0,29,2.9,12,88
200,99,172.0,73,7.3,28,172
2000,99,1758.0,356,35.6,242,1758
10000,99,8926.0,809,80.9,1074,8926
20000,99,17894.0,1245,124.5,2106,17894
40000,99,35850.0,1449,144.9,4150,35850
60000,99,53855.0,1617,161.7,6145,53855
80000,99,71816.0,1873,187.3,8184,71816
100000,99,89794.0,1950,195.0,10206,89794
2,100,2.0,1,0.1,0,2
3,100,2.0,2,0.2,1,2
100,100,89.0,39,3.9,11,89
200,100,177.0,66,6.6,23,177
2000,100,1769.0,338,33.8,231,1769
10000,100,8943.0,640,64.0,1057,8943
20000,100,17925.0,801,80.1,2075,17925
40000,100,35859.0,1094,109.4,4141,35859
60000,100,53765.0,1149,114.9,6235,53765
80000,100,71735.0,1237,123.7,8265,71735
100000,100,89705.0,1285,128.5,10295,89705
