Timestep,Iteration,Total Reward,Suboptimal Arms,Total Regret,Zeros Count,Ones Count
2,1,2.0,1,0.01,0,2
3,1,3.0,1,0.01,0,3
100,1,51.0,41,0.21,49,51
200,1,99.0,75,0.38,101,99
2000,1,991.0,664,3.32,1009,991
10000,1,4927.0,3126,15.63,5073,4927
20000,1,9956.0,7131,35.66,10044,9956
40000,1,19899.0,15820,79.1,20101,19899
60000,1,29755.0,23933,119.67,30245,29755
80000,1,39703.0,29373,146.87,40297,39703
100000,1,49737.0,33125,165.63,50263,49737
2,2,0.0,1,0.01,2,0
3,2,0.0,1,0.01,3,0
100,2,48.0,39,0.2,52,48
200,2,102.0,85,0.43,98,102
2000,2,982.0,755,3.78,1018,982
10000,2,4975.0,4259,21.3,5025,4975
20000,2,10052.0,7574,37.87,9948,10052
40000,2,19953.0,15055,75.28,20047,19953
60000,2,29999.0,25202,126.01,30001,29999
80000,2,39977.0,33987,169.94,40023,39977
100000,2,49932.0,39693,198.47,50068,49932
2,3,1.0,1,0.01,1,1
3,3,2.0,2,0.01,1,2
100,3,56.0,44,0.22,44,56
200,3,110.0,90,0.45,90,110
2000,3,1030.0,997,4.99,970,1030
10000,3,4984.0,4636,23.18,5016,4984
20000,3,9921.0,10343,51.72,10079,9921
40000,3,19926.0,19174,95.87,20074,19926
60000,3,30022.0,24984,124.92,29978,30022
80000,3,39867.0,31568,157.84,40133,39867
100000,3,49841.0,37511,187.56,50159,49841
2,4,2.0,1,0.01,0,2
3,4,2.0,1,0.01,1,2
100,4,43.0,62,0.31,57,43
200,4,100.0,127,0.64,100,100
2000,4,985.0,1067,5.34,1015,985
10000,4,4956.0,4252,21.26,5044,4956
20000,4,9879.0,7352,36.76,10121,9879
40000,4,19915.0,18002,90.01,20085,19915
60000,4,29861.0,27404,137.02,30139,29861
80000,4,39836.0,34475,172.38,40164,39836
100000,4,49817.0,41382,206.91,50183,49817
2,5,1.0,1,0.01,1,1
3,5,1.0,1,0.01,2,1
100,5,46.0,42,0.21,54,46
200,5,86.0,92,0.46,114,86
2000,5,991.0,979,4.9,1009,991
10000,5,5005.0,4508,22.54,4995,5005
20000,5,10013.0,9371,46.86,9987,10013
40000,5,19860.0,17012,85.06,20140,19860
60000,5,29766.0,28600,143.0,30234,29766
80000,5,39733.0,36801,184.01,40267,39733
100000,5,49702.0,42781,213.91,50298,49702
2,6,1.0,1,0.01,1,1
3,6,1.0,2,0.01,2,1
100,6,51.0,59,0.3,49,51
200,6,107.0,135,0.68,93,107
2000,6,1008.0,1117,5.59,992,1008
10000,6,5005.0,3661,18.31,4995,5005
20000,6,9945.0,8564,42.82,10055,9945
40000,6,19881.0,15907,79.54,20119,19881
60000,6,29887.0,22539,112.7,30113,29887
80000,6,39869.0,27780,138.9,40131,39869
100000,6,49766.0,33200,166.0,50234,49766
2,7,2.0,1,0.01,0,2
3,7,2.0,1,0.01,1,2
100,7,49.0,32,0.16,51,49
200,7,94.0,81,0.41,106,94
2000,7,1009.0,1235,6.18,991,1009
10000,7,5096.0,5960,29.8,4904,5096
20000,7,10061.0,9821,49.11,9939,10061
40000,7,19993.0,19126,95.63,20007,19993
60000,7,29918.0,29660,148.3,30082,29918
80000,7,39761.0,39827,199.14,40239,39761
100000,7,49747.0,46962,234.81,50253,49747
2,8,2.0,1,0.01,0,2
3,8,3.0,1,0.01,0,3
100,8,51.0,52,0.26,49,51
200,8,97.0,108,0.54,103,97
2000,8,982.0,736,3.68,1018,982
10000,8,5031.0,2813,14.07,4969,5031
20000,8,10020.0,5588,27.94,9980,10020
40000,8,20103.0,11506,57.53,19897,20103
60000,8,29985.0,19184,95.92,30015,29985
80000,8,39788.0,28604,143.02,40212,39788
100000,8,49848.0,30754,153.77,50152,49848
2,9,1.0,1,0.01,1,1
3,9,2.0,1,0.01,1,2
100,9,58.0,26,0.13,42,58
200,9,112.0,57,0.29,88,112
2000,9,1037.0,831,4.16,963,1037
10000,9,5059.0,4571,22.86,4941,5059
20000,9,10109.0,9985,49.93,9891,10109
40000,9,20105.0,19012,95.06,19895,20105
60000,9,30034.0,25977,129.89,29966,30034
80000,9,40007.0,37551,187.76,39993,40007
100000,9,50038.0,44764,223.82,49962,50038
2,10,0.0,1,0.01,2,0
3,10,0.0,1,0.01,3,0
100,10,60.0,71,0.36,40,60
200,10,114.0,132,0.66,86,114
2000,10,1038.0,1266,6.33,962,1038
10000,10,4985.0,4911,24.56,5015,4985
20000,10,10003.0,9653,48.27,9997,10003
40000,10,19842.0,18709,93.55,20158,19842
60000,10,29854.0,27697,138.49,30146,29854
80000,10,40054.0,28392,141.96,39946,40054
100000,10,50072.0,36958,184.79,49928,50072
2,11,1.0,1,0.01,1,1
3,11,1.0,2,0.01,2,1
100,11,53.0,40,0.2,47,53
200,11,103.0,82,0.41,97,103
2000,11,983.0,559,2.8,1017,983
10000,11,4930.0,3909,19.55,5070,4930
20000,11,9887.0,7695,38.48,10113,9887
40000,11,19935.0,18973,94.87,20065,19935
60000,11,29831.0,26346,131.73,30169,29831
80000,11,39709.0,32560,162.8,40291,39709
100000,11,49733.0,36290,181.45,50267,49733
2,12,1.0,1,0.01,1,1
3,12,2.0,1,0.01,1,2
100,12,47.0,46,0.23,53,47
200,12,94.0,112,0.56,106,94
2000,12,1015.0,754,3.77,985,1015
10000,12,4991.0,3581,17.91,5009,4991
20000,12,10002.0,6537,32.69,9998,10002
40000,12,19997.0,14078,70.39,20003,19997
60000,12,30022.0,19582,97.91,29978,30022
80000,12,40094.0,27658,138.29,39906,40094
100000,12,50070.0,33059,165.3,49930,50070
2,13,2.0,1,0.01,0,2
3,13,2.0,1,0.01,1,2
100,13,56.0,40,0.2,44,56
200,13,103.0,83,0.42,97,103
2000,13,1009.0,772,3.86,991,1009
10000,13,4977.0,4867,24.34,5023,4977
20000,13,9966.0,9711,48.56,10034,9966
40000,13,19901.0,18023,90.12,20099,19901
60000,13,29908.0,31459,157.3,30092,29908
80000,13,39968.0,46244,231.22,40032,39968
100000,13,49868.0,55193,275.97,50132,49868
2,14,0.0,1,0.01,2,0
3,14,0.0,1,0.01,3,0
100,14,50.0,59,0.3,50,50
200,14,96.0,122,0.61,104,96
2000,14,988.0,1129,5.65,1012,988
10000,14,4978.0,3727,18.64,5022,4978
20000,14,9939.0,8386,41.93,10061,9939
40000,14,19894.0,19137,95.69,20106,19894
60000,14,29793.0,24334,121.67,30207,29793
80000,14,39803.0,31875,159.38,40197,39803
100000,14,49722.0,39025,195.13,50278,49722
2,15,2.0,1,0.01,0,2
3,15,2.0,1,0.01,1,2
100,15,46.0,49,0.25,54,46
200,15,96.0,107,0.54,104,96
2000,15,975.0,909,4.55,1025,975
10000,15,4998.0,2376,11.88,5002,4998
20000,15,9924.0,7341,36.71,10076,9924
40000,15,19924.0,16816,84.08,20076,19924
60000,15,29839.0,22473,112.37,30161,29839
80000,15,39877.0,27431,137.16,40123,39877
100000,15,49896.0,32820,164.1,50104,49896
2,16,2.0,1,0.01,0,2
3,16,3.0,1,0.01,0,3
100,16,56.0,51,0.26,44,56
200,16,104.0,117,0.59,96,104
2000,16,1019.0,1041,5.21,981,1019
10000,16,5042.0,5151,25.76,4958,5042
20000,16,10071.0,8991,44.96,9929,10071
40000,16,20002.0,15442,77.21,19998,20002
60000,16,30078.0,23090,115.45,29922,30078
80000,16,40058.0,29079,145.4,39942,40058
100000,16,49971.0,35921,179.61,50029,49971
2,17,1.0,1,0.01,1,1
3,17,2.0,1,0.01,1,2
100,17,60.0,57,0.29,40,60
200,17,107.0,113,0.57,93,107
2000,17,1038.0,821,4.11,962,1038
10000,17,5013.0,5099,25.5,4987,5013
20000,17,10009.0,8626,43.13,9991,10009
40000,17,19901.0,14855,74.28,20099,19901
60000,17,29940.0,19589,97.95,30060,29940
80000,17,39934.0,22206,111.03,40066,39934
100000,17,49786.0,26018,130.09,50214,49786
2,18,1.0,1,0.01,1,1
3,18,1.0,2,0.01,2,1
100,18,38.0,41,0.21,62,38
200,18,85.0,79,0.4,115,85
2000,18,956.0,948,4.74,1044,956
10000,18,4966.0,4759,23.8,5034,4966
20000,18,9998.0,9166,45.83,10002,9998
40000,18,19908.0,18061,90.31,20092,19908
60000,18,29782.0,28507,142.54,30218,29782
80000,18,39701.0,42343,211.72,40299,39701
100000,18,49616.0,47213,236.07,50384,49616
2,19,1.0,1,0.01,1,1
3,19,1.0,1,0.01,2,1
100,19,49.0,55,0.28,51,49
200,19,110.0,130,0.65,90,110
2000,19,991.0,1158,5.79,1009,991
10000,19,5004.0,5430,27.15,4996,5004
20000,19,9997.0,7519,37.6,10003,9997
40000,19,20080.0,14385,71.93,19920,20080
60000,19,30029.0,21804,109.02,29971,30029
80000,19,39942.0,28342,141.71,40058,39942
100000,19,49844.0,37346,186.73,50156,49844
2,20,1.0,1,0.01,1,1
3,20,1.0,2,0.01,2,1
100,20,51.0,20,0.1,49,51
200,20,97.0,67,0.34,103,97
2000,20,985.0,1044,5.22,1015,985
10000,20,4913.0,4609,23.05,5087,4913
20000,20,9905.0,8165,40.83,10095,9905
40000,20,19907.0,16567,82.84,20093,19907
60000,20,29889.0,25022,125.11,30111,29889
80000,20,39774.0,36731,183.66,40226,39774
100000,20,49731.0,48519,242.6,50269,49731
2,21,0.0,1,0.01,2,0
3,21,0.0,1,0.01,3,0
100,21,51.0,51,0.26,49,51
200,21,92.0,99,0.5,108,92
2000,21,975.0,944,4.72,1025,975
10000,21,4910.0,4697,23.49,5090,4910
20000,21,9906.0,8444,42.22,10094,9906
40000,21,19961.0,14789,73.95,20039,19961
60000,21,30159.0,32212,161.06,29841,30159
80000,21,40047.0,40442,202.21,39953,40047
100000,21,49935.0,48997,244.99,50065,49935
2,22,0.0,1,0.01,2,0
3,22,1.0,1,0.01,2,1
100,22,47.0,48,0.24,53,47
200,22,94.0,94,0.47,106,94
2000,22,1004.0,901,4.51,996,1004
10000,22,4949.0,4053,20.27,5051,4949
20000,22,9993.0,11236,56.18,10007,9993
40000,22,19874.0,21649,108.25,20126,19874
60000,22,29711.0,32010,160.05,30289,29711
80000,22,39737.0,37850,189.25,40263,39737
100000,22,49785.0,41477,207.39,50215,49785
2,23,2.0,1,0.01,0,2
3,23,3.0,1,0.01,0,3
100,23,40.0,44,0.22,60,40
200,23,80.0,105,0.53,120,80
2000,23,970.0,873,4.37,1030,970
10000,23,4934.0,3594,17.97,5066,4934
20000,23,9952.0,6791,33.96,10048,9952
40000,23,19937.0,10584,52.92,20063,19937
60000,23,29716.0,16418,82.09,30284,29716
80000,23,39629.0,20086,100.43,40371,39629
100000,23,49654.0,28428,142.14,50346,49654
2,24,2.0,1,0.01,0,2
3,24,3.0,1,0.01,0,3
100,24,42.0,43,0.22,58,42
200,24,94.0,90,0.45,106,94
2000,24,998.0,1172,5.86,1002,998
10000,24,4981.0,5333,26.67,5019,4981
20000,24,9934.0,12022,60.11,10066,9934
40000,24,19904.0,23643,118.22,20096,19904
60000,24,29877.0,36409,182.05,30123,29877
80000,24,39833.0,47376,236.88,40167,39833
100000,24,49918.0,52487,262.44,50082,49918
2,25,1.0,1,0.01,1,1
3,25,1.0,2,0.01,2,1
100,25,44.0,50,0.25,56,44
200,25,90.0,106,0.53,110,90
2000,25,1019.0,1109,5.55,981,1019
10000,25,4993.0,4722,23.61,5007,4993
20000,25,9929.0,8290,41.45,10071,9929
40000,25,19803.0,16780,83.9,20197,19803
60000,25,29770.0,22826,114.13,30230,29770
80000,25,39694.0,30132,150.66,40306,39694
100000,25,49734.0,38893,194.47,50266,49734
2,26,0.0,1,0.01,2,0
3,26,0.0,1,0.01,3,0
100,26,51.0,63,0.32,49,51
200,26,94.0,123,0.62,106,94
2000,26,1011.0,978,4.89,989,1011
10000,26,5017.0,5059,25.3,4983,5017
20000,26,10026.0,9425,47.13,9974,10026
40000,26,19909.0,16163,80.82,20091,19909
60000,26,29824.0,22769,113.85,30176,29824
80000,26,39820.0,26190,130.95,40180,39820
100000,26,49799.0,31321,156.61,50201,49799
2,27,1.0,1,0.01,1,1
3,27,2.0,2,0.01,1,2
100,27,41.0,65,0.33,59,41
200,27,93.0,111,0.56,107,93
2000,27,987.0,839,4.2,1013,987
10000,27,4989.0,5615,28.08,5011,4989
20000,27,9927.0,10520,52.6,10073,9927
40000,27,19861.0,17182,85.91,20139,19861
60000,27,29820.0,22032,110.16,30180,29820
80000,27,39702.0,29873,149.37,40298,39702
100000,27,49635.0,43538,217.69,50365,49635
2,28,0.0,1,0.01,2,0
3,28,0.0,1,0.01,3,0
100,28,60.0,56,0.28,40,60
200,28,105.0,112,0.56,95,105
2000,28,1006.0,1084,5.42,994,1006
10000,28,4966.0,4337,21.69,5034,4966
20000,28,9904.0,10235,51.18,10096,9904
40000,28,19881.0,17586,87.93,20119,19881
60000,28,29859.0,21526,107.63,30141,29859
80000,28,39768.0,33529,167.65,40232,39768
100000,28,49634.0,40725,203.63,50366,49634
2,29,0.0,1,0.01,2,0
3,29,1.0,1,0.01,2,1
100,29,46.0,71,0.36,54,46
200,29,97.0,133,0.67,103,97
2000,29,986.0,1175,5.88,1014,986
10000,29,5015.0,4046,20.23,4985,5015
20000,29,9998.0,7266,36.33,10002,9998
40000,29,19761.0,16303,81.52,20239,19761
60000,29,29823.0,19224,96.12,30177,29823
80000,29,39788.0,28644,143.22,40212,39788
100000,29,49789.0,39014,195.07,50211,49789
2,30,0.0,1,0.01,2,0
3,30,1.0,1,0.01,2,1
100,30,45.0,47,0.24,55,45
200,30,92.0,96,0.48,108,92
2000,30,982.0,885,4.43,1018,982
10000,30,4984.0,3901,19.51,5016,4984
20000,30,9904.0,8178,40.89,10096,9904
40000,30,19929.0,15445,77.23,20071,19929
60000,30,29950.0,22348,111.74,30050,29950
80000,30,39927.0,26385,131.93,40073,39927
100000,30,49873.0,31468,157.34,50127,49873
2,31,1.0,1,0.01,1,1
3,31,2.0,1,0.01,1,2
100,31,55.0,60,0.3,45,55
200,31,95.0,113,0.57,105,95
2000,31,952.0,1159,5.8,1048,952
10000,31,4967.0,4382,21.91,5033,4967
20000,31,9965.0,9279,46.4,10035,9965
40000,31,19892.0,21949,109.75,20108,19892
60000,31,29842.0,28923,144.62,30158,29842
80000,31,39859.0,38280,191.4,40141,39859
100000,31,49885.0,41992,209.96,50115,49885
2,32,2.0,1,0.01,0,2
3,32,2.0,1,0.01,1,2
100,32,53.0,67,0.34,47,53
200,32,97.0,133,0.67,103,97
2000,32,995.0,1464,7.32,1005,995
10000,32,4970.0,5294,26.47,5030,4970
20000,32,9934.0,10265,51.33,10066,9934
40000,32,19773.0,18606,93.03,20227,19773
60000,32,29724.0,24520,122.6,30276,29724
80000,32,39522.0,29365,146.83,40478,39522
100000,32,49491.0,45931,229.66,50509,49491
2,33,1.0,1,0.01,1,1
3,33,1.0,2,0.01,2,1
100,33,49.0,67,0.34,51,49
200,33,89.0,134,0.67,111,89
2000,33,980.0,1177,5.89,1020,980
10000,33,5040.0,3723,18.62,4960,5040
20000,33,10015.0,7843,39.22,9985,10015
40000,33,19996.0,14564,72.82,20004,19996
60000,33,29980.0,18337,91.69,30020,29980
80000,33,39945.0,27298,136.49,40055,39945
100000,33,50039.0,31403,157.02,49961,50039
2,34,1.0,1,0.01,1,1
3,34,1.0,1,0.01,2,1
100,34,44.0,44,0.22,56,44
200,34,82.0,90,0.45,118,82
2000,34,994.0,832,4.16,1006,994
10000,34,5011.0,5148,25.74,4989,5011
20000,34,10059.0,11418,57.09,9941,10059
40000,34,19904.0,21586,107.93,20096,19904
60000,34,29966.0,28399,142.0,30034,29966
80000,34,39922.0,33537,167.69,40078,39922
100000,34,49931.0,41110,205.55,50069,49931
2,35,2.0,1,0.01,0,2
3,35,3.0,1,0.01,0,3
100,35,52.0,46,0.23,48,52
200,35,104.0,76,0.38,96,104
2000,35,1032.0,741,3.71,968,1032
10000,35,5058.0,2662,13.31,4942,5058
20000,35,9990.0,6205,31.03,10010,9990
40000,35,20038.0,10349,51.75,19962,20038
60000,35,29935.0,17218,86.09,30065,29935
80000,35,39829.0,23822,119.11,40171,39829
100000,35,49833.0,31575,157.88,50167,49833
2,36,1.0,1,0.01,1,1
3,36,2.0,2,0.01,1,2
100,36,55.0,69,0.35,45,55
200,36,108.0,116,0.58,92,108
2000,36,1016.0,1091,5.46,984,1016
10000,36,4955.0,5665,28.33,5045,4955
20000,36,9934.0,9564,47.82,10066,9934
40000,36,19912.0,15654,78.27,20088,19912
60000,36,29788.0,21951,109.76,30212,29788
80000,36,39726.0,28071,140.36,40274,39726
100000,36,49679.0,33652,168.26,50321,49679
2,37,1.0,1,0.01,1,1
3,37,2.0,1,0.01,1,2
100,37,56.0,44,0.22,44,56
200,37,101.0,98,0.49,99,101
2000,37,986.0,699,3.5,1014,986
10000,37,4920.0,5900,29.5,5080,4920
20000,37,9915.0,10833,54.17,10085,9915
40000,37,19867.0,20213,101.07,20133,19867
60000,37,29877.0,28684,143.42,30123,29877
80000,37,39736.0,40253,201.27,40264,39736
100000,37,49759.0,48486,242.43,50241,49759
2,38,0.0,1,0.01,2,0
3,38,1.0,1,0.01,2,1
100,38,50.0,38,0.19,50,50
200,38,101.0,63,0.32,99,101
2000,38,1034.0,791,3.96,966,1034
10000,38,5020.0,4497,22.49,4980,5020
20000,38,10028.0,7518,37.59,9972,10028
40000,38,19978.0,15055,75.28,20022,19978
60000,38,29888.0,22546,112.73,30112,29888
80000,38,39787.0,33255,166.28,40213,39787
100000,38,49751.0,38736,193.68,50249,49751
2,39,1.0,1,0.01,1,1
3,39,2.0,2,0.01,1,2
100,39,50.0,52,0.26,50,50
200,39,94.0,110,0.55,106,94
2000,39,987.0,674,3.37,1013,987
10000,39,4928.0,4710,23.55,5072,4928
20000,39,9805.0,8790,43.95,10195,9805
40000,39,19664.0,18582,92.91,20336,19664
60000,39,29693.0,22648,113.24,30307,29693
80000,39,39698.0,25457,127.29,40302,39698
100000,39,49731.0,31999,160.0,50269,49731
2,40,2.0,1,0.01,0,2
3,40,3.0,1,0.01,0,3
100,40,50.0,44,0.22,50,50
200,40,96.0,95,0.48,104,96
2000,40,975.0,1200,6.0,1025,975
10000,40,4996.0,5982,29.91,5004,4996
20000,40,9907.0,10357,51.79,10093,9907
40000,40,19883.0,21951,109.76,20117,19883
60000,40,29675.0,29391,146.96,30325,29675
80000,40,39557.0,38515,192.58,40443,39557
100000,40,49572.0,42402,212.01,50428,49572
2,41,1.0,1,0.01,1,1
3,41,1.0,1,0.01,2,1
100,41,52.0,51,0.26,48,52
200,41,95.0,103,0.52,105,95
2000,41,975.0,905,4.53,1025,975
10000,41,4920.0,4798,23.99,5080,4920
20000,41,9907.0,9411,47.06,10093,9907
40000,41,19831.0,18823,94.12,20169,19831
60000,41,29775.0,23208,116.04,30225,29775
80000,41,39687.0,32632,163.16,40313,39687
100000,41,49588.0,39402,197.01,50412,49588
2,42,1.0,1,0.01,1,1
3,42,1.0,2,0.01,2,1
100,42,61.0,56,0.28,39,61
200,42,108.0,105,0.53,92,108
2000,42,993.0,910,4.55,1007,993
10000,42,4924.0,5219,26.1,5076,4924
20000,42,9894.0,9934,49.67,10106,9894
40000,42,19926.0,17490,87.45,20074,19926
60000,42,29825.0,24568,122.84,30175,29825
80000,42,39759.0,32567,162.84,40241,39759
100000,42,49865.0,35621,178.11,50135,49865
2,43,1.0,1,0.01,1,1
3,43,2.0,1,0.01,1,2
100,43,56.0,39,0.2,44,56
200,43,101.0,83,0.42,99,101
2000,43,953.0,888,4.44,1047,953
10000,43,5034.0,4372,21.86,4966,5034
20000,43,10035.0,9101,45.51,9965,10035
40000,43,19993.0,13604,68.02,20007,19993
60000,43,29976.0,20967,104.84,30024,29976
80000,43,39958.0,25512,127.56,40042,39958
100000,43,49938.0,30690,153.45,50062,49938
2,44,1.0,1,0.01,1,1
3,44,2.0,2,0.01,1,2
100,44,53.0,51,0.26,47,53
200,44,104.0,97,0.49,96,104
2000,44,994.0,741,3.71,1006,994
10000,44,4903.0,4220,21.1,5097,4903
20000,44,9841.0,7916,39.58,10159,9841
40000,44,19920.0,12105,60.53,20080,19920
60000,44,29936.0,22018,110.09,30064,29936
80000,44,39986.0,26300,131.5,40014,39986
100000,44,50028.0,30969,154.85,49972,50028
2,45,1.0,1,0.01,1,1
3,45,2.0,1,0.01,1,2
100,45,36.0,62,0.31,64,36
200,45,90.0,133,0.67,110,90
2000,45,1042.0,1066,5.33,958,1042
10000,45,4951.0,5267,26.34,5049,4951
20000,45,9984.0,9038,45.19,10016,9984
40000,45,19942.0,17054,85.27,20058,19942
60000,45,29959.0,22178,110.89,30041,29959
80000,45,39935.0,25282,126.41,40065,39935
100000,45,49878.0,29851,149.26,50122,49878
2,46,1.0,1,0.01,1,1
3,46,1.0,2,0.01,2,1
100,46,51.0,30,0.15,49,51
200,46,104.0,51,0.26,96,104
2000,46,984.0,716,3.58,1016,984
10000,46,5005.0,2363,11.82,4995,5005
20000,46,9969.0,4236,21.18,10031,9969
40000,46,19744.0,12875,64.38,20256,19744
60000,46,29749.0,23233,116.17,30251,29749
80000,46,39805.0,26856,134.28,40195,39805
100000,46,49836.0,32230,161.15,50164,49836
2,47,0.0,1,0.01,2,0
3,47,0.0,1,0.01,3,0
100,47,52.0,48,0.24,48,52
200,47,100.0,100,0.5,100,100
2000,47,1010.0,1311,6.56,990,1010
10000,47,4988.0,5206,26.03,5012,4988
20000,47,9999.0,8817,44.09,10001,9999
40000,47,20003.0,18561,92.81,19997,20003
60000,47,29981.0,24156,120.78,30019,29981
80000,47,39985.0,31511,157.56,40015,39985
100000,47,49942.0,38715,193.58,50058,49942
2,48,1.0,1,0.01,1,1
3,48,2.0,1,0.01,1,2
100,48,55.0,23,0.12,45,55
200,48,110.0,58,0.29,90,110
2000,48,1018.0,1086,5.43,982,1018
10000,48,5073.0,3925,19.63,4927,5073
20000,48,10062.0,9511,47.56,9938,10062
40000,48,19937.0,23117,115.59,20063,19937
60000,48,29818.0,33270,166.35,30182,29818
80000,48,39831.0,38492,192.46,40169,39831
100000,48,49814.0,44909,224.55,50186,49814
2,49,2.0,1,0.01,0,2
3,49,3.0,1,0.01,0,3
100,49,54.0,56,0.28,46,54
200,49,109.0,113,0.57,91,109
2000,49,1010.0,1216,6.08,990,1010
10000,49,4925.0,6019,30.1,5075,4925
20000,49,9955.0,13080,65.4,10045,9955
40000,49,19955.0,23043,115.22,20045,19955
60000,49,29966.0,30260,151.3,30034,29966
80000,49,39959.0,42687,213.44,40041,39959
100000,49,49847.0,47939,239.7,50153,49847
2,50,0.0,1,0.01,2,0
3,50,1.0,1,0.01,2,1
100,50,43.0,53,0.27,57,43
200,50,95.0,101,0.51,105,95
2000,50,1003.0,799,4.0,997,1003
10000,50,4984.0,5478,27.39,5016,4984
20000,50,9968.0,11983,59.92,10032,9968
40000,50,19957.0,18854,94.27,20043,19957
60000,50,29896.0,23262,116.31,30104,29896
80000,50,39832.0,30361,151.81,40168,39832
100000,50,49827.0,35179,175.9,50173,49827
2,51,1.0,1,0.01,1,1
3,51,1.0,1,0.01,2,1
100,51,51.0,43,0.22,49,51
200,51,97.0,105,0.53,103,97
2000,51,963.0,903,4.52,1037,963
10000,51,4952.0,4112,20.56,5048,4952
20000,51,9958.0,8500,42.5,10042,9958
40000,51,19869.0,17675,88.38,20131,19869
60000,51,29877.0,21918,109.59,30123,29877
80000,51,39797.0,30802,154.01,40203,39797
100000,51,49836.0,40589,202.95,50164,49836
2,52,1.0,1,0.01,1,1
3,52,2.0,2,0.01,1,2
100,52,57.0,45,0.23,43,57
200,52,109.0,120,0.6,91,109
2000,52,978.0,1118,5.59,1022,978
10000,52,5036.0,3961,19.81,4964,5036
20000,52,9988.0,7920,39.6,10012,9988
40000,52,20059.0,12034,60.17,19941,20059
60000,52,29904.0,21309,106.55,30096,29904
80000,52,40059.0,25045,125.23,39941,40059
100000,52,50127.0,26178,130.89,49873,50127
2,53,0.0,1,0.01,2,0
3,53,1.0,1,0.01,2,1
100,53,41.0,39,0.2,59,41
200,53,90.0,91,0.46,110,90
2000,53,1017.0,861,4.31,983,1017
10000,53,5027.0,4361,21.81,4973,5027
20000,53,9971.0,7040,35.2,10029,9971
40000,53,19839.0,13732,68.66,20161,19839
60000,53,29911.0,17002,85.01,30089,29911
80000,53,39808.0,21086,105.43,40192,39808
100000,53,49900.0,25241,126.21,50100,49900
2,54,2.0,1,0.01,0,2
3,54,2.0,1,0.01,1,2
100,54,51.0,51,0.26,49,51
200,54,96.0,88,0.44,104,96
2000,54,1015.0,581,2.91,985,1015
10000,54,5052.0,2900,14.5,4948,5052
20000,54,9970.0,6040,30.2,10030,9970
40000,54,19918.0,14056,70.28,20082,19918
60000,54,29886.0,20338,101.69,30114,29886
80000,54,39753.0,29100,145.5,40247,39753
100000,54,49743.0,42659,213.3,50257,49743
2,55,0.0,1,0.01,2,0
3,55,1.0,1,0.01,2,1
100,55,53.0,32,0.16,47,53
200,55,109.0,84,0.42,91,109
2000,55,1036.0,941,4.71,964,1036
10000,55,5008.0,3786,18.93,4992,5008
20000,55,9936.0,6559,32.8,10064,9936
40000,55,19905.0,16673,83.37,20095,19905
60000,55,29751.0,29017,145.09,30249,29751
80000,55,39700.0,34230,171.15,40300,39700
100000,55,49594.0,42457,212.29,50406,49594
2,56,0.0,1,0.01,2,0
3,56,1.0,1,0.01,2,1
100,56,58.0,55,0.28,42,58
200,56,112.0,130,0.65,88,112
2000,56,979.0,1229,6.15,1021,979
10000,56,4962.0,3822,19.11,5038,4962
20000,56,9967.0,6624,33.12,10033,9967
40000,56,20034.0,13959,69.8,19966,20034
60000,56,30002.0,21410,107.05,29998,30002
80000,56,40055.0,28217,141.09,39945,40055
100000,56,50004.0,35055,175.28,49996,50004
2,57,0.0,1,0.01,2,0
3,57,1.0,1,0.01,2,1
100,57,36.0,59,0.3,64,36
200,57,81.0,88,0.44,119,81
2000,57,970.0,1041,5.21,1030,970
10000,57,4984.0,3678,18.39,5016,4984
20000,57,9950.0,8518,42.59,10050,9950
40000,57,19991.0,13935,69.68,20009,19991
60000,57,30008.0,20618,103.09,29992,30008
80000,57,39865.0,25247,126.24,40135,39865
100000,57,49817.0,32211,161.06,50183,49817
2,58,1.0,1,0.01,1,1
3,58,1.0,1,0.01,2,1
100,58,48.0,24,0.12,52,48
200,58,96.0,84,0.42,104,96
2000,58,1052.0,1144,5.72,948,1052
10000,58,4984.0,4444,22.22,5016,4984
20000,58,10024.0,9683,48.42,9976,10024
40000,58,19971.0,18466,92.33,20029,19971
60000,58,29820.0,27818,139.09,30180,29820
80000,58,39707.0,33117,165.59,40293,39707
100000,58,49612.0,44432,222.16,50388,49612
2,59,1.0,1,0.01,1,1
3,59,1.0,2,0.01,2,1
100,59,47.0,25,0.13,53,47
200,59,104.0,90,0.45,96,104
2000,59,1010.0,1179,5.9,990,1010
10000,59,4922.0,4332,21.66,5078,4922
20000,59,9941.0,6942,34.71,10059,9941
40000,59,19938.0,12029,60.15,20062,19938
60000,59,29853.0,18630,93.15,30147,29853
80000,59,39784.0,24084,120.42,40216,39784
100000,59,49830.0,27769,138.85,50170,49830
2,60,0.0,1,0.01,2,0
3,60,0.0,1,0.01,3,0
100,60,47.0,47,0.24,53,47
200,60,98.0,74,0.37,102,98
2000,60,996.0,776,3.88,1004,996
10000,60,4995.0,5369,26.85,5005,4995
20000,60,9952.0,8998,44.99,10048,9952
40000,60,19963.0,16292,81.46,20037,19963
60000,60,29964.0,25416,127.08,30036,29964
80000,60,39811.0,35001,175.01,40189,39811
100000,60,49765.0,43503,217.52,50235,49765
2,61,1.0,1,0.01,1,1
3,61,2.0,1,0.01,1,2
100,61,48.0,61,0.31,52,48
200,61,92.0,92,0.46,108,92
2000,61,1000.0,807,4.04,1000,1000
10000,61,5053.0,4917,24.59,4947,5053
20000,61,9961.0,9932,49.66,10039,9961
40000,61,19893.0,20882,104.41,20107,19893
60000,61,29866.0,28120,140.6,30134,29866
80000,61,39729.0,36896,184.48,40271,39729
100000,61,49777.0,52747,263.74,50223,49777
2,62,1.0,1,0.01,1,1
3,62,2.0,2,0.01,1,2
100,62,57.0,57,0.29,43,57
200,62,105.0,106,0.53,95,105
2000,62,984.0,1010,5.05,1016,984
10000,62,4877.0,4115,20.58,5123,4877
20000,62,9964.0,8388,41.94,10036,9964
40000,62,19924.0,16086,80.43,20076,19924
60000,62,29767.0,25732,128.66,30233,29767
80000,62,39889.0,28331,141.66,40111,39889
100000,62,49865.0,35375,176.88,50135,49865
2,63,2.0,1,0.01,0,2
3,63,3.0,1,0.01,0,3
100,63,49.0,47,0.24,51,49
200,63,104.0,114,0.57,96,104
2000,63,1022.0,939,4.7,978,1022
10000,63,5028.0,5493,27.47,4972,5028
20000,63,10057.0,9612,48.06,9943,10057
40000,63,20091.0,18258,91.29,19909,20091
60000,63,30030.0,25112,125.56,29970,30030
80000,63,40062.0,38109,190.55,39938,40062
100000,63,49996.0,44852,224.26,50004,49996
2,64,1.0,1,0.01,1,1
3,64,1.0,2,0.01,2,1
100,64,42.0,53,0.27,58,42
200,64,90.0,100,0.5,110,90
2000,64,990.0,873,4.37,1010,990
10000,64,4971.0,4973,24.87,5029,4971
20000,64,9972.0,7962,39.81,10028,9972
40000,64,19971.0,17474,87.37,20029,19971
60000,64,29968.0,26583,132.92,30032,29968
80000,64,39929.0,34455,172.28,40071,39929
100000,64,49746.0,43569,217.85,50254,49746
2,65,2.0,1,0.01,0,2
3,65,2.0,1,0.01,1,2
100,65,50.0,51,0.26,50,50
200,65,107.0,95,0.48,93,107
2000,65,1008.0,1081,5.41,992,1008
10000,65,4935.0,4320,21.6,5065,4935
20000,65,9980.0,8187,40.94,10020,9980
40000,65,19896.0,15762,78.81,20104,19896
60000,65,29972.0,21599,108.0,30028,29972
80000,65,40001.0,25890,129.45,39999,40001
100000,65,49935.0,34419,172.1,50065,49935
2,66,1.0,1,0.01,1,1
3,66,2.0,2,0.01,1,2
100,66,58.0,68,0.34,42,58
200,66,105.0,113,0.57,95,105
2000,66,986.0,941,4.71,1014,986
10000,66,4980.0,3103,15.52,5020,4980
20000,66,9869.0,4896,24.48,10131,9869
40000,66,19732.0,12209,61.05,20268,19732
60000,66,29697.0,20194,100.97,30303,29697
80000,66,39769.0,27814,139.07,40231,39769
100000,66,49814.0,34504,172.52,50186,49814
2,67,1.0,1,0.01,1,1
3,67,1.0,2,0.01,2,1
100,67,50.0,48,0.24,50,50
200,67,99.0,115,0.58,101,99
2000,67,1016.0,932,4.66,984,1016
10000,67,4965.0,5246,26.23,5035,4965
20000,67,9855.0,9667,48.34,10145,9855
40000,67,19854.0,15340,76.7,20146,19854
60000,67,29801.0,23112,115.56,30199,29801
80000,67,39728.0,29855,149.28,40272,39728
100000,67,49749.0,45078,225.39,50251,49749
2,68,2.0,1,0.01,0,2
3,68,2.0,1,0.01,1,2
100,68,55.0,50,0.25,45,55
200,68,100.0,108,0.54,100,100
2000,68,981.0,872,4.36,1019,981
10000,68,4908.0,4686,23.43,5092,4908
20000,68,9926.0,10587,52.94,10074,9926
40000,68,19844.0,17797,88.99,20156,19844
60000,68,29867.0,22645,113.23,30133,29867
80000,68,39743.0,28589,142.95,40257,39743
100000,68,49816.0,33333,166.67,50184,49816
2,69,2.0,1,0.01,0,2
3,69,3.0,1,0.01,0,3
100,69,46.0,38,0.19,54,46
200,69,95.0,84,0.42,105,95
2000,69,962.0,1033,5.17,1038,962
10000,69,4878.0,4796,23.98,5122,4878
20000,69,9880.0,8870,44.35,10120,9880
40000,69,19759.0,16224,81.12,20241,19759
60000,69,29569.0,25572,127.86,30431,29569
80000,69,39552.0,30391,151.96,40448,39552
100000,69,49622.0,35538,177.69,50378,49622
2,70,1.0,1,0.01,1,1
3,70,1.0,1,0.01,2,1
100,70,49.0,63,0.32,51,49
200,70,103.0,103,0.52,97,103
2000,70,980.0,1133,5.67,1020,980
10000,70,4939.0,5303,26.52,5061,4939
20000,70,9879.0,11085,55.43,10121,9879
40000,70,19774.0,20148,100.74,20226,19774
60000,70,29780.0,23761,118.81,30220,29780
80000,70,39864.0,27963,139.82,40136,39864
100000,70,49805.0,35892,179.46,50195,49805
2,71,2.0,1,0.01,0,2
3,71,3.0,1,0.01,0,3
100,71,44.0,47,0.24,56,44
200,71,97.0,60,0.3,103,97
2000,71,988.0,886,4.43,1012,988
10000,71,4911.0,4934,24.67,5089,4911
20000,71,9878.0,9207,46.04,10122,9878
40000,71,19795.0,19158,95.79,20205,19795
60000,71,29898.0,27227,136.14,30102,29898
80000,71,39996.0,36720,183.6,40004,39996
100000,71,49984.0,41114,205.57,50016,49984
2,72,1.0,1,0.01,1,1
3,72,2.0,2,0.01,1,2
100,72,60.0,33,0.17,40,60
200,72,113.0,92,0.46,87,113
2000,72,991.0,1034,5.17,1009,991
10000,72,4919.0,4436,22.18,5081,4919
20000,72,9934.0,9003,45.02,10066,9934
40000,72,19823.0,22376,111.88,20177,19823
60000,72,29801.0,30746,153.73,30199,29801
80000,72,39725.0,36133,180.67,40275,39725
100000,72,49751.0,44102,220.51,50249,49751
2,73,0.0,1,0.01,2,0
3,73,0.0,1,0.01,3,0
100,73,47.0,42,0.21,53,47
200,73,96.0,88,0.44,104,96
2000,73,964.0,1019,5.1,1036,964
10000,73,4981.0,3205,16.03,5019,4981
20000,73,9923.0,8006,40.03,10077,9923
40000,73,19864.0,14585,72.93,20136,19864
60000,73,29862.0,18848,94.24,30138,29862
80000,73,39835.0,24632,123.16,40165,39835
100000,73,49834.0,35423,177.12,50166,49834
2,74,1.0,1,0.01,1,1
3,74,2.0,1,0.01,1,2
100,74,50.0,45,0.23,50,50
200,74,102.0,91,0.46,98,102
2000,74,1000.0,785,3.93,1000,1000
10000,74,4938.0,3464,17.32,5062,4938
20000,74,9915.0,7756,38.78,10085,9915
40000,74,19742.0,18551,92.76,20258,19742
60000,74,29684.0,28561,142.81,30316,29684
80000,74,39631.0,37546,187.73,40369,39631
100000,74,49566.0,47837,239.19,50434,49566
2,75,1.0,1,0.01,1,1
3,75,2.0,2,0.01,1,2
100,75,45.0,50,0.25,55,45
200,75,100.0,112,0.56,100,100
2000,75,987.0,878,4.39,1013,987
10000,75,5047.0,5172,25.86,4953,5047
20000,75,10075.0,9760,48.8,9925,10075
40000,75,20019.0,16118,80.59,19981,20019
60000,75,30034.0,21743,108.72,29966,30034
80000,75,39919.0,29491,147.46,40081,39919
100000,75,49884.0,33486,167.43,50116,49884
2,76,1.0,1,0.01,1,1
3,76,2.0,2,0.01,1,2
100,76,48.0,53,0.27,52,48
200,76,92.0,112,0.56,108,92
2000,76,1008.0,1050,5.25,992,1008
10000,76,4982.0,5363,26.82,5018,4982
20000,76,10033.0,12233,61.17,9967,10033
40000,76,19962.0,24522,122.61,20038,19962
60000,76,30110.0,28963,144.82,29890,30110
80000,76,40111.0,33338,166.69,39889,40111
100000,76,50082.0,41489,207.45,49918,50082
2,77,1.0,1,0.01,1,1
3,77,2.0,1,0.01,1,2
100,77,50.0,38,0.19,50,50
200,77,104.0,65,0.33,96,104
2000,77,1003.0,887,4.44,997,1003
10000,77,4969.0,4939,24.7,5031,4969
20000,77,9919.0,7748,38.74,10081,9919
40000,77,19875.0,17548,87.74,20125,19875
60000,77,29716.0,25599,128.0,30284,29716
80000,77,39703.0,34041,170.21,40297,39703
100000,77,49725.0,41615,208.08,50275,49725
2,78,1.0,1,0.01,1,1
3,78,1.0,2,0.01,2,1
100,78,42.0,57,0.29,58,42
200,78,90.0,136,0.68,110,90
2000,78,976.0,1126,5.63,1024,976
10000,78,4960.0,5500,27.5,5040,4960
20000,78,10035.0,10893,54.47,9965,10035
40000,78,19967.0,20421,102.11,20033,19967
60000,78,29860.0,31252,156.26,30140,29860
80000,78,39713.0,38628,193.14,40287,39713
100000,78,49644.0,44635,223.18,50356,49644
2,79,1.0,1,0.01,1,1
3,79,1.0,1,0.01,2,1
100,79,48.0,45,0.23,52,48
200,79,100.0,93,0.47,100,100
2000,79,1026.0,1021,5.11,974,1026
10000,79,5023.0,4639,23.2,4977,5023
20000,79,10003.0,10358,51.79,9997,10003
40000,79,20097.0,16447,82.24,19903,20097
60000,79,30017.0,25044,125.22,29983,30017
80000,79,40060.0,35252,176.26,39940,40060
100000,79,50027.0,44669,223.35,49973,50027
2,80,0.0,1,0.01,2,0
3,80,1.0,1,0.01,2,1
100,80,52.0,59,0.3,48,52
200,80,100.0,126,0.63,100,100
2000,80,1015.0,1032,5.16,985,1015
10000,80,5015.0,5722,28.61,4985,5015
20000,80,9974.0,11210,56.05,10026,9974
40000,80,19857.0,22128,110.64,20143,19857
60000,80,29878.0,33090,165.45,30122,29878
80000,80,39865.0,39226,196.13,40135,39865
100000,80,49686.0,45862,229.31,50314,49686
2,81,0.0,1,0.01,2,0
3,81,1.0,1,0.01,2,1
100,81,48.0,32,0.16,52,48
200,81,99.0,83,0.42,101,99
2000,81,981.0,830,4.15,1019,981
10000,81,4982.0,3736,18.68,5018,4982
20000,81,9940.0,6581,32.91,10060,9940
40000,81,19844.0,12983,64.92,20156,19844
60000,81,29864.0,23056,115.28,30136,29864
80000,81,39688.0,28179,140.9,40312,39688
100000,81,49626.0,36553,182.77,50374,49626
2,82,1.0,1,0.01,1,1
3,82,2.0,2,0.01,1,2
100,82,52.0,59,0.3,48,52
200,82,97.0,132,0.66,103,97
2000,82,1007.0,935,4.68,993,1007
10000,82,5017.0,5473,27.37,4983,5017
20000,82,9948.0,10472,52.36,10052,9948
40000,82,19824.0,20550,102.75,20176,19824
60000,82,29846.0,24483,122.42,30154,29846
80000,82,39842.0,33773,168.87,40158,39842
100000,82,49830.0,38238,191.19,50170,49830
2,83,1.0,1,0.01,1,1
3,83,1.0,2,0.01,2,1
100,83,44.0,45,0.23,56,44
200,83,90.0,84,0.42,110,90
2000,83,1005.0,1174,5.87,995,1005
10000,83,4932.0,4584,22.92,5068,4932
20000,83,9898.0,10269,51.35,10102,9898
40000,83,19740.0,21077,105.39,20260,19740
60000,83,29584.0,29213,146.07,30416,29584
80000,83,39548.0,45996,229.98,40452,39548
100000,83,49322.0,58344,291.72,50678,49322
2,84,0.0,1,0.01,2,0
3,84,1.0,1,0.01,2,1
100,84,54.0,45,0.23,46,54
200,84,97.0,95,0.48,103,97
2000,84,1009.0,890,4.45,991,1009
10000,84,4991.0,4311,21.56,5009,4991
20000,84,9985.0,8463,42.32,10015,9985
40000,84,19976.0,13594,67.97,20024,19976
60000,84,29997.0,18494,92.47,30003,29997
80000,84,40028.0,23948,119.74,39972,40028
100000,84,50116.0,29558,147.79,49884,50116
2,85,2.0,1,0.01,0,2
3,85,2.0,1,0.01,1,2
100,85,45.0,36,0.18,55,45
200,85,98.0,68,0.34,102,98
2000,85,985.0,594,2.97,1015,985
10000,85,5010.0,4595,22.98,4990,5010
20000,85,9898.0,9164,45.82,10102,9898
40000,85,19813.0,15995,79.98,20187,19813
60000,85,29762.0,20263,101.32,30238,29762
80000,85,39681.0,29224,146.12,40319,39681
100000,85,49664.0,33798,168.99,50336,49664
2,86,2.0,1,0.01,0,2
3,86,2.0,1,0.01,1,2
100,86,49.0,56,0.28,51,49
200,86,97.0,86,0.43,103,97
2000,86,996.0,616,3.08,1004,996
10000,86,4967.0,5753,28.77,5033,4967
20000,86,9820.0,11770,58.85,10180,9820
40000,86,19718.0,23382,116.91,20282,19718
60000,86,29619.0,30811,154.06,30381,29619
80000,86,39570.0,35381,176.91,40430,39570
100000,86,49569.0,47236,236.18,50431,49569
2,87,1.0,1,0.01,1,1
3,87,1.0,1,0.01,2,1
100,87,53.0,40,0.2,47,53
200,87,107.0,67,0.34,93,107
2000,87,1056.0,810,4.05,944,1056
10000,87,4943.0,4150,20.75,5057,4943
20000,87,9918.0,6117,30.59,10082,9918
40000,87,19913.0,13777,68.89,20087,19913
60000,87,29922.0,20530,102.65,30078,29922
80000,87,39979.0,27694,138.47,40021,39979
100000,87,50007.0,30239,151.2,49993,50007
2,88,2.0,1,0.01,0,2
3,88,2.0,1,0.01,1,2
100,88,54.0,66,0.33,46,54
200,88,102.0,153,0.77,98,102
2000,88,1013.0,1266,6.33,987,1013
10000,88,4962.0,5242,26.21,5038,4962
20000,88,9930.0,11448,57.24,10070,9930
40000,88,19848.0,19443,97.22,20152,19848
60000,88,29639.0,28786,143.93,30361,29639
80000,88,39664.0,34997,174.99,40336,39664
100000,88,49596.0,38023,190.12,50404,49596
2,89,2.0,1,0.01,0,2
3,89,3.0,1,0.01,0,3
100,89,54.0,59,0.3,46,54
200,89,105.0,93,0.47,95,105
2000,89,982.0,1067,5.34,1018,982
10000,89,4989.0,4790,23.95,5011,4989
20000,89,9996.0,7832,39.16,10004,9996
40000,89,19939.0,17139,85.7,20061,19939
60000,89,30002.0,23878,119.39,29998,30002
80000,89,39889.0,34750,173.75,40111,39889
100000,89,49857.0,42594,212.97,50143,49857
2,90,0.0,1,0.01,2,0
3,90,0.0,1,0.01,3,0
100,90,52.0,42,0.21,48,52
200,90,108.0,93,0.47,92,108
2000,90,1018.0,1052,5.26,982,1018
10000,90,5050.0,3873,19.37,4950,5050
20000,90,10023.0,7773,38.87,9977,10023
40000,90,19966.0,14994,74.97,20034,19966
60000,90,29909.0,24984,124.92,30091,29909
80000,90,39907.0,34651,173.26,40093,39907
100000,90,49917.0,39287,196.44,50083,49917
2,91,1.0,1,0.01,1,1
3,91,1.0,2,0.01,2,1
100,91,49.0,68,0.34,51,49
200,91,97.0,138,0.69,103,97
2000,91,1004.0,970,4.85,996,1004
10000,91,4995.0,5255,26.28,5005,4995
20000,91,9947.0,10360,51.8,10053,9947
40000,91,19927.0,15633,78.17,20073,19927
60000,91,29924.0,23610,118.05,30076,29924
80000,91,39894.0,30709,153.55,40106,39894
100000,91,49834.0,36532,182.66,50166,49834
2,92,1.0,1,0.01,1,1
3,92,1.0,2,0.01,2,1
100,92,50.0,50,0.25,50,50
200,92,106.0,83,0.42,94,106
2000,92,1009.0,1077,5.39,991,1009
10000,92,4958.0,4832,24.16,5042,4958
20000,92,9969.0,7661,38.31,10031,9969
40000,92,20026.0,16579,82.9,19974,20026
60000,92,30049.0,26077,130.39,29951,30049
80000,92,39995.0,34879,174.4,40005,39995
100000,92,49941.0,43180,215.9,50059,49941
2,93,1.0,1,0.01,1,1
3,93,1.0,2,0.01,2,1
100,93,59.0,55,0.28,41,59
200,93,105.0,113,0.57,95,105
2000,93,1019.0,1113,5.57,981,1019
10000,93,4960.0,6582,32.91,5040,4960
20000,93,9922.0,13704,68.52,10078,9922
40000,93,19730.0,23747,118.74,20270,19730
60000,93,29655.0,33534,167.67,30345,29655
80000,93,39586.0,40348,201.74,40414,39586
100000,93,49538.0,46729,233.65,50462,49538
2,94,2.0,1,0.01,0,2
3,94,2.0,1,0.01,1,2
100,94,54.0,47,0.24,46,54
200,94,106.0,97,0.49,94,106
2000,94,974.0,1041,5.21,1026,974
10000,94,4946.0,4786,23.93,5054,4946
20000,94,9925.0,8277,41.39,10075,9925
40000,94,19902.0,13768,68.84,20098,19902
60000,94,29846.0,22550,112.75,30154,29846
80000,94,39903.0,29130,145.65,40097,39903
100000,94,49757.0,35692,178.46,50243,49757
2,95,2.0,1,0.01,0,2
3,95,3.0,1,0.01,0,3
100,95,44.0,50,0.25,56,44
200,95,86.0,119,0.6,114,86
2000,95,948.0,729,3.65,1052,948
10000,95,4926.0,4551,22.76,5074,4926
20000,95,9934.0,10214,51.07,10066,9934
40000,95,20042.0,17979,89.9,19958,20042
60000,95,29981.0,26519,132.6,30019,29981
80000,95,39904.0,35634,178.17,40096,39904
100000,95,49930.0,41116,205.58,50070,49930
2,96,1.0,1,0.01,1,1
3,96,1.0,2,0.01,2,1
100,96,49.0,39,0.2,51,49
200,96,104.0,97,0.49,96,104
2000,96,985.0,1217,6.09,1015,985
10000,96,4935.0,3366,16.83,5065,4935
20000,96,10021.0,6583,32.92,9979,10021
40000,96,19861.0,12767,63.84,20139,19861
60000,96,29700.0,18433,92.17,30300,29700
80000,96,39690.0,23582,117.91,40310,39690
100000,96,49679.0,31861,159.31,50321,49679
2,97,1.0,1,0.01,1,1
3,97,2.0,1,0.01,1,2
100,97,54.0,31,0.16,46,54
200,97,97.0,54,0.27,103,97
2000,97,939.0,933,4.67,1061,939
10000,97,4941.0,4121,20.61,5059,4941
20000,97,10009.0,8387,41.94,9991,10009
40000,97,19921.0,16983,84.92,20079,19921
60000,97,30008.0,21850,109.25,29992,30008
80000,97,39911.0,31291,156.46,40089,39911
100000,97,49933.0,35276,176.38,50067,49933
2,98,1.0,1,0.01,1,1
3,98,2.0,1,0.01,1,2
100,98,54.0,49,0.25,46,54
200,98,103.0,84,0.42,97,103
2000,98,965.0,989,4.95,1035,965
10000,98,4965.0,5021,25.11,5035,4965
20000,98,9956.0,7549,37.75,10044,9956
40000,98,20025.0,14330,71.65,19975,20025
60000,98,29897.0,22142,110.71,30103,29897
80000,98,39898.0,28745,143.73,40102,39898
100000,98,49939.0,35989,179.95,50061,49939
2,99,0.0,1,0.01,2,0
3,99,1.0,1,0.01,2,1
100,99,42.0,44,0.22,58,42
200,99,95.0,95,0.48,105,95
2000,99,963.0,798,3.99,1037,963
10000,99,4966.0,5274,26.37,5034,4966
20000,99,10012.0,12720,63.6,9988,10012
40000,99,19953.0,18679,93.4,20047,19953
60000,99,29976.0,28110,140.55,30024,29976
80000,99,39891.0,34480,172.4,40109,39891
100000,99,49964.0,39805,199.03,50036,49964
2,100,0.0,1,0.01,2,0
3,100,1.0,1,0.01,2,1
100,100,57.0,42,0.21,43,57
200,100,107.0,83,0.42,93,107
2000,100,985.0,1191,5.96,1015,985
10000,100,4945.0,4456,22.28,5055,4945
20000,100,9916.0,7746,38.73,10084,9916
40000,100,19869.0,15964,79.82,20131,19869
60000,100,29865.0,21806,109.03,30135,29865
80000,100,39799.0,27745,138.73,40201,39799
100000,100,49976.0,28552,142.76,50024,49976
