Timestep,Iteration,Total Reward,Suboptimal Arms,Total Regret,Zeros Count,Ones Count
2,1,2.0,1,0.1,0,2
3,1,3.0,1,0.1,0,3
100,1,88.0,22,2.2,12,88
200,1,174.0,66,6.6,26,174
2000,1,1767.0,346,34.6,233,1767
10000,1,8974.0,618,61.8,1026,8974
20000,1,17885.0,1043,104.3,2115,17885
40000,1,35890.0,1348,134.8,4110,35890
60000,1,53865.0,1395,139.5,6135,53865
80000,1,71801.0,1426,142.6,8199,71801
100000,1,89784.0,1497,149.7,10216,89784
2,2,2.0,1,0.1,0,2
3,2,3.0,1,0.1,0,3
100,2,91.0,37,3.7,9,91
200,2,177.0,70,7.0,23,177
2000,2,1749.0,315,31.5,251,1749
10000,2,8890.0,803,80.3,1110,8890
20000,2,17881.0,1040,104.0,2119,17881
40000,2,35819.0,1299,129.9,4181,35819
60000,2,53756.0,1569,156.9,6244,53756
80000,2,71719.0,1631,163.1,8281,71719
100000,2,89745.0,1648,164.8,10255,89745
2,3,1.0,1,0.1,1,1
3,3,2.0,1,0.1,1,2
100,3,86.0,29,2.9,14,86
200,3,170.0,69,6.9,30,170
2000,3,1783.0,426,42.6,217,1783
10000,3,8945.0,1242,124.2,1055,8945
20000,3,17976.0,1534,153.4,2024,17976
40000,3,35982.0,1927,192.7,4018,35982
60000,3,53958.0,2132,213.2,6042,53958
80000,3,72035.0,2184,218.4,7965,72035
100000,3,90036.0,2352,235.2,9964,90036
2,4,0.0,1,0.1,2,0
3,4,1.0,1,0.1,2,1
100,4,81.0,43,4.3,19,81
200,4,169.0,80,8.0,31,169
2000,4,1779.0,378,37.8,221,1779
10000,4,8934.0,750,75.0,1066,8934
20000,4,17991.0,844,84.4,2009,17991
40000,4,35991.0,1031,103.1,4009,35991
60000,4,54024.0,1090,109.0,5976,54024
80000,4,72028.0,1157,115.7,7972,72028
100000,4,90009.0,1210,121.0,9991,90009
2,5,2.0,1,0.1,0,2
3,5,3.0,1,0.1,0,3
100,5,85.0,24,2.4,15,85
200,5,177.0,44,4.4,23,177
2000,5,1755.0,471,47.1,245,1755
10000,5,8942.0,862,86.2,1058,8942
20000,5,17906.0,1116,111.6,2094,17906
40000,5,35857.0,1305,130.5,4143,35857
60000,5,53819.0,1384,138.4,6181,53819
80000,5,71805.0,1480,148.0,8195,71805
100000,5,89781.0,1564,156.4,10219,89781
2,6,2.0,1,0.1,0,2
3,6,3.0,1,0.1,0,3
100,6,91.0,37,3.7,9,91
200,6,172.0,72,7.2,28,172
2000,6,1767.0,267,26.7,233,1767
10000,6,8950.0,704,70.4,1050,8950
20000,6,17942.0,910,91.0,2058,17942
40000,6,35931.0,1274,127.4,4069,35931
60000,6,53937.0,1388,138.8,6063,53937
80000,6,71920.0,1435,143.5,8080,71920
100000,6,89884.0,1664,166.4,10116,89884
2,7,2.0,1,0.1,0,2
3,7,3.0,1,0.1,0,3
100,7,89.0,36,3.6,11,89
200,7,171.0,72,7.2,29,171
2000,7,1749.0,551,55.1,251,1749
10000,7,8880.0,993,99.3,1120,8880
20000,7,17818.0,1197,119.7,2182,17818
40000,7,35716.0,1670,167.0,4284,35716
60000,7,53747.0,1790,179.0,6253,53747
80000,7,71693.0,1855,185.5,8307,71693
100000,7,89750.0,1888,188.8,10250,89750
2,8,2.0,1,0.1,0,2
3,8,3.0,1,0.1,0,3
100,8,86.0,49,4.9,14,86
200,8,171.0,88,8.8,29,171
2000,8,1765.0,608,60.8,235,1765
10000,8,8870.0,1283,128.3,1130,8870
20000,8,17845.0,1508,150.8,2155,17845
40000,8,35823.0,1713,171.3,4177,35823
60000,8,53770.0,1804,180.4,6230,53770
80000,8,71801.0,1891,189.1,8199,71801
100000,8,89828.0,1987,198.7,10172,89828
2,9,2.0,1,0.1,0,2
3,9,3.0,1,0.1,0,3
100,9,88.0,35,3.5,12,88
200,9,172.0,66,6.6,28,172
2000,9,1745.0,441,44.1,255,1745
10000,9,8882.0,972,97.2,1118,8882
20000,9,17910.0,1223,122.3,2090,17910
40000,9,35945.0,1346,134.6,4055,35945
60000,9,53885.0,1717,171.7,6115,53885
80000,9,71896.0,1837,183.7,8104,71896
100000,9,89874.0,1876,187.6,10126,89874
2,10,2.0,1,0.1,0,2
3,10,3.0,1,0.1,0,3
100,10,84.0,36,3.6,16,84
200,10,175.0,58,5.8,25,175
2000,10,1758.0,433,43.3,242,1758
10000,10,8951.0,816,81.6,1049,8951
20000,10,17918.0,1117,111.7,2082,17918
40000,10,35898.0,1366,136.6,4102,35898
60000,10,53895.0,1721,172.1,6105,53895
80000,10,71806.0,1850,185.0,8194,71806
100000,10,89806.0,2004,200.4,10194,89806
2,11,2.0,1,0.1,0,2
3,11,3.0,1,0.1,0,3
100,11,90.0,41,4.1,10,90
200,11,174.0,76,7.6,26,174
2000,11,1757.0,429,42.9,243,1757
10000,11,8981.0,665,66.5,1019,8981
20000,11,17970.0,800,80.0,2030,17970
40000,11,35937.0,997,99.7,4063,35937
60000,11,53950.0,1066,106.6,6050,53950
80000,11,71980.0,1175,117.5,8020,71980
100000,11,89941.0,1226,122.6,10059,89941
2,12,2.0,1,0.1,0,2
3,12,3.0,1,0.1,0,3
100,12,84.0,36,3.6,16,84
200,12,169.0,66,6.6,31,169
2000,12,1733.0,489,48.9,267,1733
10000,12,8804.0,914,91.4,1196,8804
20000,12,17758.0,1059,105.9,2242,17758
40000,12,35756.0,1149,114.9,4244,35756
60000,12,53829.0,1247,124.7,6171,53829
80000,12,71765.0,1322,132.2,8235,71765
100000,12,89800.0,1431,143.1,10200,89800
2,13,1.0,1,0.1,1,1
3,13,2.0,1,0.1,1,2
100,13,85.0,42,4.2,15,85
200,13,173.0,80,8.0,27,173
2000,13,1765.0,343,34.3,235,1765
10000,13,8906.0,696,69.6,1094,8906
20000,13,17823.0,934,93.4,2177,17823
40000,13,35765.0,1277,127.7,4235,35765
60000,13,53772.0,1440,144.0,6228,53772
80000,13,71796.0,1565,156.5,8204,71796
100000,13,89797.0,1644,164.4,10203,89797
2,14,2.0,1,0.1,0,2
3,14,3.0,1,0.1,0,3
100,14,89.0,37,3.7,11,89
200,14,173.0,65,6.5,27,173
2000,14,1774.0,357,35.7,226,1774
10000,14,8922.0,723,72.3,1078,8922
20000,14,17909.0,947,94.7,2091,17909
40000,14,35924.0,1130,113.0,4076,35924
60000,14,53946.0,1341,134.1,6054,53946
80000,14,71937.0,1514,151.4,8063,71937
100000,14,89926.0,1562,156.2,10074,89926
2,15,2.0,1,0.1,0,2
3,15,3.0,1,0.1,0,3
100,15,90.0,33,3.3,10,90
200,15,171.0,49,4.9,29,171
2000,15,1797.0,245,24.5,203,1797
10000,15,8946.0,507,50.7,1054,8946
20000,15,17851.0,651,65.1,2149,17851
40000,15,35842.0,919,91.9,4158,35842
60000,15,53791.0,1088,108.8,6209,53791
80000,15,71710.0,1142,114.2,8290,71710
100000,15,89737.0,1164,116.4,10263,89737
2,16,2.0,1,0.1,0,2
3,16,3.0,1,0.1,0,3
100,16,82.0,50,5.0,18,82
200,16,167.0,97,9.7,33,167
2000,16,1738.0,562,56.2,262,1738
10000,16,8883.0,1201,120.1,1117,8883
20000,16,17831.0,1587,158.7,2169,17831
40000,16,35729.0,1940,194.0,4271,35729
60000,16,53638.0,2364,236.4,6362,53638
80000,16,71621.0,2440,244.0,8379,71621
100000,16,89594.0,2471,247.1,10406,89594
2,17,1.0,1,0.1,1,1
3,17,2.0,1,0.1,1,2
100,17,78.0,33,3.3,22,78
200,17,170.0,56,5.6,30,170
2000,17,1766.0,396,39.6,234,1766
10000,17,8860.0,1108,110.8,1140,8860
20000,17,17851.0,1271,127.1,2149,17851
40000,17,35718.0,1635,163.5,4282,35718
60000,17,53772.0,1794,179.4,6228,53772
80000,17,71748.0,1975,197.5,8252,71748
100000,17,89730.0,2154,215.4,10270,89730
2,18,2.0,1,0.1,0,2
3,18,3.0,1,0.1,0,3
100,18,84.0,39,3.9,16,84
200,18,166.0,87,8.7,34,166
2000,18,1727.0,520,52.0,273,1727
10000,18,8890.0,969,96.9,1110,8890
20000,18,17855.0,1227,122.7,2145,17855
40000,18,35818.0,1490,149.0,4182,35818
60000,18,53767.0,1571,157.1,6233,53767
80000,18,71798.0,1592,159.2,8202,71798
100000,18,89840.0,1615,161.5,10160,89840
2,19,2.0,1,0.1,0,2
3,19,3.0,1,0.1,0,3
100,19,84.0,42,4.2,16,84
200,19,166.0,78,7.8,34,166
2000,19,1763.0,398,39.8,237,1763
10000,19,8906.0,958,95.8,1094,8906
20000,19,17912.0,1144,114.4,2088,17912
40000,19,35888.0,1356,135.6,4112,35888
60000,19,53819.0,1547,154.7,6181,53819
80000,19,71797.0,1821,182.1,8203,71797
100000,19,89819.0,1844,184.4,10181,89819
2,20,2.0,1,0.1,0,2
3,20,3.0,1,0.1,0,3
100,20,87.0,39,3.9,13,87
200,20,179.0,57,5.7,21,179
2000,20,1776.0,281,28.1,224,1776
10000,20,8924.0,667,66.7,1076,8924
20000,20,17888.0,893,89.3,2112,17888
40000,20,35877.0,1128,112.8,4123,35877
60000,20,53883.0,1236,123.6,6117,53883
80000,20,71895.0,1577,157.7,8105,71895
100000,20,89929.0,1727,172.7,10071,89929
2,21,2.0,1,0.1,0,2
3,21,3.0,1,0.1,0,3
100,21,83.0,42,4.2,17,83
200,21,177.0,80,8.0,23,177
2000,21,1765.0,426,42.6,235,1765
10000,21,8908.0,1001,100.1,1092,8908
20000,21,17907.0,1285,128.5,2093,17907
40000,21,35874.0,1677,167.7,4126,35874
60000,21,53813.0,1816,181.6,6187,53813
80000,21,71764.0,1892,189.2,8236,71764
100000,21,89738.0,2001,200.1,10262,89738
2,22,2.0,1,0.1,0,2
3,22,3.0,1,0.1,0,3
100,22,89.0,34,3.4,11,89
200,22,174.0,65,6.5,26,174
2000,22,1765.0,505,50.5,235,1765
10000,22,8886.0,962,96.2,1114,8886
20000,22,17840.0,1351,135.1,2160,17840
40000,22,35822.0,1461,146.1,4178,35822
60000,22,53804.0,1558,155.8,6196,53804
80000,22,71749.0,1634,163.4,8251,71749
100000,22,89709.0,1693,169.3,10291,89709
2,23,1.0,1,0.1,1,1
3,23,2.0,2,0.2,1,2
100,23,83.0,49,4.9,17,83
200,23,170.0,72,7.2,30,170
2000,23,1736.0,325,32.5,264,1736
10000,23,8933.0,712,71.2,1067,8933
20000,23,17887.0,917,91.7,2113,17887
40000,23,35813.0,1245,124.5,4187,35813
60000,23,53809.0,1427,142.7,6191,53809
80000,23,71854.0,1489,148.9,8146,71854
100000,23,89794.0,1821,182.1,10206,89794
2,24,1.0,1,0.1,1,1
3,24,2.0,1,0.1,1,2
100,24,84.0,42,4.2,16,84
200,24,172.0,73,7.3,28,172
2000,24,1777.0,330,33.0,223,1777
10000,24,8956.0,744,74.4,1044,8956
20000,24,17944.0,1173,117.3,2056,17944
40000,24,35891.0,1369,136.9,4109,35891
60000,24,53970.0,1527,152.7,6030,53970
80000,24,71978.0,1603,160.3,8022,71978
100000,24,89997.0,1671,167.1,10003,89997
2,25,1.0,1,0.1,1,1
3,25,2.0,2,0.2,1,2
100,25,84.0,41,4.1,16,84
200,25,166.0,75,7.5,34,166
2000,25,1767.0,377,37.7,233,1767
10000,25,8912.0,854,85.4,1088,8912
20000,25,17853.0,1084,108.4,2147,17853
40000,25,35846.0,1440,144.0,4154,35846
60000,25,53835.0,1628,162.8,6165,53835
80000,25,71772.0,1829,182.9,8228,71772
100000,25,89733.0,1900,190.0,10267,89733
2,26,0.0,1,0.1,2,0
3,26,1.0,1,0.1,2,1
100,26,87.0,47,4.7,13,87
200,26,171.0,87,8.7,29,171
2000,26,1742.0,391,39.1,258,1742
10000,26,8885.0,971,97.1,1115,8885
20000,26,17887.0,1106,110.6,2113,17887
40000,26,35782.0,1403,140.3,4218,35782
60000,26,53756.0,1497,149.7,6244,53756
80000,26,71785.0,1521,152.1,8215,71785
100000,26,89810.0,1673,167.3,10190,89810
2,27,1.0,1,0.1,1,1
3,27,2.0,1,0.1,1,2
100,27,90.0,32,3.2,10,90
200,27,175.0,65,6.5,25,175
2000,27,1800.0,354,35.4,200,1800
10000,27,8957.0,1028,102.8,1043,8957
20000,27,17900.0,1400,140.0,2100,17900
40000,27,35894.0,1672,167.2,4106,35894
60000,27,53880.0,1838,183.8,6120,53880
80000,27,71868.0,2026,202.6,8132,71868
100000,27,89861.0,2056,205.6,10139,89861
2,28,1.0,1,0.1,1,1
3,28,2.0,1,0.1,1,2
100,28,87.0,30,3.0,13,87
200,28,175.0,61,6.1,25,175
2000,28,1769.0,306,30.6,231,1769
10000,28,8922.0,777,77.7,1078,8922
20000,28,17902.0,952,95.2,2098,17902
40000,28,35913.0,1028,102.8,4087,35913
60000,28,53992.0,1050,105.0,6008,53992
80000,28,71925.0,1086,108.6,8075,71925
100000,28,89872.0,1148,114.8,10128,89872
2,29,2.0,1,0.1,0,2
3,29,3.0,1,0.1,0,3
100,29,88.0,32,3.2,12,88
200,29,179.0,82,8.2,21,179
2000,29,1794.0,340,34.0,206,1794
10000,29,8873.0,856,85.6,1127,8873
20000,29,17819.0,973,97.3,2181,17819
40000,29,35825.0,1128,112.8,4175,35825
60000,29,53751.0,1308,130.8,6249,53751
80000,29,71766.0,1362,136.2,8234,71766
100000,29,89758.0,1414,141.4,10242,89758
2,30,2.0,1,0.1,0,2
3,30,2.0,1,0.1,1,2
100,30,78.0,50,5.0,22,78
200,30,171.0,60,6.0,29,171
2000,30,1760.0,414,41.4,240,1760
10000,30,8874.0,822,82.2,1126,8874
20000,30,17801.0,1182,118.2,2199,17801
40000,30,35784.0,1360,136.0,4216,35784
60000,30,53816.0,1459,145.9,6184,53816
80000,30,71847.0,1544,154.4,8153,71847
100000,30,89843.0,1614,161.4,10157,89843
2,31,1.0,1,0.1,1,1
3,31,2.0,1,0.1,1,2
100,31,86.0,37,3.7,14,86
200,31,177.0,89,8.9,23,177
2000,31,1762.0,496,49.6,238,1762
10000,31,8907.0,997,99.7,1093,8907
20000,31,17888.0,1388,138.8,2112,17888
40000,31,35780.0,1775,177.5,4220,35780
60000,31,53764.0,1859,185.9,6236,53764
80000,31,71722.0,1897,189.7,8278,71722
100000,31,89704.0,2012,201.2,10296,89704
2,32,2.0,1,0.1,0,2
3,32,3.0,1,0.1,0,3
100,32,91.0,37,3.7,9,91
200,32,170.0,73,7.3,30,170
2000,32,1757.0,357,35.7,243,1757
10000,32,8884.0,879,87.9,1116,8884
20000,32,17829.0,1572,157.2,2171,17829
40000,32,35801.0,1817,181.7,4199,35801
60000,32,53749.0,1886,188.6,6251,53749
80000,32,71737.0,1970,197.0,8263,71737
100000,32,89696.0,2087,208.7,10304,89696
2,33,0.0,1,0.1,2,0
3,33,1.0,1,0.1,2,1
100,33,84.0,48,4.8,16,84
200,33,169.0,98,9.8,31,169
2000,33,1778.0,538,53.8,222,1778
10000,33,8993.0,1027,102.7,1007,8993
20000,33,18002.0,1270,127.0,1998,18002
40000,33,36024.0,1584,158.4,3976,36024
60000,33,53996.0,1751,175.1,6004,53996
80000,33,72035.0,1821,182.1,7965,72035
100000,33,90029.0,1938,193.8,9971,90029
2,34,2.0,1,0.1,0,2
3,34,3.0,1,0.1,0,3
100,34,85.0,32,3.2,15,85
200,34,178.0,56,5.6,22,178
2000,34,1761.0,355,35.5,239,1761
10000,34,8944.0,730,73.0,1056,8944
20000,34,17979.0,863,86.3,2021,17979
40000,34,35938.0,1230,123.0,4062,35938
60000,34,53932.0,1343,134.3,6068,53932
80000,34,71921.0,1380,138.0,8079,71921
100000,34,89924.0,1390,139.0,10076,89924
2,35,0.0,1,0.1,2,0
3,35,1.0,1,0.1,2,1
100,35,91.0,48,4.8,9,91
200,35,180.0,74,7.4,20,180
2000,35,1748.0,489,48.9,252,1748
10000,35,8892.0,1306,130.6,1108,8892
20000,35,17852.0,1676,167.6,2148,17852
40000,35,35752.0,2128,212.8,4248,35752
60000,35,53752.0,2439,243.9,6248,53752
80000,35,71688.0,2663,266.3,8312,71688
100000,35,89727.0,2740,274.0,10273,89727
2,36,2.0,1,0.1,0,2
3,36,3.0,1,0.1,0,3
100,36,89.0,45,4.5,11,89
200,36,176.0,81,8.1,24,176
2000,36,1754.0,491,49.1,246,1754
10000,36,8877.0,1101,110.1,1123,8877
20000,36,17885.0,1616,161.6,2115,17885
40000,36,35911.0,1946,194.6,4089,35911
60000,36,53861.0,2129,212.9,6139,53861
80000,36,71827.0,2218,221.8,8173,71827
100000,36,89790.0,2350,235.0,10210,89790
2,37,1.0,1,0.1,1,1
3,37,2.0,2,0.2,1,2
100,37,89.0,55,5.5,11,89
200,37,170.0,85,8.5,30,170
2000,37,1772.0,363,36.3,228,1772
10000,37,8922.0,749,74.9,1078,8922
20000,37,17994.0,956,95.6,2006,17994
40000,37,35970.0,1333,133.3,4030,35970
60000,37,53969.0,1419,141.9,6031,53969
80000,37,71988.0,1543,154.3,8012,71988
100000,37,89988.0,1577,157.7,10012,89988
2,38,2.0,1,0.1,0,2
3,38,3.0,1,0.1,0,3
100,38,90.0,41,4.1,10,90
200,38,174.0,78,7.8,26,174
2000,38,1736.0,451,45.1,264,1736
10000,38,8931.0,757,75.7,1069,8931
20000,38,17902.0,1007,100.7,2098,17902
40000,38,35874.0,1274,127.4,4126,35874
60000,38,53842.0,1369,136.9,6158,53842
80000,38,71873.0,1489,148.9,8127,71873
100000,38,89956.0,1623,162.3,10044,89956
2,39,1.0,1,0.1,1,1
3,39,2.0,1,0.1,1,2
100,39,83.0,36,3.6,17,83
200,39,171.0,77,7.7,29,171
2000,39,1766.0,344,34.4,234,1766
10000,39,8945.0,1004,100.4,1055,8945
20000,39,17902.0,1292,129.2,2098,17902
40000,39,35776.0,1691,169.1,4224,35776
60000,39,53750.0,1876,187.6,6250,53750
80000,39,71726.0,1925,192.5,8274,71726
100000,39,89730.0,1966,196.6,10270,89730
2,40,1.0,1,0.1,1,1
3,40,2.0,1,0.1,1,2
100,40,85.0,27,2.7,15,85
200,40,176.0,59,5.9,24,176
2000,40,1769.0,331,33.1,231,1769
10000,40,8939.0,846,84.6,1061,8939
20000,40,17925.0,1065,106.5,2075,17925
40000,40,35889.0,1314,131.4,4111,35889
60000,40,53838.0,1513,151.3,6162,53838
80000,40,71898.0,1669,166.9,8102,71898
100000,40,89879.0,1700,170.0,10121,89879
2,41,2.0,1,0.1,0,2
3,41,3.0,1,0.1,0,3
100,41,89.0,44,4.4,11,89
200,41,175.0,74,7.4,25,175
2000,41,1760.0,320,32.0,240,1760
10000,41,8970.0,677,67.7,1030,8970
20000,41,17924.0,860,86.0,2076,17924
40000,41,35876.0,1104,110.4,4124,35876
60000,41,53798.0,1379,137.9,6202,53798
80000,41,71801.0,1434,143.4,8199,71801
100000,41,89785.0,1491,149.1,10215,89785
2,42,2.0,1,0.1,0,2
3,42,3.0,1,0.1,0,3
100,42,92.0,42,4.2,8,92
200,42,168.0,82,8.2,32,168
2000,42,1750.0,403,40.3,250,1750
10000,42,8946.0,831,83.1,1054,8946
20000,42,17931.0,1199,119.9,2069,17931
40000,42,35849.0,1472,147.2,4151,35849
60000,42,53901.0,1612,161.2,6099,53901
80000,42,71865.0,1818,181.8,8135,71865
100000,42,89910.0,1853,185.3,10090,89910
2,43,1.0,1,0.1,1,1
3,43,2.0,2,0.2,1,2
100,43,84.0,50,5.0,16,84
200,43,170.0,79,7.9,30,170
2000,43,1758.0,414,41.4,242,1758
10000,43,8913.0,889,88.9,1087,8913
20000,43,17957.0,1137,113.7,2043,17957
40000,43,35848.0,1518,151.8,4152,35848
60000,43,53902.0,1605,160.5,6098,53902
80000,43,71885.0,1756,175.6,8115,71885
100000,43,89913.0,1831,183.1,10087,89913
2,44,1.0,1,0.1,1,1
3,44,2.0,2,0.2,1,2
100,44,86.0,50,5.0,14,86
200,44,171.0,81,8.1,29,171
2000,44,1750.0,470,47.0,250,1750
10000,44,8875.0,1015,101.5,1125,8875
20000,44,17842.0,1337,133.7,2158,17842
40000,44,35719.0,1819,181.9,4281,35719
60000,44,53774.0,1916,191.6,6226,53774
80000,44,71783.0,2015,201.5,8217,71783
100000,44,89867.0,2065,206.5,10133,89867
2,45,2.0,1,0.1,0,2
3,45,3.0,1,0.1,0,3
100,45,81.0,46,4.6,19,81
200,45,169.0,78,7.8,31,169
2000,45,1767.0,454,45.4,233,1767
10000,45,8923.0,1085,108.5,1077,8923
20000,45,17924.0,1441,144.1,2076,17924
40000,45,35907.0,1801,180.1,4093,35907
60000,45,53918.0,2007,200.7,6082,53918
80000,45,71881.0,2067,206.7,8119,71881
100000,45,89818.0,2176,217.6,10182,89818
2,46,1.0,1,0.1,1,1
3,46,2.0,1,0.1,1,2
100,46,81.0,34,3.4,19,81
200,46,168.0,61,6.1,32,168
2000,46,1738.0,387,38.7,262,1738
10000,46,8844.0,1110,111.0,1156,8844
20000,46,17802.0,1381,138.1,2198,17802
40000,46,35737.0,1861,186.1,4263,35737
60000,46,53685.0,1971,197.1,6315,53685
80000,46,71642.0,2209,220.9,8358,71642
100000,46,89621.0,2233,223.3,10379,89621
2,47,2.0,1,0.1,0,2
3,47,3.0,1,0.1,0,3
100,47,84.0,40,4.0,16,84
200,47,169.0,97,9.7,31,169
2000,47,1790.0,369,36.9,210,1790
10000,47,8979.0,888,88.8,1021,8979
20000,47,17954.0,1365,136.5,2046,17954
40000,47,35904.0,1656,165.6,4096,35904
60000,47,53871.0,2135,213.5,6129,53871
80000,47,71887.0,2324,232.4,8113,71887
100000,47,89812.0,2429,242.9,10188,89812
2,48,2.0,1,0.1,0,2
3,48,3.0,1,0.1,0,3
100,48,86.0,44,4.4,14,86
200,48,166.0,75,7.5,34,166
2000,48,1761.0,430,43.0,239,1761
10000,48,8913.0,862,86.2,1087,8913
20000,48,17923.0,955,95.5,2077,17923
40000,48,35796.0,1152,115.2,4204,35796
60000,48,53766.0,1296,129.6,6234,53766
80000,48,71675.0,1446,144.6,8325,71675
100000,48,89667.0,1481,148.1,10333,89667
2,49,2.0,1,0.1,0,2
3,49,3.0,1,0.1,0,3
100,49,83.0,48,4.8,17,83
200,49,172.0,83,8.3,28,172
2000,49,1773.0,426,42.6,227,1773
10000,49,8902.0,993,99.3,1098,8902
20000,49,17910.0,1295,129.5,2090,17910
40000,49,35904.0,1631,163.1,4096,35904
60000,49,53938.0,1758,175.8,6062,53938
80000,49,71980.0,1860,186.0,8020,71980
100000,49,90017.0,1904,190.4,9983,90017
2,50,2.0,1,0.1,0,2
3,50,3.0,1,0.1,0,3
100,50,85.0,42,4.2,15,85
200,50,176.0,90,9.0,24,176
2000,50,1760.0,537,53.7,240,1760
10000,50,8928.0,1112,111.2,1072,8928
20000,50,17970.0,1442,144.2,2030,17970
40000,50,35949.0,1873,187.3,4051,35949
60000,50,53942.0,2064,206.4,6058,53942
80000,50,72002.0,2204,220.4,7998,72002
100000,50,89983.0,2334,233.4,10017,89983
2,51,2.0,1,0.1,0,2
3,51,3.0,1,0.1,0,3
100,51,89.0,34,3.4,11,89
200,51,179.0,69,6.9,21,179
2000,51,1754.0,392,39.2,246,1754
10000,51,8924.0,1055,105.5,1076,8924
20000,51,17862.0,1406,140.6,2138,17862
40000,51,35800.0,1534,153.4,4200,35800
60000,51,53752.0,1663,166.3,6248,53752
80000,51,71699.0,1889,188.9,8301,71699
100000,51,89747.0,1915,191.5,10253,89747
2,52,1.0,1,0.1,1,1
3,52,1.0,1,0.1,2,1
100,52,85.0,41,4.1,15,85
200,52,170.0,68,6.8,30,170
2000,52,1764.0,302,30.2,236,1764
10000,52,8859.0,926,92.6,1141,8859
20000,52,17825.0,1069,106.9,2175,17825
40000,52,35871.0,1154,115.4,4129,35871
60000,52,53849.0,1318,131.8,6151,53849
80000,52,71811.0,1387,138.7,8189,71811
100000,52,89803.0,1415,141.5,10197,89803
2,53,2.0,1,0.1,0,2
3,53,3.0,1,0.1,0,3
100,53,85.0,46,4.6,15,85
200,53,169.0,87,8.7,31,169
2000,53,1745.0,301,30.1,255,1745
10000,53,8956.0,661,66.1,1044,8956
20000,53,17945.0,807,80.7,2055,17945
40000,53,35993.0,1086,108.6,4007,35993
60000,53,53939.0,1177,117.7,6061,53939
80000,53,71965.0,1240,124.0,8035,71965
100000,53,89915.0,1264,126.4,10085,89915
2,54,2.0,1,0.1,0,2
3,54,3.0,1,0.1,0,3
100,54,90.0,41,4.1,10,90
200,54,179.0,75,7.5,21,179
2000,54,1763.0,356,35.6,237,1763
10000,54,8904.0,815,81.5,1096,8904
20000,54,17861.0,1054,105.4,2139,17861
40000,54,35877.0,1145,114.5,4123,35877
60000,54,53835.0,1254,125.4,6165,53835
80000,54,71846.0,1300,130.0,8154,71846
100000,54,89853.0,1317,131.7,10147,89853
2,55,2.0,1,0.1,0,2
3,55,3.0,1,0.1,0,3
100,55,84.0,42,4.2,16,84
200,55,168.0,73,7.3,32,168
2000,55,1752.0,253,25.3,248,1752
10000,55,8874.0,624,62.4,1126,8874
20000,55,17888.0,986,98.6,2112,17888
40000,55,35883.0,1341,134.1,4117,35883
60000,55,53880.0,1425,142.5,6120,53880
80000,55,71792.0,1550,155.0,8208,71792
100000,55,89676.0,1648,164.8,10324,89676
2,56,1.0,1,0.1,1,1
3,56,2.0,1,0.1,1,2
100,56,88.0,39,3.9,12,88
200,56,169.0,90,9.0,31,169
2000,56,1740.0,404,40.4,260,1740
10000,56,8886.0,1115,111.5,1114,8886
20000,56,17858.0,1331,133.1,2142,17858
40000,56,35841.0,1494,149.4,4159,35841
60000,56,53757.0,1720,172.0,6243,53757
80000,56,71777.0,1839,183.9,8223,71777
100000,56,89756.0,1930,193.0,10244,89756
2,57,2.0,1,0.1,0,2
3,57,3.0,1,0.1,0,3
100,57,85.0,47,4.7,15,85
200,57,172.0,81,8.1,28,172
2000,57,1758.0,419,41.9,242,1758
10000,57,8861.0,882,88.2,1139,8861
20000,57,17876.0,1137,113.7,2124,17876
40000,57,35857.0,1284,128.4,4143,35857
60000,57,53923.0,1382,138.2,6077,53923
80000,57,71957.0,1516,151.6,8043,71957
100000,57,89914.0,1601,160.1,10086,89914
2,58,2.0,1,0.1,0,2
3,58,3.0,1,0.1,0,3
100,58,91.0,46,4.6,9,91
200,58,178.0,90,9.0,22,178
2000,58,1768.0,388,38.8,232,1768
10000,58,8878.0,861,86.1,1122,8878
20000,58,17836.0,1011,101.1,2164,17836
40000,58,35809.0,1127,112.7,4191,35809
60000,58,53739.0,1234,123.4,6261,53739
80000,58,71720.0,1369,136.9,8280,71720
100000,58,89668.0,1571,157.1,10332,89668
2,59,2.0,1,0.1,0,2
3,59,3.0,1,0.1,0,3
100,59,87.0,43,4.3,13,87
200,59,168.0,78,7.8,32,168
2000,59,1737.0,387,38.7,263,1737
10000,59,8873.0,974,97.4,1127,8873
20000,59,17801.0,1190,119.0,2199,17801
40000,59,35725.0,1341,134.1,4275,35725
60000,59,53733.0,1412,141.2,6267,53733
80000,59,71693.0,1555,155.5,8307,71693
100000,59,89684.0,1662,166.2,10316,89684
2,60,2.0,1,0.1,0,2
3,60,3.0,1,0.1,0,3
100,60,86.0,38,3.8,14,86
200,60,175.0,53,5.3,25,175
2000,60,1766.0,302,30.2,234,1766
10000,60,8886.0,805,80.5,1114,8886
20000,60,17810.0,1252,125.2,2190,17810
40000,60,35848.0,1617,161.7,4152,35848
60000,60,53887.0,1677,167.7,6113,53887
80000,60,71935.0,1706,170.6,8065,71935
100000,60,89859.0,1839,183.9,10141,89859
2,61,2.0,1,0.1,0,2
3,61,3.0,1,0.1,0,3
100,61,83.0,55,5.5,17,83
200,61,171.0,100,10.0,29,171
2000,61,1739.0,404,40.4,261,1739
10000,61,8859.0,907,90.7,1141,8859
20000,61,17862.0,1117,111.7,2138,17862
40000,61,35816.0,1339,133.9,4184,35816
60000,61,53811.0,1403,140.3,6189,53811
80000,61,71774.0,1464,146.4,8226,71774
100000,61,89788.0,1521,152.1,10212,89788
2,62,2.0,1,0.1,0,2
3,62,2.0,1,0.1,1,2
100,62,85.0,42,4.2,15,85
200,62,175.0,68,6.8,25,175
2000,62,1783.0,271,27.1,217,1783
10000,62,8940.0,655,65.5,1060,8940
20000,62,17956.0,938,93.8,2044,17956
40000,62,35969.0,1086,108.6,4031,35969
60000,62,54028.0,1204,120.4,5972,54028
80000,62,71944.0,1331,133.1,8056,71944
100000,62,89920.0,1390,139.0,10080,89920
2,63,2.0,1,0.1,0,2
3,63,3.0,1,0.1,0,3
100,63,91.0,33,3.3,9,91
200,63,178.0,64,6.4,22,178
2000,63,1761.0,437,43.7,239,1761
10000,63,8896.0,978,97.8,1104,8896
20000,63,17916.0,1092,109.2,2084,17916
40000,63,35909.0,1404,140.4,4091,35909
60000,63,53853.0,1736,173.6,6147,53853
80000,63,71825.0,1853,185.3,8175,71825
100000,63,89801.0,1943,194.3,10199,89801
2,64,2.0,1,0.1,0,2
3,64,3.0,1,0.1,0,3
100,64,83.0,42,4.2,17,83
200,64,167.0,74,7.4,33,167
2000,64,1755.0,334,33.4,245,1755
10000,64,8927.0,775,77.5,1073,8927
20000,64,17890.0,1216,121.6,2110,17890
40000,64,35900.0,1513,151.3,4100,35900
60000,64,53919.0,1713,171.3,6081,53919
80000,64,71971.0,1747,174.7,8029,71971
100000,64,90076.0,1781,178.1,9924,90076
2,65,2.0,1,0.1,0,2
3,65,3.0,1,0.1,0,3
100,65,89.0,45,4.5,11,89
200,65,179.0,71,7.1,21,179
2000,65,1746.0,369,36.9,254,1746
10000,65,8900.0,936,93.6,1100,8900
20000,65,17902.0,1062,106.2,2098,17902
40000,65,35807.0,1372,137.2,4193,35807
60000,65,53852.0,1480,148.0,6148,53852
80000,65,71813.0,1560,156.0,8187,71813
100000,65,89775.0,1611,161.1,10225,89775
2,66,2.0,1,0.1,0,2
3,66,2.0,1,0.1,1,2
100,66,89.0,37,3.7,11,89
200,66,172.0,76,7.6,28,172
2000,66,1761.0,249,24.9,239,1761
10000,66,8904.0,794,79.4,1096,8904
20000,66,17911.0,898,89.8,2089,17911
40000,66,35914.0,1133,113.3,4086,35914
60000,66,53986.0,1208,120.8,6014,53986
80000,66,71881.0,1298,129.8,8119,71881
100000,66,89911.0,1342,134.2,10089,89911
2,67,2.0,1,0.1,0,2
3,67,2.0,1,0.1,1,2
100,67,89.0,34,3.4,11,89
200,67,175.0,67,6.7,25,175
2000,67,1767.0,461,46.1,233,1767
10000,67,8871.0,1007,100.7,1129,8871
20000,67,17814.0,1152,115.2,2186,17814
40000,67,35768.0,1362,136.2,4232,35768
60000,67,53800.0,1388,138.8,6200,53800
80000,67,71782.0,1515,151.5,8218,71782
100000,67,89758.0,1666,166.6,10242,89758
2,68,2.0,1,0.1,0,2
3,68,3.0,1,0.1,0,3
100,68,87.0,37,3.7,13,87
200,68,175.0,51,5.1,25,175
2000,68,1770.0,373,37.3,230,1770
10000,68,8888.0,926,92.6,1112,8888
20000,68,17875.0,1160,116.0,2125,17875
40000,68,35803.0,1363,136.3,4197,35803
60000,68,53656.0,1613,161.3,6344,53656
80000,68,71726.0,1619,161.9,8274,71726
100000,68,89740.0,1655,165.5,10260,89740
2,69,2.0,1,0.1,0,2
3,69,3.0,1,0.1,0,3
100,69,85.0,44,4.4,15,85
200,69,169.0,86,8.6,31,169
2000,69,1754.0,425,42.5,246,1754
10000,69,8908.0,814,81.4,1092,8908
20000,69,17878.0,1132,113.2,2122,17878
40000,69,35937.0,1193,119.3,4063,35937
60000,69,53977.0,1387,138.7,6023,53977
80000,69,71892.0,1467,146.7,8108,71892
100000,69,89806.0,1618,161.8,10194,89806
2,70,2.0,1,0.1,0,2
3,70,3.0,1,0.1,0,3
100,70,86.0,41,4.1,14,86
200,70,169.0,74,7.4,31,169
2000,70,1778.0,494,49.4,222,1778
10000,70,8931.0,1030,103.0,1069,8931
20000,70,17915.0,1298,129.8,2085,17915
40000,70,35946.0,1543,154.3,4054,35946
60000,70,53879.0,1891,189.1,6121,53879
80000,70,71909.0,1974,197.4,8091,71909
100000,70,89905.0,2115,211.5,10095,89905
2,71,1.0,1,0.1,1,1
3,71,2.0,1,0.1,1,2
100,71,87.0,37,3.7,13,87
200,71,182.0,73,7.3,18,182
2000,71,1748.0,410,41.0,252,1748
10000,71,8930.0,663,66.3,1070,8930
20000,71,17963.0,879,87.9,2037,17963
40000,71,35963.0,1116,111.6,4037,35963
60000,71,54047.0,1189,118.9,5953,54047
80000,71,72053.0,1251,125.1,7947,72053
100000,71,90091.0,1315,131.5,9909,90091
2,72,2.0,1,0.1,0,2
3,72,3.0,1,0.1,0,3
100,72,89.0,37,3.7,11,89
200,72,180.0,61,6.1,20,180
2000,72,1751.0,309,30.9,249,1751
10000,72,8923.0,573,57.3,1077,8923
20000,72,17937.0,670,67.0,2063,17937
40000,72,35896.0,744,74.4,4104,35896
60000,72,53827.0,907,90.7,6173,53827
80000,72,71795.0,973,97.3,8205,71795
100000,72,89795.0,1021,102.1,10205,89795
2,73,2.0,1,0.1,0,2
3,73,3.0,1,0.1,0,3
100,73,92.0,42,4.2,8,92
200,73,175.0,86,8.6,25,175
2000,73,1742.0,361,36.1,258,1742
10000,73,8860.0,888,88.8,1140,8860
20000,73,17840.0,959,95.9,2160,17840
40000,73,35835.0,1084,108.4,4165,35835
60000,73,53857.0,1155,115.5,6143,53857
80000,73,71846.0,1229,122.9,8154,71846
100000,73,89773.0,1453,145.3,10227,89773
2,74,1.0,1,0.1,1,1
3,74,2.0,2,0.2,1,2
100,74,86.0,29,2.9,14,86
200,74,173.0,80,8.0,27,173
2000,74,1762.0,377,37.7,238,1762
10000,74,8897.0,727,72.7,1103,8897
20000,74,17818.0,1090,109.0,2182,17818
40000,74,35816.0,1709,170.9,4184,35816
60000,74,53825.0,1938,193.8,6175,53825
80000,74,71803.0,2070,207.0,8197,71803
100000,74,89766.0,2143,214.3,10234,89766
2,75,2.0,1,0.1,0,2
3,75,3.0,1,0.1,0,3
100,75,85.0,52,5.2,15,85
200,75,178.0,104,10.4,22,178
2000,75,1765.0,462,46.2,235,1765
10000,75,8912.0,1038,103.8,1088,8912
20000,75,17883.0,1282,128.2,2117,17883
40000,75,35856.0,1677,167.7,4144,35856
60000,75,53769.0,1932,193.2,6231,53769
80000,75,71709.0,2067,206.7,8291,71709
100000,75,89691.0,2131,213.1,10309,89691
2,76,2.0,1,0.1,0,2
3,76,2.0,1,0.1,1,2
100,76,89.0,42,4.2,11,89
200,76,173.0,84,8.4,27,173
2000,76,1734.0,485,48.5,266,1734
10000,76,8896.0,860,86.0,1104,8896
20000,76,17863.0,969,96.9,2137,17863
40000,76,35808.0,1106,110.6,4192,35808
60000,76,53782.0,1254,125.4,6218,53782
80000,76,71791.0,1432,143.2,8209,71791
100000,76,89799.0,1584,158.4,10201,89799
2,77,2.0,1,0.1,0,2
3,77,3.0,1,0.1,0,3
100,77,83.0,36,3.6,17,83
200,77,172.0,70,7.0,28,172
2000,77,1755.0,457,45.7,245,1755
10000,77,8891.0,961,96.1,1109,8891
20000,77,17902.0,1097,109.7,2098,17902
40000,77,35858.0,1342,134.2,4142,35858
60000,77,53859.0,1436,143.6,6141,53859
80000,77,71886.0,1447,144.7,8114,71886
100000,77,89893.0,1482,148.2,10107,89893
2,78,2.0,1,0.1,0,2
3,78,3.0,1,0.1,0,3
100,78,89.0,41,4.1,11,89
200,78,176.0,74,7.4,24,176
2000,78,1782.0,289,28.9,218,1782
10000,78,8935.0,871,87.1,1065,8935
20000,78,17930.0,1063,106.3,2070,17930
40000,78,35901.0,1417,141.7,4099,35901
60000,78,53853.0,1625,162.5,6147,53853
80000,78,71840.0,1670,167.0,8160,71840
100000,78,89880.0,1705,170.5,10120,89880
2,79,1.0,1,0.1,1,1
3,79,2.0,1,0.1,1,2
100,79,86.0,42,4.2,14,86
200,79,168.0,72,7.2,32,168
2000,79,1765.0,358,35.8,235,1765
10000,79,8940.0,793,79.3,1060,8940
20000,79,17940.0,1153,115.3,2060,17940
40000,79,35831.0,1368,136.8,4169,35831
60000,79,53748.0,1640,164.0,6252,53748
80000,79,71805.0,1756,175.6,8195,71805
100000,79,89839.0,1771,177.1,10161,89839
2,80,2.0,1,0.1,0,2
3,80,3.0,1,0.1,0,3
100,80,90.0,41,4.1,10,90
200,80,172.0,65,6.5,28,172
2000,80,1763.0,471,47.1,237,1763
10000,80,8830.0,1352,135.2,1170,8830
20000,80,17819.0,1671,167.1,2181,17819
40000,80,35877.0,1887,188.7,4123,35877
60000,80,53859.0,2036,203.6,6141,53859
80000,80,71901.0,2141,214.1,8099,71901
100000,80,89894.0,2201,220.1,10106,89894
2,81,2.0,1,0.1,0,2
3,81,3.0,1,0.1,0,3
100,81,85.0,39,3.9,15,85
200,81,171.0,103,10.3,29,171
2000,81,1751.0,534,53.4,249,1751
10000,81,8913.0,1084,108.4,1087,8913
20000,81,17920.0,1289,128.9,2080,17920
40000,81,35862.0,1459,145.9,4138,35862
60000,81,53893.0,1568,156.8,6107,53893
80000,81,71874.0,1814,181.4,8126,71874
100000,81,89908.0,1858,185.8,10092,89908
2,82,2.0,1,0.1,0,2
3,82,2.0,1,0.1,1,2
100,82,78.0,41,4.1,22,78
200,82,164.0,91,9.1,36,164
2000,82,1761.0,486,48.6,239,1761
10000,82,8928.0,866,86.6,1072,8928
20000,82,17937.0,1000,100.0,2063,17937
40000,82,35977.0,1270,127.0,4023,35977
60000,82,54014.0,1400,140.0,5986,54014
80000,82,71998.0,1571,157.1,8002,71998
100000,82,89878.0,1635,163.5,10122,89878
2,83,1.0,1,0.1,1,1
3,83,2.0,1,0.1,1,2
100,83,84.0,29,2.9,16,84
200,83,169.0,54,5.4,31,169
2000,83,1765.0,341,34.1,235,1765
10000,83,8942.0,908,90.8,1058,8942
20000,83,17892.0,1262,126.2,2108,17892
40000,83,35802.0,1712,171.2,4198,35802
60000,83,53810.0,1840,184.0,6190,53810
80000,83,71854.0,1920,192.0,8146,71854
100000,83,89861.0,2060,206.0,10139,89861
2,84,2.0,1,0.1,0,2
3,84,3.0,1,0.1,0,3
100,84,82.0,30,3.0,18,82
200,84,176.0,46,4.6,24,176
2000,84,1764.0,359,35.9,236,1764
10000,84,8889.0,857,85.7,1111,8889
20000,84,17853.0,1102,110.2,2147,17853
40000,84,35805.0,1257,125.7,4195,35805
60000,84,53778.0,1450,145.0,6222,53778
80000,84,71781.0,1500,150.0,8219,71781
100000,84,89726.0,1618,161.8,10274,89726
2,85,1.0,1,0.1,1,1
3,85,2.0,1,0.1,1,2
100,85,88.0,29,2.9,12,88
200,85,178.0,54,5.4,22,178
2000,85,1779.0,330,33.0,221,1779
10000,85,8948.0,854,85.4,1052,8948
20000,85,17910.0,1024,102.4,2090,17910
40000,85,35918.0,1364,136.4,4082,35918
60000,85,53890.0,1416,141.6,6110,53890
80000,85,71862.0,1503,150.3,8138,71862
100000,85,89816.0,1635,163.5,10184,89816
2,86,1.0,1,0.1,1,1
3,86,2.0,1,0.1,1,2
100,86,86.0,42,4.2,14,86
200,86,175.0,62,6.2,25,175
2000,86,1786.0,270,27.0,214,1786
10000,86,8954.0,762,76.2,1046,8954
20000,86,17897.0,1103,110.3,2103,17897
40000,86,35883.0,1393,139.3,4117,35883
60000,86,53817.0,1581,158.1,6183,53817
80000,86,71808.0,1762,176.2,8192,71808
100000,86,89846.0,1939,193.9,10154,89846
2,87,2.0,1,0.1,0,2
3,87,3.0,1,0.1,0,3
100,87,85.0,42,4.2,15,85
200,87,171.0,71,7.1,29,171
2000,87,1770.0,401,40.1,230,1770
10000,87,8946.0,949,94.9,1054,8946
20000,87,17877.0,1313,131.3,2123,17877
40000,87,35863.0,1425,142.5,4137,35863
60000,87,53852.0,1494,149.4,6148,53852
80000,87,71789.0,1586,158.6,8211,71789
100000,87,89796.0,1606,160.6,10204,89796
2,88,1.0,1,0.1,1,1
3,88,2.0,1,0.1,1,2
100,88,91.0,39,3.9,9,91
200,88,175.0,68,6.8,25,175
2000,88,1756.0,278,27.8,244,1756
10000,88,8935.0,914,91.4,1065,8935
20000,88,17953.0,1141,114.1,2047,17953
40000,88,35949.0,1371,137.1,4051,35949
60000,88,53899.0,1523,152.3,6101,53899
80000,88,71890.0,1570,157.0,8110,71890
100000,88,89880.0,1678,167.8,10120,89880
2,89,2.0,1,0.1,0,2
3,89,3.0,1,0.1,0,3
100,89,90.0,30,3.0,10,90
200,89,179.0,49,4.9,21,179
2000,89,1767.0,320,32.0,233,1767
10000,89,8913.0,724,72.4,1087,8913
20000,89,17905.0,971,97.1,2095,17905
40000,89,35829.0,1151,115.1,4171,35829
60000,89,53786.0,1274,127.4,6214,53786
80000,89,71729.0,1418,141.8,8271,71729
100000,89,89666.0,1440,144.0,10334,89666
2,90,2.0,1,0.1,0,2
3,90,3.0,1,0.1,0,3
100,90,88.0,34,3.4,12,88
200,90,175.0,73,7.3,25,175
2000,90,1769.0,402,40.2,231,1769
10000,90,8878.0,862,86.2,1122,8878
20000,90,17869.0,1104,110.4,2131,17869
40000,90,35879.0,1288,128.8,4121,35879
60000,90,53805.0,1549,154.9,6195,53805
80000,90,71781.0,1787,178.7,8219,71781
100000,90,89775.0,1840,184.0,10225,89775
2,91,1.0,1,0.1,1,1
3,91,2.0,1,0.1,1,2
100,91,87.0,28,2.8,13,87
200,91,175.0,69,6.9,25,175
2000,91,1758.0,387,38.7,242,1758
10000,91,8966.0,682,68.2,1034,8966
20000,91,17966.0,962,96.2,2034,17966
40000,91,35935.0,1249,124.9,4065,35935
60000,91,53918.0,1405,140.5,6082,53918
80000,91,71907.0,1502,150.2,8093,71907
100000,91,89910.0,1644,164.4,10090,89910
2,92,2.0,1,0.1,0,2
3,92,2.0,1,0.1,1,2
100,92,91.0,42,4.2,9,91
200,92,180.0,70,7.0,20,180
2000,92,1786.0,284,28.4,214,1786
10000,92,8843.0,657,65.7,1157,8843
20000,92,17816.0,829,82.9,2184,17816
40000,92,35755.0,1015,101.5,4245,35755
60000,92,53728.0,1061,106.1,6272,53728
80000,92,71747.0,1106,110.6,8253,71747
100000,92,89749.0,1175,117.5,10251,89749
2,93,1.0,1,0.1,1,1
3,93,1.0,1,0.1,2,1
100,93,87.0,47,4.7,13,87
200,93,175.0,83,8.3,25,175
2000,93,1750.0,510,51.0,250,1750
10000,93,8912.0,1018,101.8,1088,8912
20000,93,17860.0,1230,123.0,2140,17860
40000,93,35903.0,1367,136.7,4097,35903
60000,93,53899.0,1487,148.7,6101,53899
80000,93,71899.0,1699,169.9,8101,71899
100000,93,89887.0,1806,180.6,10113,89887
2,94,1.0,1,0.1,1,1
3,94,2.0,1,0.1,1,2
100,94,84.0,22,2.2,16,84
200,94,167.0,50,5.0,33,167
2000,94,1751.0,348,34.8,249,1751
10000,94,8885.0,735,73.5,1115,8885
20000,94,17939.0,983,98.3,2061,17939
40000,94,35961.0,1352,135.2,4039,35961
60000,94,54030.0,1510,151.0,5970,54030
80000,94,72007.0,1588,158.8,7993,72007
100000,94,90047.0,1659,165.9,9953,90047
2,95,2.0,1,0.1,0,2
3,95,3.0,1,0.1,0,3
100,95,89.0,45,4.5,11,89
200,95,174.0,76,7.6,26,174
2000,95,1760.0,452,45.2,240,1760
10000,95,8911.0,874,87.4,1089,8911
20000,95,17889.0,1275,127.5,2111,17889
40000,95,35831.0,1476,147.6,4169,35831
60000,95,53812.0,1517,151.7,6188,53812
80000,95,71773.0,1681,168.1,8227,71773
100000,95,89769.0,1721,172.1,10231,89769
2,96,2.0,1,0.1,0,2
3,96,3.0,1,0.1,0,3
100,96,89.0,44,4.4,11,89
200,96,178.0,83,8.3,22,178
2000,96,1785.0,335,33.5,215,1785
10000,96,8987.0,760,76.0,1013,8987
20000,96,17984.0,1027,102.7,2016,17984
40000,96,35914.0,1432,143.2,4086,35914
60000,96,53931.0,1546,154.6,6069,53931
80000,96,71870.0,1820,182.0,8130,71870
100000,96,89851.0,1892,189.2,10149,89851
2,97,2.0,1,0.1,0,2
3,97,2.0,1,0.1,1,2
100,97,86.0,37,3.7,14,86
200,97,174.0,62,6.2,26,174
2000,97,1734.0,435,43.5,266,1734
10000,97,8846.0,1089,108.9,1154,8846
20000,97,17798.0,1333,133.3,2202,17798
40000,97,35710.0,1552,155.2,4290,35710
60000,97,53710.0,1661,166.1,6290,53710
80000,97,71718.0,1731,173.1,8282,71718
100000,97,89673.0,1765,176.5,10327,89673
2,98,1.0,1,0.1,1,1
3,98,2.0,1,0.1,1,2
100,98,89.0,34,3.4,11,89
200,98,170.0,76,7.6,30,170
2000,98,1741.0,425,42.5,259,1741
10000,98,8936.0,768,76.8,1064,8936
20000,98,17967.0,1011,101.1,2033,17967
40000,98,35891.0,1198,119.8,4109,35891
60000,98,53901.0,1272,127.2,6099,53901
80000,98,71808.0,1401,140.1,8192,71808
100000,98,89869.0,1433,143.3,10131,89869
2,99,1.0,1,0.1,1,1
3,99,2.0,1,0.1,1,2
100,99,85.0,50,5.0,15,85
200,99,168.0,86,8.6,32,168
2000,99,1739.0,308,30.8,261,1739
10000,99,8923.0,502,50.2,1077,8923
20000,99,17857.0,896,89.6,2143,17857
40000,99,35776.0,1065,106.5,4224,35776
60000,99,53797.0,1350,135.0,6203,53797
80000,99,71746.0,1444,144.4,8254,71746
100000,99,89740.0,1487,148.7,10260,89740
2,100,2.0,1,0.1,0,2
3,100,2.0,1,0.1,1,2
100,100,86.0,39,3.9,14,86
200,100,174.0,60,6.0,26,174
2000,100,1762.0,368,36.8,238,1762
10000,100,8968.0,837,83.7,1032,8968
20000,100,17919.0,1035,103.5,2081,17919
40000,100,35881.0,1190,119.0,4119,35881
60000,100,53819.0,1281,128.1,6181,53819
80000,100,71856.0,1364,136.4,8144,71856
100000,100,89820.0,1403,140.3,10180,89820
