Timestep,Iteration,Total Reward,Suboptimal Arms,Total Regret,Zeros Count,Ones Count
2,1,1.0,1,0.01,1,1
3,1,2.0,2,0.01,1,2
100,1,88.0,50,0.25,12,88
200,1,176.0,93,0.47,24,176
2000,1,1783.0,943,4.72,217,1783
10000,1,8977.0,5378,26.89,1023,8977
20000,1,17947.0,9996,49.98,2053,17947
40000,1,35914.0,19848,99.24,4086,35914
60000,1,53946.0,26655,133.28,6054,53946
80000,1,71942.0,35156,175.78,8058,71942
100000,1,89934.0,42778,213.89,10066,89934
2,2,2.0,1,0.01,0,2
3,2,2.0,2,0.01,1,2
100,2,89.0,53,0.27,11,89
200,2,180.0,100,0.5,20,180
2000,2,1801.0,766,3.83,199,1801
10000,2,8964.0,3941,19.71,1036,8964
20000,2,17929.0,8575,42.88,2071,17929
40000,2,35926.0,15401,77.01,4074,35926
60000,2,53904.0,20550,102.75,6096,53904
80000,2,71867.0,28705,143.53,8133,71867
100000,2,89870.0,32430,162.15,10130,89870
2,3,2.0,1,0.01,0,2
3,3,3.0,2,0.01,0,3
100,3,83.0,51,0.26,17,83
200,3,169.0,90,0.45,31,169
2000,3,1782.0,970,4.85,218,1782
10000,3,8987.0,4607,23.04,1013,8987
20000,3,17994.0,9442,47.21,2006,17994
40000,3,35973.0,18353,91.77,4027,35973
60000,3,53960.0,25147,125.74,6040,53960
80000,3,71919.0,32932,164.66,8081,71919
100000,3,89900.0,41588,207.94,10100,89900
2,4,2.0,1,0.01,0,2
3,4,3.0,2,0.01,0,3
100,4,91.0,46,0.23,9,91
200,4,179.0,92,0.46,21,179
2000,4,1811.0,853,4.27,189,1811
10000,4,9006.0,4340,21.7,994,9006
20000,4,17946.0,9193,45.97,2054,17946
40000,4,35881.0,18133,90.67,4119,35881
60000,4,53785.0,25766,128.83,6215,53785
80000,4,71737.0,32920,164.6,8263,71737
100000,4,89686.0,41229,206.15,10314,89686
2,5,1.0,1,0.01,1,1
3,5,2.0,2,0.01,1,2
100,5,91.0,55,0.28,9,91
200,5,181.0,93,0.47,19,181
2000,5,1797.0,1016,5.08,203,1797
10000,5,8999.0,4596,22.98,1001,8999
20000,5,18058.0,8930,44.65,1942,18058
40000,5,35947.0,17029,85.15,4053,35947
60000,5,53947.0,24342,121.71,6053,53947
80000,5,71958.0,32207,161.04,8042,71958
100000,5,89910.0,39815,199.08,10090,89910
2,6,2.0,1,0.01,0,2
3,6,3.0,2,0.01,0,3
100,6,89.0,55,0.28,11,89
200,6,177.0,102,0.51,23,177
2000,6,1788.0,1025,5.13,212,1788
10000,6,8904.0,5184,25.92,1096,8904
20000,6,17849.0,8780,43.9,2151,17849
40000,6,35828.0,16011,80.06,4172,35828
60000,6,53807.0,22676,113.38,6193,53807
80000,6,71781.0,27371,136.86,8219,71781
100000,6,89751.0,39120,195.6,10249,89751
2,7,2.0,1,0.01,0,2
3,7,3.0,2,0.01,0,3
100,7,88.0,50,0.25,12,88
200,7,175.0,98,0.49,25,175
2000,7,1789.0,830,4.15,211,1789
10000,7,8966.0,3745,18.73,1034,8966
20000,7,17972.0,7631,38.16,2028,17972
40000,7,36038.0,14582,72.91,3962,36038
60000,7,54043.0,20594,102.97,5957,54043
80000,7,71991.0,30281,151.41,8009,71991
100000,7,89917.0,39834,199.17,10083,89917
2,8,2.0,1,0.01,0,2
3,8,3.0,2,0.01,0,3
100,8,89.0,41,0.21,11,89
200,8,174.0,88,0.44,26,174
2000,8,1776.0,1007,5.04,224,1776
10000,8,9003.0,4751,23.76,997,9003
20000,8,17931.0,8929,44.65,2069,17931
40000,8,35850.0,17937,89.69,4150,35850
60000,8,53801.0,25752,128.76,6199,53801
80000,8,71825.0,32375,161.88,8175,71825
100000,8,89761.0,39325,196.63,10239,89761
2,9,2.0,1,0.01,0,2
3,9,3.0,2,0.01,0,3
100,9,90.0,45,0.23,10,90
200,9,181.0,78,0.39,19,181
2000,9,1798.0,787,3.94,202,1798
10000,9,8955.0,4056,20.28,1045,8955
20000,9,17863.0,8945,44.73,2137,17863
40000,9,35756.0,17259,86.3,4244,35756
60000,9,53672.0,25590,127.95,6328,53672
80000,9,71591.0,32833,164.17,8409,71591
100000,9,89467.0,41994,209.97,10533,89467
2,10,2.0,1,0.01,0,2
3,10,3.0,2,0.01,0,3
100,10,90.0,43,0.22,10,90
200,10,184.0,75,0.38,16,184
2000,10,1817.0,876,4.38,183,1817
10000,10,9013.0,4804,24.02,987,9013
20000,10,17972.0,9389,46.95,2028,17972
40000,10,35936.0,16443,82.22,4064,35936
60000,10,53886.0,23612,118.06,6114,53886
80000,10,71901.0,31402,157.01,8099,71901
100000,10,89919.0,36877,184.39,10081,89919
2,11,2.0,1,0.01,0,2
3,11,3.0,2,0.01,0,3
100,11,86.0,44,0.22,14,86
200,11,179.0,91,0.46,21,179
2000,11,1787.0,908,4.54,213,1787
10000,11,8956.0,5602,28.01,1044,8956
20000,11,17924.0,9477,47.39,2076,17924
40000,11,35890.0,19314,96.57,4110,35890
60000,11,53830.0,27646,138.23,6170,53830
80000,11,71802.0,32989,164.95,8198,71802
100000,11,89740.0,40582,202.91,10260,89740
2,12,2.0,1,0.01,0,2
3,12,3.0,2,0.01,0,3
100,12,91.0,46,0.23,9,91
200,12,179.0,84,0.42,21,179
2000,12,1786.0,1008,5.04,214,1786
10000,12,8992.0,5107,25.54,1008,8992
20000,12,18000.0,9760,48.8,2000,18000
40000,12,36001.0,17308,86.54,3999,36001
60000,12,54032.0,24186,120.93,5968,54032
80000,12,71920.0,32650,163.25,8080,71920
100000,12,89883.0,42675,213.38,10117,89883
2,13,2.0,1,0.01,0,2
3,13,3.0,2,0.01,0,3
100,13,94.0,43,0.22,6,94
200,13,188.0,95,0.48,12,188
2000,13,1792.0,815,4.08,208,1792
10000,13,8937.0,5198,25.99,1063,8937
20000,13,17901.0,9191,45.96,2099,17901
40000,13,35791.0,18571,92.86,4209,35791
60000,13,53769.0,26881,134.41,6231,53769
80000,13,71752.0,33218,166.09,8248,71752
100000,13,89781.0,40385,201.93,10219,89781
2,14,1.0,1,0.01,1,1
3,14,2.0,1,0.01,1,2
100,14,84.0,50,0.25,16,84
200,14,175.0,105,0.53,25,175
2000,14,1803.0,875,4.38,197,1803
10000,14,9010.0,4369,21.85,990,9010
20000,14,17962.0,8826,44.13,2038,17962
40000,14,35895.0,17605,88.03,4105,35895
60000,14,53775.0,28488,142.44,6225,53775
80000,14,71703.0,34917,174.59,8297,71703
100000,14,89697.0,42463,212.32,10303,89697
2,15,2.0,1,0.01,0,2
3,15,3.0,2,0.01,0,3
100,15,91.0,37,0.19,9,91
200,15,183.0,86,0.43,17,183
2000,15,1788.0,858,4.29,212,1788
10000,15,8994.0,4489,22.45,1006,8994
20000,15,17946.0,8486,42.43,2054,17946
40000,15,35920.0,17759,88.8,4080,35920
60000,15,53853.0,25824,129.12,6147,53853
80000,15,71768.0,33008,165.04,8232,71768
100000,15,89684.0,39165,195.83,10316,89684
2,16,1.0,1,0.01,1,1
3,16,2.0,1,0.01,1,2
100,16,89.0,51,0.26,11,89
200,16,176.0,101,0.51,24,176
2000,16,1790.0,1128,5.64,210,1790
10000,16,9017.0,5869,29.35,983,9017
20000,16,18003.0,11538,57.69,1997,18003
40000,16,36036.0,20625,103.13,3964,36036
60000,16,54027.0,30562,152.81,5973,54027
80000,16,72011.0,37298,186.49,7989,72011
100000,16,90087.0,42609,213.05,9913,90087
2,17,1.0,1,0.01,1,1
3,17,2.0,1,0.01,1,2
100,17,90.0,50,0.25,10,90
200,17,176.0,107,0.54,24,176
2000,17,1783.0,1022,5.11,217,1783
10000,17,8974.0,4349,21.75,1026,8974
20000,17,17942.0,8502,42.51,2058,17942
40000,17,35835.0,15280,76.4,4165,35835
60000,17,53760.0,22708,113.54,6240,53760
80000,17,71779.0,30005,150.03,8221,71779
100000,17,89775.0,32972,164.86,10225,89775
2,18,2.0,1,0.01,0,2
3,18,3.0,2,0.01,0,3
100,18,85.0,44,0.22,15,85
200,18,177.0,94,0.47,23,177
2000,18,1776.0,1032,5.16,224,1776
10000,18,8930.0,4496,22.48,1070,8930
20000,18,17929.0,8308,41.54,2071,17929
40000,18,35831.0,14830,74.15,4169,35831
60000,18,53734.0,23391,116.96,6266,53734
80000,18,71667.0,29895,149.48,8333,71667
100000,18,89615.0,34382,171.91,10385,89615
2,19,2.0,1,0.01,0,2
3,19,3.0,2,0.01,0,3
100,19,88.0,50,0.25,12,88
200,19,177.0,83,0.42,23,177
2000,19,1790.0,787,3.94,210,1790
10000,19,8991.0,4746,23.73,1009,8991
20000,19,18010.0,9662,48.31,1990,18010
40000,19,35967.0,16393,81.97,4033,35967
60000,19,53979.0,22976,114.88,6021,53979
80000,19,71954.0,33009,165.05,8046,71954
100000,19,89906.0,40887,204.44,10094,89906
2,20,2.0,1,0.01,0,2
3,20,3.0,2,0.01,0,3
100,20,87.0,44,0.22,13,87
200,20,176.0,81,0.41,24,176
2000,20,1801.0,1004,5.02,199,1801
10000,20,8997.0,4693,23.47,1003,8997
20000,20,17927.0,9236,46.18,2073,17927
40000,20,35884.0,16671,83.36,4116,35884
60000,20,53817.0,26849,134.25,6183,53817
80000,20,71784.0,33687,168.44,8216,71784
100000,20,89825.0,37285,186.43,10175,89825
2,21,2.0,1,0.01,0,2
3,21,2.0,2,0.01,1,2
100,21,81.0,41,0.21,19,81
200,21,169.0,92,0.46,31,169
2000,21,1756.0,962,4.81,244,1756
10000,21,8932.0,4675,23.38,1068,8932
20000,21,17833.0,7949,39.75,2167,17833
40000,21,35764.0,16366,81.83,4236,35764
60000,21,53729.0,25227,126.14,6271,53729
80000,21,71713.0,34656,173.28,8287,71713
100000,21,89695.0,41822,209.11,10305,89695
2,22,2.0,1,0.01,0,2
3,22,3.0,2,0.01,0,3
100,22,88.0,55,0.28,12,88
200,22,181.0,100,0.5,19,181
2000,22,1821.0,881,4.41,179,1821
10000,22,8995.0,3734,18.67,1005,8995
20000,22,17944.0,7659,38.3,2056,17944
40000,22,35945.0,17508,87.54,4055,35945
60000,22,53949.0,22802,114.01,6051,53949
80000,22,71855.0,30731,153.66,8145,71855
100000,22,89815.0,36748,183.74,10185,89815
2,23,2.0,1,0.01,0,2
3,23,3.0,2,0.01,0,3
100,23,93.0,61,0.31,7,93
200,23,182.0,114,0.57,18,182
2000,23,1774.0,837,4.19,226,1774
10000,23,8963.0,3075,15.38,1037,8963
20000,23,17894.0,6627,33.14,2106,17894
40000,23,35822.0,13851,69.26,4178,35822
60000,23,53772.0,20446,102.23,6228,53772
80000,23,71744.0,28000,140.0,8256,71744
100000,23,89640.0,37286,186.43,10360,89640
2,24,1.0,1,0.01,1,1
3,24,2.0,2,0.01,1,2
100,24,91.0,48,0.24,9,91
200,24,178.0,94,0.47,22,178
2000,24,1800.0,855,4.28,200,1800
10000,24,9011.0,5408,27.04,989,9011
20000,24,17980.0,10603,53.02,2020,17980
40000,24,35884.0,21187,105.94,4116,35884
60000,24,53849.0,27397,136.99,6151,53849
80000,24,71801.0,36510,182.55,8199,71801
100000,24,89810.0,43410,217.05,10190,89810
2,25,2.0,1,0.01,0,2
3,25,3.0,2,0.01,0,3
100,25,92.0,47,0.24,8,92
200,25,185.0,106,0.53,15,185
2000,25,1777.0,786,3.93,223,1777
10000,25,8975.0,3931,19.66,1025,8975
20000,25,17964.0,6742,33.71,2036,17964
40000,25,35957.0,14426,72.13,4043,35957
60000,25,53932.0,24405,122.03,6068,53932
80000,25,71928.0,31202,156.01,8072,71928
100000,25,89848.0,38212,191.06,10152,89848
2,26,2.0,1,0.01,0,2
3,26,3.0,2,0.01,0,3
100,26,90.0,55,0.28,10,90
200,26,178.0,108,0.54,22,178
2000,26,1779.0,904,4.52,221,1779
10000,26,8978.0,4229,21.15,1022,8978
20000,26,17950.0,9170,45.85,2050,17950
40000,26,35957.0,17649,88.25,4043,35957
60000,26,53925.0,26710,133.55,6075,53925
80000,26,71873.0,34214,171.07,8127,71873
100000,26,89822.0,41199,206.0,10178,89822
2,27,2.0,1,0.01,0,2
3,27,3.0,2,0.01,0,3
100,27,92.0,51,0.26,8,92
200,27,179.0,109,0.55,21,179
2000,27,1799.0,1067,5.34,201,1799
10000,27,8970.0,5049,25.25,1030,8970
20000,27,17978.0,9244,46.22,2022,17978
40000,27,35906.0,18030,90.15,4094,35906
60000,27,53901.0,23509,117.55,6099,53901
80000,27,71849.0,30215,151.08,8151,71849
100000,27,89879.0,36664,183.32,10121,89879
2,28,2.0,1,0.01,0,2
3,28,3.0,2,0.01,0,3
100,28,89.0,49,0.25,11,89
200,28,179.0,91,0.46,21,179
2000,28,1773.0,835,4.18,227,1773
10000,28,8993.0,4475,22.38,1007,8993
20000,28,18041.0,8484,42.42,1959,18041
40000,28,35953.0,15444,77.22,4047,35953
60000,28,53894.0,22520,112.6,6106,53894
80000,28,71897.0,29844,149.22,8103,71897
100000,28,89780.0,38839,194.2,10220,89780
2,29,1.0,1,0.01,1,1
3,29,2.0,2,0.01,1,2
100,29,91.0,61,0.31,9,91
200,29,179.0,109,0.55,21,179
2000,29,1797.0,926,4.63,203,1797
10000,29,8954.0,3997,19.99,1046,8954
20000,29,17887.0,8076,40.38,2113,17887
40000,29,35850.0,18115,90.58,4150,35850
60000,29,53964.0,21091,105.46,6036,53964
80000,29,71901.0,28137,140.69,8099,71901
100000,29,89851.0,35861,179.31,10149,89851
2,30,2.0,1,0.01,0,2
3,30,3.0,2,0.01,0,3
100,30,90.0,59,0.3,10,90
200,30,182.0,120,0.6,18,182
2000,30,1828.0,1065,5.33,172,1828
10000,30,9053.0,4897,24.49,947,9053
20000,30,18001.0,9712,48.56,1999,18001
40000,30,36012.0,16211,81.06,3988,36012
60000,30,53979.0,22341,111.71,6021,53979
80000,30,71933.0,29387,146.94,8067,71933
100000,30,89930.0,35585,177.93,10070,89930
2,31,2.0,1,0.01,0,2
3,31,3.0,2,0.01,0,3
100,31,92.0,57,0.29,8,92
200,31,184.0,100,0.5,16,184
2000,31,1781.0,961,4.81,219,1781
10000,31,8971.0,4319,21.6,1029,8971
20000,31,17962.0,7794,38.97,2038,17962
40000,31,35854.0,16121,80.61,4146,35854
60000,31,53838.0,24284,121.42,6162,53838
80000,31,71864.0,31122,155.61,8136,71864
100000,31,89829.0,38459,192.3,10171,89829
2,32,2.0,1,0.01,0,2
3,32,3.0,2,0.01,0,3
100,32,93.0,61,0.31,7,93
200,32,182.0,120,0.6,18,182
2000,32,1797.0,1326,6.63,203,1797
10000,32,8999.0,4940,24.7,1001,8999
20000,32,18019.0,9198,45.99,1981,18019
40000,32,36004.0,17925,89.63,3996,36004
60000,32,54007.0,27737,138.69,5993,54007
80000,32,72014.0,34637,173.19,7986,72014
100000,32,89954.0,41277,206.39,10046,89954
2,33,2.0,1,0.01,0,2
3,33,3.0,2,0.01,0,3
100,33,90.0,50,0.25,10,90
200,33,185.0,95,0.48,15,185
2000,33,1789.0,762,3.81,211,1789
10000,33,8961.0,4665,23.33,1039,8961
20000,33,17922.0,9782,48.91,2078,17922
40000,33,35874.0,15804,79.02,4126,35874
60000,33,53758.0,23593,117.97,6242,53758
80000,33,71660.0,30058,150.29,8340,71660
100000,33,89703.0,38579,192.9,10297,89703
2,34,2.0,1,0.01,0,2
3,34,2.0,2,0.01,1,2
100,34,87.0,44,0.22,13,87
200,34,174.0,96,0.48,26,174
2000,34,1763.0,1099,5.5,237,1763
10000,34,8954.0,5130,25.65,1046,8954
20000,34,17915.0,10899,54.5,2085,17915
40000,34,35958.0,18983,94.92,4042,35958
60000,34,53901.0,26903,134.52,6099,53901
80000,34,71814.0,33791,168.96,8186,71814
100000,34,89766.0,42481,212.41,10234,89766
2,35,2.0,1,0.01,0,2
3,35,3.0,2,0.01,0,3
100,35,88.0,50,0.25,12,88
200,35,183.0,102,0.51,17,183
2000,35,1790.0,949,4.75,210,1790
10000,35,8936.0,4932,24.66,1064,8936
20000,35,17906.0,8395,41.98,2094,17906
40000,35,35854.0,17072,85.36,4146,35854
60000,35,53868.0,23100,115.5,6132,53868
80000,35,71846.0,28077,140.39,8154,71846
100000,35,89836.0,33129,165.65,10164,89836
2,36,2.0,1,0.01,0,2
3,36,3.0,2,0.01,0,3
100,36,82.0,33,0.17,18,82
200,36,173.0,80,0.4,27,173
2000,36,1796.0,744,3.72,204,1796
10000,36,8984.0,3845,19.23,1016,8984
20000,36,18015.0,6917,34.59,1985,18015
40000,36,35977.0,13959,69.8,4023,35977
60000,36,53891.0,23397,116.99,6109,53891
80000,36,71877.0,33752,168.76,8123,71877
100000,36,89825.0,41876,209.38,10175,89825
2,37,2.0,1,0.01,0,2
3,37,3.0,2,0.01,0,3
100,37,96.0,52,0.26,4,96
200,37,185.0,94,0.47,15,185
2000,37,1781.0,911,4.56,219,1781
10000,37,8994.0,3790,18.95,1006,8994
20000,37,17993.0,8631,43.16,2007,17993
40000,37,35941.0,18132,90.66,4059,35941
60000,37,53981.0,24894,124.47,6019,53981
80000,37,71961.0,32017,160.09,8039,71961
100000,37,89900.0,38916,194.58,10100,89900
2,38,2.0,1,0.01,0,2
3,38,3.0,2,0.01,0,3
100,38,90.0,50,0.25,10,90
200,38,176.0,100,0.5,24,176
2000,38,1795.0,1064,5.32,205,1795
10000,38,8931.0,4856,24.28,1069,8931
20000,38,17890.0,8362,41.81,2110,17890
40000,38,35830.0,16401,82.01,4170,35830
60000,38,53751.0,23044,115.22,6249,53751
80000,38,71722.0,28116,140.58,8278,71722
100000,38,89705.0,35237,176.19,10295,89705
2,39,2.0,1,0.01,0,2
3,39,3.0,2,0.01,0,3
100,39,92.0,59,0.3,8,92
200,39,181.0,107,0.54,19,181
2000,39,1805.0,952,4.76,195,1805
10000,39,8987.0,4398,21.99,1013,8987
20000,39,17992.0,8260,41.3,2008,17992
40000,39,35932.0,14698,73.49,4068,35932
60000,39,53897.0,20848,104.24,6103,53897
80000,39,71853.0,27304,136.52,8147,71853
100000,39,89785.0,33320,166.6,10215,89785
2,40,2.0,1,0.01,0,2
3,40,3.0,2,0.01,0,3
100,40,92.0,58,0.29,8,92
200,40,176.0,118,0.59,24,176
2000,40,1805.0,1107,5.54,195,1805
10000,40,9010.0,5053,25.27,990,9010
20000,40,17984.0,11364,56.82,2016,17984
40000,40,35890.0,20588,102.94,4110,35890
60000,40,53859.0,28668,143.34,6141,53859
80000,40,71872.0,33638,168.19,8128,71872
100000,40,89795.0,37551,187.76,10205,89795
2,41,2.0,1,0.01,0,2
3,41,3.0,2,0.01,0,3
100,41,90.0,52,0.26,10,90
200,41,178.0,100,0.5,22,178
2000,41,1810.0,839,4.2,190,1810
10000,41,9032.0,4119,20.6,968,9032
20000,41,17991.0,7311,36.56,2009,17991
40000,41,35976.0,16395,81.98,4024,35976
60000,41,53893.0,24955,124.78,6107,53893
80000,41,71778.0,34084,170.42,8222,71778
100000,41,89695.0,40135,200.68,10305,89695
2,42,1.0,1,0.01,1,1
3,42,2.0,2,0.01,1,2
100,42,86.0,58,0.29,14,86
200,42,182.0,100,0.5,18,182
2000,42,1793.0,954,4.77,207,1793
10000,42,8995.0,4499,22.5,1005,8995
20000,42,17967.0,8466,42.33,2033,17967
40000,42,35957.0,18620,93.1,4043,35957
60000,42,53987.0,24281,121.41,6013,53987
80000,42,71922.0,33058,165.29,8078,71922
100000,42,89849.0,39326,196.63,10151,89849
2,43,2.0,1,0.01,0,2
3,43,3.0,2,0.01,0,3
100,43,89.0,34,0.17,11,89
200,43,183.0,94,0.47,17,183
2000,43,1775.0,1044,5.22,225,1775
10000,43,8896.0,6115,30.58,1104,8896
20000,43,17901.0,9176,45.88,2099,17901
40000,43,35877.0,17504,87.52,4123,35877
60000,43,53809.0,23017,115.09,6191,53809
80000,43,71838.0,31194,155.97,8162,71838
100000,43,89882.0,35188,175.94,10118,89882
2,44,1.0,1,0.01,1,1
3,44,2.0,2,0.01,1,2
100,44,85.0,42,0.21,15,85
200,44,176.0,83,0.42,24,176
2000,44,1810.0,1023,5.12,190,1810
10000,44,8955.0,4978,24.89,1045,8955
20000,44,17871.0,10417,52.09,2129,17871
40000,44,35853.0,20427,102.14,4147,35853
60000,44,53817.0,30425,152.13,6183,53817
80000,44,71757.0,36752,183.76,8243,71757
100000,44,89714.0,43988,219.94,10286,89714
2,45,2.0,1,0.01,0,2
3,45,3.0,2,0.01,0,3
100,45,93.0,52,0.26,7,93
200,45,183.0,84,0.42,17,183
2000,45,1797.0,694,3.47,203,1797
10000,45,8992.0,4712,23.56,1008,8992
20000,45,18003.0,8039,40.2,1997,18003
40000,45,35928.0,14697,73.49,4072,35928
60000,45,53796.0,22193,110.97,6204,53796
80000,45,71688.0,31892,159.46,8312,71688
100000,45,89741.0,41919,209.6,10259,89741
2,46,2.0,1,0.01,0,2
3,46,3.0,2,0.01,0,3
100,46,92.0,53,0.27,8,92
200,46,189.0,95,0.48,11,189
2000,46,1801.0,939,4.7,199,1801
10000,46,9034.0,4801,24.01,966,9034
20000,46,18023.0,9484,47.42,1977,18023
40000,46,35926.0,18077,90.39,4074,35926
60000,46,53884.0,25209,126.05,6116,53884
80000,46,71823.0,32475,162.38,8177,71823
100000,46,89762.0,41766,208.83,10238,89762
2,47,2.0,1,0.01,0,2
3,47,3.0,2,0.01,0,3
100,47,93.0,47,0.24,7,93
200,47,181.0,100,0.5,19,181
2000,47,1799.0,850,4.25,201,1799
10000,47,8963.0,5226,26.13,1037,8963
20000,47,17926.0,9184,45.92,2074,17926
40000,47,35879.0,19200,96.0,4121,35879
60000,47,53806.0,28876,144.38,6194,53806
80000,47,71830.0,33990,169.95,8170,71830
100000,47,89827.0,41996,209.98,10173,89827
2,48,1.0,1,0.01,1,1
3,48,2.0,1,0.01,1,2
100,48,90.0,50,0.25,10,90
200,48,178.0,116,0.58,22,178
2000,48,1779.0,1087,5.44,221,1779
10000,48,8975.0,5480,27.4,1025,8975
20000,48,17984.0,11808,59.04,2016,17984
40000,48,35912.0,23479,117.4,4088,35912
60000,48,53883.0,30780,153.9,6117,53883
80000,48,71830.0,39939,199.7,8170,71830
100000,48,89831.0,48254,241.27,10169,89831
2,49,2.0,1,0.01,0,2
3,49,2.0,2,0.01,1,2
100,49,89.0,47,0.24,11,89
200,49,181.0,93,0.47,19,181
2000,49,1779.0,948,4.74,221,1779
10000,49,8967.0,4625,23.13,1033,8967
20000,49,17936.0,8927,44.64,2064,17936
40000,49,35903.0,18076,90.38,4097,35903
60000,49,53868.0,26581,132.91,6132,53868
80000,49,71864.0,32858,164.29,8136,71864
100000,49,89845.0,37862,189.31,10155,89845
2,50,2.0,1,0.01,0,2
3,50,2.0,2,0.01,1,2
100,50,87.0,46,0.23,13,87
200,50,170.0,108,0.54,30,170
2000,50,1786.0,991,4.96,214,1786
10000,50,8921.0,4342,21.71,1079,8921
20000,50,17913.0,8521,42.61,2087,17913
40000,50,35905.0,16605,83.03,4095,35905
60000,50,53873.0,24618,123.09,6127,53873
80000,50,71758.0,32572,162.86,8242,71758
100000,50,89648.0,39895,199.48,10352,89648
2,51,1.0,1,0.01,1,1
3,51,2.0,2,0.01,1,2
100,51,92.0,42,0.21,8,92
200,51,180.0,84,0.42,20,180
2000,51,1785.0,1111,5.56,215,1785
10000,51,8948.0,5664,28.32,1052,8948
20000,51,17993.0,10017,50.09,2007,17993
40000,51,35928.0,19085,95.43,4072,35928
60000,51,53959.0,26535,132.68,6041,53959
80000,51,71917.0,35164,175.82,8083,71917
100000,51,89876.0,44216,221.08,10124,89876
2,52,2.0,1,0.01,0,2
3,52,3.0,2,0.01,0,3
100,52,91.0,54,0.27,9,91
200,52,180.0,100,0.5,20,180
2000,52,1819.0,1026,5.13,181,1819
10000,52,9018.0,4977,24.89,982,9018
20000,52,18010.0,9799,49.0,1990,18010
40000,52,35982.0,17538,87.69,4018,35982
60000,52,53952.0,24245,121.23,6048,53952
80000,52,71942.0,30915,154.58,8058,71942
100000,52,89853.0,37488,187.44,10147,89853
2,53,2.0,1,0.01,0,2
3,53,3.0,2,0.01,0,3
100,53,91.0,54,0.27,9,91
200,53,182.0,104,0.52,18,182
2000,53,1797.0,922,4.61,203,1797
10000,53,8999.0,4794,23.97,1001,8999
20000,53,18006.0,9552,47.76,1994,18006
40000,53,35950.0,18018,90.09,4050,35950
60000,53,53908.0,26080,130.4,6092,53908
80000,53,71848.0,36382,181.91,8152,71848
100000,53,89801.0,46307,231.54,10199,89801
2,54,2.0,1,0.01,0,2
3,54,3.0,2,0.01,0,3
100,54,93.0,47,0.24,7,93
200,54,182.0,110,0.55,18,182
2000,54,1791.0,1173,5.87,209,1791
10000,54,8960.0,5032,25.16,1040,8960
20000,54,17957.0,10440,52.2,2043,17957
40000,54,35954.0,19491,97.46,4046,35954
60000,54,53872.0,26189,130.95,6128,53872
80000,54,71887.0,30989,154.95,8113,71887
100000,54,89830.0,38335,191.68,10170,89830
2,55,1.0,1,0.01,1,1
3,55,2.0,1,0.01,1,2
100,55,94.0,37,0.19,6,94
200,55,187.0,90,0.45,13,187
2000,55,1808.0,932,4.66,192,1808
10000,55,8978.0,3943,19.72,1022,8978
20000,55,17961.0,8112,40.56,2039,17961
40000,55,35876.0,15981,79.91,4124,35876
60000,55,53871.0,23234,116.17,6129,53871
80000,55,71923.0,31639,158.2,8077,71923
100000,55,89948.0,38286,191.43,10052,89948
2,56,2.0,1,0.01,0,2
3,56,2.0,2,0.01,1,2
100,56,88.0,48,0.24,12,88
200,56,177.0,83,0.42,23,177
2000,56,1799.0,930,4.65,201,1799
10000,56,9002.0,4373,21.87,998,9002
20000,56,17990.0,8600,43.0,2010,17990
40000,56,35999.0,18183,90.92,4001,35999
60000,56,53981.0,23512,117.56,6019,53981
80000,56,71886.0,30697,153.49,8114,71886
100000,56,89857.0,37713,188.57,10143,89857
2,57,2.0,1,0.01,0,2
3,57,3.0,2,0.01,0,3
100,57,90.0,41,0.21,10,90
200,57,177.0,89,0.45,23,177
2000,57,1802.0,936,4.68,198,1802
10000,57,9004.0,4920,24.6,996,9004
20000,57,17973.0,9124,45.62,2027,17973
40000,57,35933.0,17939,89.7,4067,35933
60000,57,53801.0,25909,129.55,6199,53801
80000,57,71711.0,32859,164.3,8289,71711
100000,57,89631.0,42510,212.55,10369,89631
2,58,2.0,1,0.01,0,2
3,58,3.0,2,0.01,0,3
100,58,81.0,43,0.22,19,81
200,58,170.0,90,0.45,30,170
2000,58,1776.0,974,4.87,224,1776
10000,58,8913.0,4620,23.1,1087,8913
20000,58,17897.0,10566,52.83,2103,17897
40000,58,35798.0,19337,96.69,4202,35798
60000,58,53754.0,26290,131.45,6246,53754
80000,58,71703.0,32148,160.74,8297,71703
100000,58,89734.0,37054,185.27,10266,89734
2,59,2.0,1,0.01,0,2
3,59,3.0,2,0.01,0,3
100,59,85.0,34,0.17,15,85
200,59,172.0,99,0.5,28,172
2000,59,1799.0,1034,5.17,201,1799
10000,59,8979.0,4805,24.03,1021,8979
20000,59,17975.0,9259,46.3,2025,17975
40000,59,35888.0,17815,89.08,4112,35888
60000,59,53814.0,26095,130.48,6186,53814
80000,59,71827.0,33245,166.23,8173,71827
100000,59,89797.0,42610,213.05,10203,89797
2,60,2.0,1,0.01,0,2
3,60,3.0,2,0.01,0,3
100,60,91.0,63,0.32,9,91
200,60,180.0,120,0.6,20,180
2000,60,1798.0,975,4.88,202,1798
10000,60,8957.0,4302,21.51,1043,8957
20000,60,17954.0,9254,46.27,2046,17954
40000,60,35957.0,18865,94.33,4043,35957
60000,60,53890.0,24896,124.48,6110,53890
80000,60,71818.0,31362,156.81,8182,71818
100000,60,89719.0,37579,187.9,10281,89719
2,61,2.0,1,0.01,0,2
3,61,3.0,2,0.01,0,3
100,61,87.0,56,0.28,13,87
200,61,174.0,91,0.46,26,174
2000,61,1806.0,1122,5.61,194,1806
10000,61,8980.0,4408,22.04,1020,8980
20000,61,17968.0,8161,40.81,2032,17968
40000,61,35895.0,15155,75.78,4105,35895
60000,61,53857.0,23103,115.52,6143,53857
80000,61,71813.0,30111,150.56,8187,71813
100000,61,89737.0,40261,201.31,10263,89737
2,62,1.0,1,0.01,1,1
3,62,2.0,2,0.01,1,2
100,62,89.0,57,0.29,11,89
200,62,184.0,108,0.54,16,184
2000,62,1813.0,1013,5.07,187,1813
10000,62,8989.0,5005,25.03,1011,8989
20000,62,17985.0,9657,48.29,2015,17985
40000,62,35835.0,18937,94.69,4165,35835
60000,62,53862.0,27942,139.71,6138,53862
80000,62,71859.0,35934,179.67,8141,71859
100000,62,89822.0,43297,216.49,10178,89822
2,63,2.0,1,0.01,0,2
3,63,3.0,2,0.01,0,3
100,63,85.0,42,0.21,15,85
200,63,168.0,84,0.42,32,168
2000,63,1778.0,845,4.23,222,1778
10000,63,8947.0,4720,23.6,1053,8947
20000,63,17928.0,9702,48.51,2072,17928
40000,63,35808.0,19099,95.5,4192,35808
60000,63,53757.0,27715,138.58,6243,53757
80000,63,71631.0,33995,169.98,8369,71631
100000,63,89615.0,40327,201.64,10385,89615
2,64,2.0,1,0.01,0,2
3,64,3.0,2,0.01,0,3
100,64,87.0,44,0.22,13,87
200,64,174.0,100,0.5,26,174
2000,64,1811.0,962,4.81,189,1811
10000,64,9000.0,4754,23.77,1000,9000
20000,64,17990.0,8558,42.79,2010,17990
40000,64,35917.0,17056,85.28,4083,35917
60000,64,53892.0,21831,109.16,6108,53892
80000,64,71794.0,26293,131.47,8206,71794
100000,64,89714.0,35358,176.79,10286,89714
2,65,2.0,1,0.01,0,2
3,65,3.0,2,0.01,0,3
100,65,88.0,44,0.22,12,88
200,65,180.0,75,0.38,20,180
2000,65,1812.0,904,4.52,188,1812
10000,65,9005.0,4688,23.44,995,9005
20000,65,18028.0,8895,44.48,1972,18028
40000,65,35996.0,17538,87.69,4004,35996
60000,65,53926.0,25002,125.01,6074,53926
80000,65,71848.0,30170,150.85,8152,71848
100000,65,89871.0,34545,172.73,10129,89871
2,66,2.0,1,0.01,0,2
3,66,3.0,2,0.01,0,3
100,66,90.0,50,0.25,10,90
200,66,178.0,101,0.51,22,178
2000,66,1784.0,892,4.46,216,1784
10000,66,8996.0,4153,20.77,1004,8996
20000,66,17957.0,8689,43.45,2043,17957
40000,66,35866.0,16961,84.81,4134,35866
60000,66,53851.0,23161,115.81,6149,53851
80000,66,71833.0,28815,144.08,8167,71833
100000,66,89799.0,34401,172.01,10201,89799
2,67,2.0,1,0.01,0,2
3,67,3.0,2,0.01,0,3
100,67,89.0,64,0.32,11,89
200,67,174.0,103,0.52,26,174
2000,67,1784.0,847,4.24,216,1784
10000,67,8974.0,4631,23.16,1026,8974
20000,67,17940.0,8641,43.21,2060,17940
40000,67,35864.0,15908,79.54,4136,35864
60000,67,53835.0,26427,132.14,6165,53835
80000,67,71823.0,33558,167.79,8177,71823
100000,67,89796.0,40477,202.39,10204,89796
2,68,2.0,1,0.01,0,2
3,68,3.0,2,0.01,0,3
100,68,91.0,38,0.19,9,91
200,68,185.0,83,0.42,15,185
2000,68,1818.0,829,4.15,182,1818
10000,68,9024.0,3688,18.44,976,9024
20000,68,18033.0,7758,38.79,1967,18033
40000,68,36036.0,16515,82.58,3964,36036
60000,68,53961.0,23799,119.0,6039,53961
80000,68,71929.0,32799,164.0,8071,71929
100000,68,89824.0,42731,213.66,10176,89824
2,69,2.0,1,0.01,0,2
3,69,3.0,2,0.01,0,3
100,69,91.0,29,0.15,9,91
200,69,181.0,77,0.39,19,181
2000,69,1770.0,884,4.42,230,1770
10000,69,8944.0,4348,21.74,1056,8944
20000,69,17907.0,8366,41.83,2093,17907
40000,69,35791.0,16181,80.91,4209,35791
60000,69,53794.0,24336,121.68,6206,53794
80000,69,71866.0,30312,151.56,8134,71866
100000,69,89871.0,36985,184.93,10129,89871
2,70,2.0,1,0.01,0,2
3,70,3.0,2,0.01,0,3
100,70,92.0,50,0.25,8,92
200,70,183.0,106,0.53,17,183
2000,70,1767.0,798,3.99,233,1767
10000,70,8987.0,4278,21.39,1013,8987
20000,70,18038.0,8681,43.41,1962,18038
40000,70,35961.0,17053,85.27,4039,35961
60000,70,53866.0,23773,118.87,6134,53866
80000,70,71767.0,30966,154.83,8233,71767
100000,70,89764.0,38817,194.09,10236,89764
2,71,1.0,1,0.01,1,1
3,71,2.0,2,0.01,1,2
100,71,93.0,47,0.24,7,93
200,71,183.0,94,0.47,17,183
2000,71,1826.0,763,3.82,174,1826
10000,71,8966.0,4844,24.22,1034,8966
20000,71,17954.0,9782,48.91,2046,17954
40000,71,35876.0,18870,94.35,4124,35876
60000,71,53756.0,30568,152.84,6244,53756
80000,71,71721.0,39780,198.9,8279,71721
100000,71,89671.0,50481,252.41,10329,89671
2,72,2.0,1,0.01,0,2
3,72,3.0,2,0.01,0,3
100,72,90.0,42,0.21,10,90
200,72,182.0,86,0.43,18,182
2000,72,1819.0,853,4.27,181,1819
10000,72,8996.0,4720,23.6,1004,8996
20000,72,17927.0,8238,41.19,2073,17927
40000,72,35816.0,17510,87.55,4184,35816
60000,72,53792.0,26124,130.62,6208,53792
80000,72,71773.0,34850,174.25,8227,71773
100000,72,89731.0,39214,196.07,10269,89731
2,73,2.0,1,0.01,0,2
3,73,3.0,2,0.01,0,3
100,73,89.0,55,0.28,11,89
200,73,181.0,100,0.5,19,181
2000,73,1793.0,902,4.51,207,1793
10000,73,9020.0,4047,20.24,980,9020
20000,73,17976.0,7832,39.16,2024,17976
40000,73,35973.0,16887,84.44,4027,35973
60000,73,53980.0,24035,120.18,6020,53980
80000,73,71975.0,30674,153.37,8025,71975
100000,73,89969.0,37875,189.38,10031,89969
2,74,2.0,1,0.01,0,2
3,74,3.0,2,0.01,0,3
100,74,91.0,54,0.27,9,91
200,74,180.0,111,0.56,20,180
2000,74,1786.0,1139,5.7,214,1786
10000,74,8992.0,5379,26.9,1008,8992
20000,74,17944.0,10080,50.4,2056,17944
40000,74,35973.0,16402,82.01,4027,35973
60000,74,53919.0,26219,131.1,6081,53919
80000,74,71934.0,32224,161.12,8066,71934
100000,74,89920.0,40518,202.59,10080,89920
2,75,1.0,1,0.01,1,1
3,75,2.0,2,0.01,1,2
100,75,89.0,55,0.28,11,89
200,75,181.0,82,0.41,19,181
2000,75,1803.0,742,3.71,197,1803
10000,75,9000.0,4148,20.74,1000,9000
20000,75,17975.0,8842,44.21,2025,17975
40000,75,35947.0,16846,84.23,4053,35947
60000,75,53873.0,25579,127.9,6127,53873
80000,75,71816.0,32476,162.38,8184,71816
100000,75,89775.0,40535,202.68,10225,89775
2,76,1.0,1,0.01,1,1
3,76,2.0,1,0.01,1,2
100,76,91.0,46,0.23,9,91
200,76,177.0,89,0.45,23,177
2000,76,1786.0,887,4.44,214,1786
10000,76,8982.0,4744,23.72,1018,8982
20000,76,17921.0,9321,46.61,2079,17921
40000,76,35951.0,17186,85.93,4049,35951
60000,76,53880.0,26058,130.29,6120,53880
80000,76,71741.0,33123,165.62,8259,71741
100000,76,89705.0,40478,202.39,10295,89705
2,77,2.0,1,0.01,0,2
3,77,2.0,2,0.01,1,2
100,77,82.0,48,0.24,18,82
200,77,175.0,114,0.57,25,175
2000,77,1785.0,1007,5.04,215,1785
10000,77,9000.0,4730,23.65,1000,9000
20000,77,18023.0,9354,46.77,1977,18023
40000,77,36004.0,17845,89.23,3996,36004
60000,77,54013.0,25665,128.33,5987,54013
80000,77,71902.0,33444,167.22,8098,71902
100000,77,89871.0,39858,199.29,10129,89871
2,78,2.0,1,0.01,0,2
3,78,3.0,2,0.01,0,3
100,78,89.0,32,0.16,11,89
200,78,181.0,80,0.4,19,181
2000,78,1792.0,867,4.34,208,1792
10000,78,8971.0,4266,21.33,1029,8971
20000,78,17951.0,8288,41.44,2049,17951
40000,78,35871.0,16517,82.59,4129,35871
60000,78,53886.0,21411,107.06,6114,53886
80000,78,71842.0,29529,147.65,8158,71842
100000,78,89803.0,37100,185.5,10197,89803
2,79,2.0,1,0.01,0,2
3,79,3.0,2,0.01,0,3
100,79,86.0,50,0.25,14,86
200,79,177.0,89,0.45,23,177
2000,79,1810.0,916,4.58,190,1810
10000,79,8986.0,4730,23.65,1014,8986
20000,79,17994.0,8634,43.17,2006,17994
40000,79,35906.0,18577,92.89,4094,35906
60000,79,53826.0,27998,139.99,6174,53826
80000,79,71868.0,32951,164.76,8132,71868
100000,79,89846.0,41815,209.08,10154,89846
2,80,2.0,1,0.01,0,2
3,80,2.0,2,0.01,1,2
100,80,89.0,35,0.18,11,89
200,80,181.0,90,0.45,19,181
2000,80,1797.0,1055,5.28,203,1797
10000,80,8991.0,4935,24.68,1009,8991
20000,80,18017.0,9072,45.36,1983,18017
40000,80,35941.0,17232,86.16,4059,35941
60000,80,53867.0,24253,121.27,6133,53867
80000,80,71800.0,34395,171.98,8200,71800
100000,80,89742.0,41382,206.91,10258,89742
2,81,2.0,1,0.01,0,2
3,81,3.0,2,0.01,0,3
100,81,90.0,50,0.25,10,90
200,81,179.0,98,0.49,21,179
2000,81,1796.0,1016,5.08,204,1796
10000,81,9029.0,5118,25.59,971,9029
20000,81,18000.0,9165,45.83,2000,18000
40000,81,35867.0,18002,90.01,4133,35867
60000,81,53873.0,25096,125.48,6127,53873
80000,81,71837.0,32775,163.88,8163,71837
100000,81,89838.0,38197,190.99,10162,89838
2,82,2.0,1,0.01,0,2
3,82,3.0,2,0.01,0,3
100,82,95.0,47,0.24,5,95
200,82,185.0,94,0.47,15,185
2000,82,1786.0,926,4.63,214,1786
10000,82,9033.0,3730,18.65,967,9033
20000,82,18023.0,6678,33.39,1977,18023
40000,82,36027.0,16146,80.73,3973,36027
60000,82,53996.0,24288,121.44,6004,53996
80000,82,72006.0,29204,146.02,7994,72006
100000,82,89936.0,38130,190.65,10064,89936
2,83,1.0,1,0.01,1,1
3,83,2.0,1,0.01,1,2
100,83,90.0,50,0.25,10,90
200,83,184.0,106,0.53,16,184
2000,83,1805.0,1115,5.58,195,1805
10000,83,8983.0,5534,27.67,1017,8983
20000,83,17904.0,9774,48.87,2096,17904
40000,83,35862.0,18902,94.51,4138,35862
60000,83,53834.0,24039,120.2,6166,53834
80000,83,71871.0,31129,155.65,8129,71871
100000,83,89822.0,41136,205.68,10178,89822
2,84,2.0,1,0.01,0,2
3,84,3.0,2,0.01,0,3
100,84,89.0,45,0.23,11,89
200,84,178.0,81,0.41,22,178
2000,84,1813.0,934,4.67,187,1813
10000,84,9005.0,4113,20.57,995,9005
20000,84,17984.0,7395,36.98,2016,17984
40000,84,36032.0,11919,59.6,3968,36032
60000,84,54047.0,18238,91.19,5953,54047
80000,84,71945.0,23533,117.67,8055,71945
100000,84,89943.0,29305,146.53,10057,89943
2,85,2.0,1,0.01,0,2
3,85,3.0,2,0.01,0,3
100,85,92.0,45,0.23,8,92
200,85,187.0,105,0.53,13,187
2000,85,1802.0,964,4.82,198,1802
10000,85,9007.0,5305,26.53,993,9007
20000,85,17970.0,10266,51.33,2030,17970
40000,85,35939.0,17400,87.0,4061,35939
60000,85,53939.0,26216,131.08,6061,53939
80000,85,71919.0,32919,164.6,8081,71919
100000,85,89845.0,38575,192.88,10155,89845
2,86,1.0,1,0.01,1,1
3,86,2.0,2,0.01,1,2
100,86,89.0,55,0.28,11,89
200,86,179.0,108,0.54,21,179
2000,86,1821.0,965,4.83,179,1821
10000,86,9006.0,4012,20.06,994,9006
20000,86,17960.0,8866,44.33,2040,17960
40000,86,35875.0,16298,81.49,4125,35875
60000,86,53885.0,22119,110.6,6115,53885
80000,86,71849.0,28295,141.48,8151,71849
100000,86,89820.0,36740,183.7,10180,89820
2,87,2.0,1,0.01,0,2
3,87,2.0,2,0.01,1,2
100,87,88.0,37,0.19,12,88
200,87,173.0,78,0.39,27,173
2000,87,1769.0,729,3.65,231,1769
10000,87,8980.0,4918,24.59,1020,8980
20000,87,17949.0,9276,46.38,2051,17949
40000,87,35857.0,18707,93.54,4143,35857
60000,87,53853.0,28058,140.29,6147,53853
80000,87,71751.0,37705,188.53,8249,71751
100000,87,89706.0,43492,217.46,10294,89706
2,88,1.0,1,0.01,1,1
3,88,1.0,2,0.01,2,1
100,88,89.0,55,0.28,11,89
200,88,180.0,95,0.48,20,180
2000,88,1805.0,1089,5.45,195,1805
10000,88,9023.0,5223,26.12,977,9023
20000,88,18046.0,9966,49.83,1954,18046
40000,88,35965.0,19678,98.39,4035,35965
60000,88,53849.0,28125,140.63,6151,53849
80000,88,71818.0,36889,184.45,8182,71818
100000,88,89804.0,44323,221.62,10196,89804
2,89,2.0,1,0.01,0,2
3,89,3.0,2,0.01,0,3
100,89,93.0,43,0.22,7,93
200,89,184.0,83,0.42,16,184
2000,89,1798.0,969,4.85,202,1798
10000,89,9036.0,4906,24.53,964,9036
20000,89,17977.0,9505,47.53,2023,17977
40000,89,35960.0,17672,88.36,4040,35960
60000,89,53932.0,25696,128.48,6068,53932
80000,89,71864.0,33332,166.66,8136,71864
100000,89,89820.0,39798,198.99,10180,89820
2,90,2.0,1,0.01,0,2
3,90,3.0,2,0.01,0,3
100,90,87.0,45,0.23,13,87
200,90,174.0,87,0.44,26,174
2000,90,1772.0,1144,5.72,228,1772
10000,90,8966.0,4573,22.87,1034,8966
20000,90,17972.0,8526,42.63,2028,17972
40000,90,35894.0,18547,92.74,4106,35894
60000,90,53873.0,25958,129.79,6127,53873
80000,90,71793.0,36924,184.62,8207,71793
100000,90,89687.0,44785,223.93,10313,89687
2,91,1.0,1,0.01,1,1
3,91,2.0,2,0.01,1,2
100,91,86.0,65,0.33,14,86
200,91,174.0,104,0.52,26,174
2000,91,1804.0,927,4.64,196,1804
10000,91,9004.0,4549,22.75,996,9004
20000,91,18019.0,8534,42.67,1981,18019
40000,91,35947.0,15021,75.11,4053,35947
60000,91,53973.0,24937,124.69,6027,53973
80000,91,71909.0,31363,156.82,8091,71909
100000,91,89891.0,38090,190.45,10109,89891
2,92,2.0,1,0.01,0,2
3,92,3.0,2,0.01,0,3
100,92,91.0,46,0.23,9,91
200,92,180.0,103,0.52,20,180
2000,92,1802.0,1097,5.49,198,1802
10000,92,9002.0,5252,26.26,998,9002
20000,92,17981.0,9648,48.24,2019,17981
40000,92,35961.0,18221,91.11,4039,35961
60000,92,53854.0,27935,139.68,6146,53854
80000,92,71804.0,35293,176.47,8196,71804
100000,92,89769.0,41451,207.26,10231,89769
2,93,0.0,1,0.01,2,0
3,93,1.0,2,0.01,2,1
100,93,91.0,56,0.28,9,91
200,93,177.0,128,0.64,23,177
2000,93,1796.0,1155,5.78,204,1796
10000,93,8989.0,5041,25.21,1011,8989
20000,93,17986.0,10496,52.48,2014,17986
40000,93,35904.0,21029,105.15,4096,35904
60000,93,53811.0,30836,154.18,6189,53811
80000,93,71663.0,41190,205.95,8337,71663
100000,93,89530.0,48731,243.66,10470,89530
2,94,1.0,1,0.01,1,1
3,94,2.0,2,0.01,1,2
100,94,85.0,50,0.25,15,85
200,94,177.0,94,0.47,23,177
2000,94,1794.0,1012,5.06,206,1794
10000,94,8943.0,4837,24.19,1057,8943
20000,94,17853.0,8887,44.44,2147,17853
40000,94,35748.0,18649,93.25,4252,35748
60000,94,53668.0,27435,137.18,6332,53668
80000,94,71574.0,36456,182.28,8426,71574
100000,94,89532.0,43520,217.6,10468,89532
2,95,2.0,1,0.01,0,2
3,95,2.0,2,0.01,1,2
100,95,87.0,44,0.22,13,87
200,95,176.0,83,0.42,24,176
2000,95,1797.0,859,4.3,203,1797
10000,95,8934.0,3413,17.07,1066,8934
20000,95,17887.0,8106,40.53,2113,17887
40000,95,35902.0,14564,72.82,4098,35902
60000,95,53804.0,22002,110.01,6196,53804
80000,95,71746.0,30295,151.48,8254,71746
100000,95,89742.0,35786,178.93,10258,89742
2,96,2.0,1,0.01,0,2
3,96,3.0,2,0.01,0,3
100,96,93.0,40,0.2,7,93
200,96,180.0,100,0.5,20,180
2000,96,1778.0,891,4.46,222,1778
10000,96,8919.0,3966,19.83,1081,8919
20000,96,17900.0,7259,36.3,2100,17900
40000,96,35921.0,15580,77.9,4079,35921
60000,96,53874.0,22944,114.72,6126,53874
80000,96,71845.0,30990,154.95,8155,71845
100000,96,89876.0,36477,182.39,10124,89876
2,97,2.0,1,0.01,0,2
3,97,3.0,2,0.01,0,3
100,97,87.0,61,0.31,13,87
200,97,180.0,115,0.58,20,180
2000,97,1798.0,1130,5.65,202,1798
10000,97,8998.0,5256,26.28,1002,8998
20000,97,17965.0,10202,51.01,2035,17965
40000,97,35978.0,17930,89.65,4022,35978
60000,97,53859.0,26290,131.45,6141,53859
80000,97,71907.0,31538,157.69,8093,71907
100000,97,89909.0,37663,188.32,10091,89909
2,98,2.0,1,0.01,0,2
3,98,3.0,2,0.01,0,3
100,98,82.0,36,0.18,18,82
200,98,169.0,65,0.33,31,169
2000,98,1790.0,991,4.96,210,1790
10000,98,9003.0,4251,21.26,997,9003
20000,98,17958.0,8880,44.4,2042,17958
40000,98,35968.0,17033,85.17,4032,35968
60000,98,53935.0,26146,130.73,6065,53935
80000,98,71878.0,34314,171.57,8122,71878
100000,98,89842.0,41604,208.02,10158,89842
2,99,2.0,1,0.01,0,2
3,99,3.0,2,0.01,0,3
100,99,95.0,47,0.24,5,95
200,99,187.0,94,0.47,13,187
2000,99,1811.0,947,4.74,189,1811
10000,99,8960.0,4345,21.73,1040,8960
20000,99,17914.0,9426,47.13,2086,17914
40000,99,35872.0,18011,90.06,4128,35872
60000,99,53823.0,28091,140.46,6177,53823
80000,99,71804.0,36678,183.39,8196,71804
100000,99,89719.0,44531,222.66,10281,89719
2,100,2.0,1,0.01,0,2
3,100,3.0,2,0.01,0,3
100,100,89.0,57,0.29,11,89
200,100,180.0,121,0.61,20,180
2000,100,1789.0,804,4.02,211,1789
10000,100,8981.0,3664,18.32,1019,8981
20000,100,17933.0,8044,40.22,2067,17933
40000,100,35813.0,17624,88.12,4187,35813
60000,100,53657.0,25885,129.43,6343,53657
80000,100,71609.0,34866,174.33,8391,71609
100000,100,89484.0,41577,207.89,10516,89484
