Timestep,Iteration,Total Reward,Suboptimal Arms,Total Regret,Zeros Count,Ones Count
2,1,1.7549095935770427,1,0.1,1,1
3,1,2.560863396601513,2,0.2,1,2
100,1,84.11509393815601,50,5.0,54,46
200,1,171.38510214419742,100,10.0,98,102
2000,1,1746.3360156684469,612,61.2,987,1013
10000,1,8851.530937095966,1259,125.9,5029,4971
20000,1,17810.103583298176,1550,155.0,10033,9967
40000,1,35754.00686320792,1737,173.7,20100,19900
60000,1,53767.98368101703,1916,191.6,30091,29909
80000,1,71768.86734859199,1979,197.9,40092,39908
100000,1,89723.08582155123,2057,205.7,50138,49862
2,2,1.0597620956896323,1,0.1,2,0
3,2,1.8258187763583196,2,0.2,3,0
100,2,85.92708705034937,50,5.0,49,51
200,2,162.17727151078358,96,9.6,104,96
2000,2,1722.6707407157662,613,61.3,1021,979
10000,2,8811.232035079329,1337,133.7,5091,4909
20000,2,17755.473418465608,1579,157.9,10136,9864
40000,2,35778.10037802268,1958,195.8,19943,20057
60000,2,53726.953082935295,2121,212.1,30099,29901
80000,2,71690.13305532552,2258,225.8,40110,39890
100000,2,89630.87981927193,2317,231.7,50228,49772
2,3,2.1708292084164125,1,0.1,1,1
3,3,2.598820935702196,2,0.2,2,1
100,3,80.5448689833361,50,5.0,54,46
200,3,167.35882669642302,93,9.3,102,98
2000,3,1738.493044656743,614,61.4,995,1005
10000,3,8846.583560270317,1334,133.4,5014,4986
20000,3,17833.062256046123,1578,157.8,9946,10054
40000,3,35761.56875278904,1898,189.8,20020,19980
60000,3,53748.48189501456,2121,212.1,29973,30027
80000,3,71717.24360561426,2155,215.5,40033,39967
100000,3,89717.27590869363,2207,220.7,50041,49959
2,4,1.9782759577114954,1,0.1,1,1
3,4,3.1864163040994207,2,0.2,1,2
100,4,85.6122390762925,50,5.0,47,53
200,4,172.29006996734932,107,10.7,97,103
2000,4,1741.0349389679793,678,67.8,995,1005
10000,4,8887.985128311238,1594,159.4,4986,5014
20000,4,17853.643884830555,1937,193.7,9971,10029
40000,4,35815.1363136503,2341,234.1,19939,20061
60000,4,53773.85738144328,2500,250.0,29915,30085
80000,4,71725.74450008005,2647,264.7,39888,40112
100000,4,89755.22665393064,2739,273.9,49784,50216
2,5,1.6564070079068776,1,0.1,1,1
3,5,2.146583046014776,2,0.2,2,1
100,5,83.19042550098251,50,5.0,54,46
200,5,167.16173727832444,107,10.7,103,97
2000,5,1760.2813517184711,408,40.8,986,1014
10000,5,8868.5886603007,1283,128.3,4998,5002
20000,5,17917.49082850155,1419,141.9,9925,10075
40000,5,35874.309290367,1858,185.8,19936,20064
60000,5,53869.8925974178,1960,196.0,29987,30013
80000,5,71882.45923410571,2010,201.0,39978,40022
100000,5,89883.38821378932,2057,205.7,49925,50075
2,6,2.0195095101878504,1,0.1,0,2
3,6,2.453462220907132,2,0.2,1,2
100,6,90.48735400088283,50,5.0,41,59
200,6,175.3324866811836,104,10.4,89,111
2000,6,1750.433921190732,587,58.7,981,1019
10000,6,8906.97783390158,1129,112.9,4981,5019
20000,6,17869.54001309995,1459,145.9,9950,10050
40000,6,35923.06816606243,1617,161.7,19805,20195
60000,6,53916.39858053657,1863,186.3,29740,30260
80000,6,71961.16215522008,2028,202.8,39690,40310
100000,6,90007.34524062312,2077,207.7,49641,50359
2,7,1.299058553563766,1,0.1,2,0
3,7,1.6017682750351394,2,0.2,3,0
100,7,83.74393690726954,50,5.0,56,44
200,7,171.36853891722043,93,9.3,110,90
2000,7,1744.4931576501226,431,43.1,1022,978
10000,7,8909.93034875161,1048,104.8,4982,5018
20000,7,17826.62104365925,1370,137.0,10044,9956
40000,7,35870.53820299966,1711,171.1,19983,20017
60000,7,53838.87970664677,1911,191.1,30017,29983
80000,7,71887.54395459428,1961,196.1,40014,39986
100000,7,89881.17778512993,2147,214.7,49944,50056
2,8,2.3978182491848097,1,0.1,0,2
3,8,3.655726709882682,2,0.2,0,3
100,8,90.65151446968493,50,5.0,41,59
200,8,177.20002877686244,103,10.3,88,112
2000,8,1761.9831365965892,623,62.3,963,1037
10000,8,8976.436991614744,1167,116.7,4822,5178
20000,8,17953.406728526264,1733,173.3,9719,10281
40000,8,35925.130465514136,2164,216.4,19612,20388
60000,8,53873.984255770716,2540,254.0,29655,30345
80000,8,71886.55219850125,2760,276.0,39637,40363
100000,8,89937.64620975804,2808,280.8,49558,50442
2,9,1.3255962503037695,1,0.1,1,1
3,9,2.0870252168442804,2,0.2,2,1
100,9,83.29641107269427,50,5.0,54,46
200,9,171.47344754482646,93,9.3,100,100
2000,9,1739.619297970597,597,59.7,1028,972
10000,9,8856.641274548372,1430,143.0,5024,4976
20000,9,17802.883886095227,1898,189.8,10045,9955
40000,9,35768.780182703784,2170,217.0,20014,19986
60000,9,53776.508063695765,2320,232.0,29986,30014
80000,9,71741.6472462019,2400,240.0,39956,40044
100000,9,89674.74421174877,2495,249.5,49965,50035
2,10,2.1549927015334154,1,0.1,0,2
3,10,3.204383308086185,2,0.2,0,3
100,10,82.38118043796328,50,5.0,56,44
200,10,172.44061999122817,97,9.7,100,100
2000,10,1743.4718157664565,591,59.1,987,1013
10000,10,8898.608296073226,1461,146.1,4885,5115
20000,10,17864.177378931287,1707,170.7,9917,10083
40000,10,35848.74519984482,1946,194.6,19874,20126
60000,10,53837.2955341496,2156,215.6,29850,30150
80000,10,71814.79023226189,2225,222.5,39916,40084
100000,10,89849.75234705047,2256,225.6,49927,50073
2,11,1.1108468199101957,1,0.1,2,0
3,11,2.4283935735726754,2,0.2,2,1
100,11,85.18735472769798,50,5.0,45,55
200,11,171.91581196609005,93,9.3,93,107
2000,11,1704.8004065653342,580,58.0,1042,958
10000,11,8854.728819536349,1098,109.8,5006,4994
20000,11,17804.0451106479,1651,165.1,10012,9988
40000,11,35712.77491335493,1960,196.0,20091,19909
60000,11,53704.909290895346,2237,223.7,29981,30019
80000,11,71698.30419813737,2356,235.6,39961,40039
100000,11,89641.86426336507,2430,243.0,50029,49971
2,12,1.776870572158593,1,0.1,1,1
3,12,1.9361978729462097,2,0.2,2,1
100,12,83.18577139076827,50,5.0,49,51
200,12,166.56860496179752,102,10.2,101,99
2000,12,1706.8279580069886,537,53.7,1037,963
10000,12,8818.428289662,1075,107.5,5061,4939
20000,12,17774.109976707416,1396,139.6,10084,9916
40000,12,35720.32913272757,1616,161.6,20133,19867
60000,12,53639.525399737664,1915,191.5,30230,29770
80000,12,71587.15833069039,2083,208.3,40215,39785
100000,12,89573.28649850517,2247,224.7,50194,49806
2,13,1.0885132601189902,1,0.1,2,0
3,13,1.4231102882272397,2,0.2,3,0
100,13,82.01876633672141,50,5.0,55,45
200,13,169.38629635176912,100,10.0,99,101
2000,13,1740.8854128691053,563,56.3,1017,983
10000,13,8875.35757099599,1032,103.2,5014,4986
20000,13,17890.26828895694,1215,121.5,10033,9967
40000,13,35918.8171757958,1506,150.6,19986,20014
60000,13,53886.30175058007,1583,158.3,29928,30072
80000,13,71926.38418422565,1659,165.9,39852,40148
100000,13,89880.73255367969,1877,187.7,49882,50118
2,14,2.3923833581647127,1,0.1,0,2
3,14,3.3839486980594047,2,0.2,0,3
100,14,87.53735643545417,50,5.0,46,54
200,14,171.3993587923708,97,9.7,101,99
2000,14,1733.2968832348074,597,59.7,999,1001
10000,14,8900.998615306553,1260,126.0,4965,5035
20000,14,17863.15133743422,1808,180.8,9976,10024
40000,14,35827.49584148958,2302,230.2,19926,20074
60000,14,53832.799005983325,2548,254.8,29916,30084
80000,14,71838.28678680454,2690,269.0,39813,40187
100000,14,89765.93129287248,2876,287.6,49881,50119
2,15,1.565273081588033,1,0.1,1,1
3,15,2.5687704086405865,2,0.2,1,2
100,15,84.52632167153195,50,5.0,50,50
200,15,170.19772537482507,107,10.7,98,102
2000,15,1726.8134738563417,572,57.2,1019,981
10000,15,8892.91501596955,1150,115.0,4986,5014
20000,15,17893.994099350646,1431,143.1,9948,10052
40000,15,35881.04169042385,1719,171.9,19864,20136
60000,15,53813.25927965647,1935,193.5,29993,30007
80000,15,71775.71036797314,2083,208.3,40038,39962
100000,15,89790.26165319326,2174,217.4,50032,49968
2,16,1.7793339422518228,1,0.1,1,1
3,16,2.571969369612316,2,0.2,2,1
100,16,89.04313317746966,50,5.0,48,52
200,16,171.41216512478312,97,9.7,100,100
2000,16,1771.9659016044257,352,35.2,1020,980
10000,16,8871.405097399916,1233,123.3,5024,4976
20000,16,17857.76469177105,1569,156.9,10036,9964
40000,16,35813.850404680496,1845,184.5,20070,19930
60000,16,53837.240723844036,1928,192.8,30087,29913
80000,16,71850.06405965578,2016,201.6,40132,39868
100000,16,89853.41420513175,2097,209.7,50182,49818
2,17,1.8936147204056362,1,0.1,0,2
3,17,3.5023058992552505,2,0.2,0,3
100,17,89.68903511345616,50,5.0,41,59
200,17,171.49266247275045,93,9.3,95,105
2000,17,1724.7682434002018,588,58.8,1024,976
10000,17,8860.537472910122,1607,160.7,4959,5041
20000,17,17822.672914216186,1987,198.7,9930,10070
40000,17,35794.20607791433,2388,238.8,19942,20058
60000,17,53744.75204026466,2766,276.6,29940,30060
80000,17,71709.8158014112,2921,292.1,39905,40095
100000,17,89741.91021315823,2967,296.7,49870,50130
2,18,1.8456549894985215,1,0.1,1,1
3,18,3.181838976729007,2,0.2,1,2
100,18,87.89576255623741,50,5.0,50,50
200,18,171.76473273878773,107,10.7,101,99
2000,18,1751.9889633263908,518,51.8,999,1001
10000,18,8878.384827321846,1266,126.6,5004,4996
20000,18,17858.351106781738,1614,161.4,9998,10002
40000,18,35787.74651773841,2006,200.6,20042,19958
60000,18,53673.063396149955,2366,236.6,30224,29776
80000,18,71678.4077665342,2420,242.0,40247,39753
100000,18,89613.5114562049,2465,246.5,50332,49668
2,19,0.1538555586910748,1,0.1,2,0
3,19,0.5327902022098367,2,0.2,3,0
100,19,87.5055876927989,50,5.0,49,51
200,19,164.96409845982194,93,9.3,109,91
2000,19,1750.2340691265172,532,53.2,1003,997
10000,19,8932.770034324421,1161,116.1,4934,5066
20000,19,17908.578934388202,1492,149.2,9918,10082
40000,19,35917.94927632251,1999,199.9,19870,20130
60000,19,53876.71251621274,2305,230.5,29905,30095
80000,19,71883.17124787389,2452,245.2,39857,40143
100000,19,89934.89093739742,2506,250.6,49791,50209
2,20,1.2352955549214424,1,0.1,1,1
3,20,1.8490213476302695,2,0.2,2,1
100,20,89.62141814833679,50,5.0,44,56
200,20,178.36704627993265,96,9.6,94,106
2000,20,1757.7073828100172,611,61.1,992,1008
10000,20,8849.850336041045,1486,148.6,5029,4971
20000,20,17821.378699012974,1799,179.9,10005,9995
40000,20,35883.614360216125,2046,204.6,19874,20126
60000,20,53946.496550229276,2283,228.3,29872,30128
80000,20,71880.18549041983,2405,240.5,39892,40108
100000,20,89876.69000851917,2458,245.8,49924,50076
2,21,2.315321076505653,1,0.1,0,2
3,21,2.8691197312624315,2,0.2,1,2
100,21,86.67158170262366,50,5.0,46,54
200,21,172.51856602080775,107,10.7,95,105
2000,21,1776.8588546115925,521,52.1,955,1045
10000,21,8890.271126109963,1375,137.5,4984,5016
20000,21,17828.495379332893,2000,200.0,10037,9963
40000,21,35798.439431618186,2198,219.8,20036,19964
60000,21,53850.51211454676,2336,233.6,29921,30079
80000,21,71840.91218448948,2677,267.7,39862,40138
100000,21,89826.70293530752,2832,283.2,49923,50077
2,22,2.229526346119218,1,0.1,1,1
3,22,2.8328177908742465,2,0.2,2,1
100,22,84.50849599516239,50,5.0,52,48
200,22,170.3742790005971,93,9.3,103,97
2000,22,1750.7315916813573,531,53.1,996,1004
10000,22,8885.85076906889,1245,124.5,5003,4997
20000,22,17810.367924015238,1541,154.1,10058,9942
40000,22,35772.13460432104,1763,176.3,20097,19903
60000,22,53769.27456520362,2061,206.1,30058,29942
80000,22,71745.70880563969,2186,218.6,40039,39961
100000,22,89690.13724523099,2353,235.3,50035,49965
2,23,2.1035609208487562,1,0.1,1,1
3,23,2.3258119858237856,2,0.2,2,1
100,23,83.85769483177786,50,5.0,50,50
200,23,173.44116787850817,93,9.3,90,110
2000,23,1758.8355436475179,441,44.1,983,1017
10000,23,8890.70050767355,920,92.0,5019,4981
20000,23,17828.692731830884,1262,126.2,10073,9927
40000,23,35765.31291692035,1458,145.8,20129,19871
60000,23,53806.33101603396,1510,151.0,30132,29868
80000,23,71826.09005758526,1582,158.2,40082,39918
100000,23,89834.37289474456,1633,163.3,50113,49887
2,24,1.2207700827973091,1,0.1,2,0
3,24,1.7017682604788977,2,0.2,3,0
100,24,84.20831810765856,50,5.0,54,46
200,24,169.496786805001,102,10.2,108,92
2000,24,1730.2339499639231,632,63.2,1022,978
10000,24,8889.033180659177,1450,145.0,4951,5049
20000,24,17833.771156022653,1828,182.8,9964,10036
40000,24,35746.444123634385,2219,221.9,20039,19961
60000,24,53767.80423314486,2436,243.6,29938,30062
80000,24,71729.27061724407,2550,255.0,39880,40120
100000,24,89724.9694371774,2726,272.6,49907,50093
2,25,1.649517191362873,1,0.1,1,1
3,25,1.6145541114750679,2,0.2,2,1
100,25,81.51290747188122,50,5.0,52,48
200,25,163.7029371262699,93,9.3,100,100
2000,25,1732.7732785468656,486,48.6,1004,996
10000,25,8888.153899128123,923,92.3,5004,4996
20000,25,17794.352096135128,1122,112.2,10096,9904
40000,25,35732.66434644251,1382,138.2,20171,19829
60000,25,53720.92017709677,1467,146.7,30130,29870
80000,25,71684.5032602148,1584,158.4,40197,39803
100000,25,89743.11597746432,1602,160.2,50195,49805
2,26,1.9527235597451806,1,0.1,1,1
3,26,2.7680059989103123,2,0.2,1,2
100,26,85.30024181801156,50,5.0,53,47
200,26,173.790337813495,93,9.3,100,100
2000,26,1744.8243049115054,470,47.0,1003,997
10000,26,8905.19602999048,1139,113.9,4955,5045
20000,26,17871.780213096135,1373,137.3,9956,10044
40000,26,35815.12766875104,1665,166.5,19996,20004
60000,26,53836.228428702874,2003,200.3,29956,30044
80000,26,71838.55119644901,2109,210.9,39908,40092
100000,26,89781.11651356438,2317,231.7,50011,49989
2,27,1.7773104834767544,1,0.1,1,1
3,27,2.275646191163161,2,0.2,2,1
100,27,84.87631844684444,50,5.0,53,47
200,27,168.53806784161384,107,10.7,107,93
2000,27,1755.1269525898913,630,63.0,967,1033
10000,27,8878.515205501733,1526,152.6,4952,5048
20000,27,17792.398213031564,1837,183.7,9996,10004
40000,27,35779.13951210951,2276,227.6,20003,19997
60000,27,53816.08501152844,2438,243.8,30035,29965
80000,27,71790.31565638556,2592,259.2,39968,40032
100000,27,89661.17341594455,2776,277.6,50068,49932
2,28,1.232839097882973,1,0.1,2,0
3,28,2.3734126974174554,2,0.2,2,1
100,28,88.74215305937489,50,5.0,45,55
200,28,168.1763612929715,107,10.7,101,99
2000,28,1742.7742524953587,695,69.5,1003,997
10000,28,8864.826891791416,1696,169.6,4980,5020
20000,28,17857.197987834996,2094,209.4,9962,10038
40000,28,35865.43882578236,2474,247.4,19965,20035
60000,28,53844.750121178804,2795,279.5,29925,30075
80000,28,71835.28425477621,2926,292.6,39915,40085
100000,28,89821.15712370897,3023,302.3,49850,50150
2,29,1.3763003237642533,1,0.1,2,0
3,29,1.805762396623226,2,0.2,3,0
100,29,91.1344282753358,50,5.0,45,55
200,29,174.23483243443667,107,10.7,99,101
2000,29,1729.2745136200629,479,47.9,1032,968
10000,29,8803.508001714663,1084,108.4,5090,4910
20000,29,17796.122586596444,1380,138.0,10065,9935
40000,29,35739.77279331811,1732,173.2,20032,19968
60000,29,53788.26452501918,1800,180.0,29934,30066
80000,29,71726.73393441553,1859,185.9,40025,39975
100000,29,89732.90293856176,1969,196.9,50050,49950
2,30,0.7451701156247065,1,0.1,2,0
3,30,1.550997602640257,2,0.2,2,1
100,30,84.46503453124828,50,5.0,49,51
200,30,171.0553554316558,107,10.7,100,100
2000,30,1746.5189342892752,641,64.1,982,1018
10000,30,8819.269588325416,1713,171.3,5046,4954
20000,30,17904.256304560746,1857,185.7,9934,10066
40000,30,35829.57416335319,2304,230.4,19953,20047
60000,30,53751.44946121016,2416,241.6,29953,30047
80000,30,71727.77430036744,2491,249.1,39891,40109
100000,30,89647.18087999745,2594,259.4,49920,50080
2,31,1.614430309220523,1,0.1,2,0
3,31,2.8574253456063534,2,0.2,2,1
100,31,80.85080066385177,50,5.0,58,42
200,31,167.87940693401157,93,9.3,108,92
2000,31,1751.9840078597258,642,64.2,986,1014
10000,31,8902.61258772636,1195,119.5,4977,5023
20000,31,17900.28700821094,1412,141.2,9911,10089
40000,31,35942.5183329203,1839,183.9,19778,20222
60000,31,53885.94470123519,1952,195.2,29832,30168
80000,31,71855.96865913273,2026,202.6,39896,40104
100000,31,89903.3077439171,2104,210.4,49782,50218
2,32,0.7375610585014006,1,0.1,2,0
3,32,2.315211676087871,2,0.2,2,1
100,32,85.62681835609924,50,5.0,48,52
200,32,171.83132998570687,103,10.3,98,102
2000,32,1746.196551029165,713,71.3,1005,995
10000,32,8901.612204841456,1518,151.8,4945,5055
20000,32,17864.13746268962,2103,210.3,9960,10040
40000,32,35805.810685372206,2423,242.3,20047,19953
60000,32,53770.22319649706,2571,257.1,30028,29972
80000,32,71839.63182977911,2638,263.8,39995,40005
100000,32,89771.20525629859,2725,272.5,50108,49892
2,33,1.0020096238393745,1,0.1,2,0
3,33,1.596187437064104,2,0.2,3,0
100,33,84.1350073980915,50,5.0,54,46
200,33,165.60056585159586,105,10.5,106,94
2000,33,1752.2783066624997,420,42.0,994,1006
10000,33,8862.74416515538,896,89.6,5053,4947
20000,33,17818.132054517293,1370,137.0,9965,10035
40000,33,35798.632908943844,1608,160.8,19874,20126
60000,33,53840.12453978391,1820,182.0,29803,30197
80000,33,71768.68613963354,1880,188.0,39902,40098
100000,33,89731.78107978863,2229,222.9,49925,50075
2,34,1.4473754633810083,1,0.1,1,1
3,34,1.9570286578792082,2,0.2,2,1
100,34,87.83902941306282,50,5.0,49,51
200,34,173.96955390771075,107,10.7,99,101
2000,34,1744.759149043633,535,53.5,1002,998
10000,34,8856.675384191174,1758,175.8,4964,5036
20000,34,17771.89175175887,2214,221.4,9999,10001
40000,34,35753.402421024985,2431,243.1,19927,20073
60000,34,53684.821141380315,2725,272.5,29965,30035
80000,34,71661.17010856711,2849,284.9,39993,40007
100000,34,89644.94900342799,2928,292.8,49973,50027
2,35,1.709910805159684,1,0.1,1,1
3,35,3.1874696217119523,2,0.2,1,2
100,35,91.55253972427293,50,5.0,42,58
200,35,170.29907251929842,98,9.8,99,101
2000,35,1748.3914030063804,538,53.8,987,1013
10000,35,8858.476363811293,1531,153.1,4977,5023
20000,35,17787.472206189363,1781,178.1,10024,9976
40000,35,35735.02858444243,2078,207.8,20044,19956
60000,35,53655.18435698497,2293,229.3,30136,29864
80000,35,71642.49508754794,2384,238.4,40122,39878
100000,35,89603.1251713355,2437,243.7,50204,49796
2,36,0.6042906404972619,1,0.1,2,0
3,36,1.7880293883306795,2,0.2,2,1
100,36,79.74392000418482,50,5.0,53,47
200,36,163.97956531027742,93,9.3,106,94
2000,36,1732.263093939843,300,30.0,1048,952
10000,36,8869.143004270289,938,93.8,5020,4980
20000,36,17831.506282330654,1118,111.8,10035,9965
40000,36,35836.3109015249,1270,127.0,20039,19961
60000,36,53837.19485604948,1522,152.2,30010,29990
80000,36,71831.0658176758,1648,164.8,40025,39975
100000,36,89870.38135945391,1784,178.4,49983,50017
2,37,1.4325262203630817,1,0.1,2,0
3,37,2.560422736016672,2,0.2,2,1
100,37,83.94000942980749,50,5.0,50,50
200,37,163.01818183948743,93,9.3,107,93
2000,37,1739.3901240038938,546,54.6,999,1001
10000,37,8874.089838090851,1275,127.5,4998,5002
20000,37,17787.951205988506,1896,189.6,10036,9964
40000,37,35757.518202712985,2211,221.1,20108,19892
60000,37,53718.31417350695,2378,237.8,30178,29822
80000,37,71694.39401450599,2451,245.1,40187,39813
100000,37,89610.04631717791,2532,253.2,50248,49752
2,38,1.1787177942882827,1,0.1,1,1
3,38,1.702377667983765,2,0.2,2,1
100,38,84.02777622156923,50,5.0,52,48
200,38,170.4115850562999,107,10.7,95,105
2000,38,1754.0491255603388,500,50.0,983,1017
10000,38,8906.054414601354,1154,115.4,4975,5025
20000,38,17848.59067047104,1693,169.3,10014,9986
40000,38,35841.51755948249,1980,198.0,20002,19998
60000,38,53833.46172360077,2448,244.8,30005,29995
80000,38,71692.38244622521,2715,271.5,40166,39834
100000,38,89658.93319240704,2773,277.3,50190,49810
2,39,1.3785477794100183,1,0.1,1,1
3,39,1.8465368426345472,2,0.2,2,1
100,39,80.070206521468,50,5.0,57,43
200,39,165.82579602304307,93,9.3,106,94
2000,39,1733.9992495101894,621,62.1,993,1007
10000,39,8833.186463348,1197,119.7,5047,4953
20000,39,17764.968060841085,1564,156.4,10064,9936
40000,39,35725.01974562241,1769,176.9,20074,19926
60000,39,53723.06746749482,1915,191.5,30089,29911
80000,39,71765.12036879707,1993,199.3,40032,39968
100000,39,89726.93851008547,2075,207.5,50119,49881
2,40,1.45244534293436,1,0.1,1,1
3,40,2.592811548892209,2,0.2,1,2
100,40,88.83316597348953,50,5.0,46,54
200,40,167.7825628062418,93,9.3,100,100
2000,40,1745.739348694625,486,48.6,994,1006
10000,40,8836.99614287918,1209,120.9,5027,4973
20000,40,17818.816038586283,1450,145.0,10055,9945
40000,40,35788.430312520315,1620,162.0,20082,19918
60000,40,53788.25760518983,1754,175.4,30065,29935
80000,40,71772.9428636917,1881,188.1,40082,39918
100000,40,89807.07396432852,1918,191.8,49997,50003
2,41,1.6776560308787936,1,0.1,1,1
3,41,2.637824160557013,2,0.2,1,2
100,41,86.86765053118937,50,5.0,45,55
200,41,169.55461991663157,93,9.3,97,103
2000,41,1741.9480200463345,627,62.7,1008,992
10000,41,8889.568286478847,1007,100.7,5021,4979
20000,41,17867.46016902734,1252,125.2,10025,9975
40000,41,35791.06630194227,1642,164.2,20051,19949
60000,41,53709.02471228019,1761,176.1,30247,29753
80000,41,71700.98829331617,1800,180.0,40213,39787
100000,41,89717.52632245363,1866,186.6,50150,49850
2,42,1.4028599043736536,1,0.1,2,0
3,42,1.7915687653362329,2,0.2,3,0
100,42,87.93025534573496,50,5.0,47,53
200,42,172.45477862623906,93,9.3,91,109
2000,42,1749.6479906811753,557,55.7,978,1022
10000,42,8901.314364965543,1191,119.1,4936,5064
20000,42,17918.297973138,1511,151.1,9895,10105
40000,42,35809.018814444484,1916,191.6,19951,20049
60000,42,53774.808986812044,2180,218.0,29993,30007
80000,42,71765.38677492071,2230,223.0,39934,40066
100000,42,89866.22693064199,2249,224.9,49803,50197
2,43,2.0999466293302698,1,0.1,1,1
3,43,3.5219433866494256,2,0.2,1,2
100,43,84.13531796673783,50,5.0,49,51
200,43,174.8185838614963,93,9.3,95,105
2000,43,1760.3203625477572,408,40.8,1013,987
10000,43,8847.191118726725,916,91.6,5074,4926
20000,43,17785.36611979322,1036,103.6,10114,9886
40000,43,35878.34098398705,1090,109.0,19863,20137
60000,43,53858.07468736023,1181,118.1,29863,30137
80000,43,71922.51834237452,1212,121.2,39821,40179
100000,43,89897.86364079647,1442,144.2,49898,50102
2,44,1.7989059793769036,1,0.1,1,1
3,44,2.412443426372433,2,0.2,2,1
100,44,79.50067991872473,50,5.0,54,46
200,44,166.3653088391621,93,9.3,103,97
2000,44,1729.3509402405732,539,53.9,1017,983
10000,44,8879.995607751714,1006,100.6,5005,4995
20000,44,17876.635758417975,1205,120.5,9988,10012
40000,44,35844.00767841275,1432,143.2,20122,19878
60000,44,53787.63170355179,1668,166.8,30250,29750
80000,44,71779.73459458449,1853,185.3,40244,39756
100000,44,89755.6964254453,1888,188.8,50283,49717
2,45,2.1609007809589653,1,0.1,0,2
3,45,3.093855284158186,2,0.2,0,3
100,45,90.60018980429507,50,5.0,47,53
200,45,180.33871218526448,107,10.7,92,108
2000,45,1708.7838943400402,729,72.9,1015,985
10000,45,8870.725764452605,1269,126.9,5056,4944
20000,45,17884.807243925894,1555,155.5,9964,10036
40000,45,35882.77489562394,1932,193.2,19895,20105
60000,45,53878.32525139257,2016,201.6,29914,30086
80000,45,71851.16859688172,2164,216.4,39970,40030
100000,45,89851.70686669633,2375,237.5,49908,50092
2,46,1.9794947050512572,1,0.1,0,2
3,46,3.2494935580703572,2,0.2,0,3
100,46,85.23677408548183,50,5.0,55,45
200,46,170.53352923322439,107,10.7,99,101
2000,46,1723.6550314354358,630,63.0,1030,970
10000,46,8892.764542285548,1036,103.6,4978,5022
20000,46,17867.710299329756,1323,132.3,9999,10001
40000,46,35848.214870727716,1656,165.6,20007,19993
60000,46,53777.792942073516,1792,179.2,30081,29919
80000,46,71802.69658633675,1907,190.7,40088,39912
100000,46,89796.49174946218,2121,212.1,50096,49904
2,47,0.4905043344946819,1,0.1,2,0
3,47,1.5711276192076125,2,0.2,2,1
100,47,89.23240685862274,50,5.0,45,55
200,47,169.47603699410445,107,10.7,99,101
2000,47,1709.175208601108,564,56.4,1034,966
10000,47,8850.241772665455,1002,100.2,5092,4908
20000,47,17828.720876517044,1156,115.6,10119,9881
40000,47,35808.51204607247,1496,149.6,20136,19864
60000,47,53754.388055661184,1635,163.5,30101,29899
80000,47,71708.83784804247,1684,168.4,40149,39851
100000,47,89699.0512238578,1795,179.5,50234,49766
2,48,2.2223808995653074,1,0.1,0,2
3,48,2.7685450089973025,2,0.2,1,2
100,48,81.5693471450912,50,5.0,54,46
200,48,167.06968465137302,93,9.3,102,98
2000,48,1760.647224594041,440,44.0,1000,1000
10000,48,8884.362986006934,1179,117.9,5049,4951
20000,48,17903.35962485472,1484,148.4,10011,9989
40000,48,35885.75879384561,1750,175.0,20076,19924
60000,48,53924.24934205861,1870,187.0,29995,30005
80000,48,71923.39819839777,2040,204.0,39973,40027
100000,48,89917.20876116524,2129,212.9,49944,50056
2,49,1.3400122523330387,1,0.1,2,0
3,49,2.044317078846922,2,0.2,3,0
100,49,83.963628340893,50,5.0,45,55
200,49,167.42032912810438,100,10.0,97,103
2000,49,1714.9793722378063,646,64.6,996,1004
10000,49,8828.141953658856,1168,116.8,4991,5009
20000,49,17802.602569342867,1338,133.8,9974,10026
40000,49,35824.956272529584,1726,172.6,19880,20120
60000,49,53873.782780351015,1886,188.6,29737,30263
80000,49,71834.42656146079,2139,213.9,39757,40243
100000,49,89894.5594637264,2181,218.1,49682,50318
2,50,1.2879424085069096,1,0.1,2,0
3,50,2.0703603513280493,2,0.2,3,0
100,50,84.84661808263041,50,5.0,53,47
200,50,171.33352200712116,95,9.5,98,102
2000,50,1746.8352209781756,648,64.8,981,1019
10000,50,8867.73919172093,1448,144.8,5005,4995
20000,50,17828.799456727942,1719,171.9,9981,10019
40000,50,35808.819463069754,1970,197.0,19992,20008
60000,50,53814.92630153859,2103,210.3,29963,30037
80000,50,71790.00769453953,2183,218.3,40035,39965
100000,50,89861.86071144484,2247,224.7,49917,50083
2,51,1.3648972643314266,1,0.1,1,1
3,51,2.371272073637722,2,0.2,1,2
100,51,78.38114926963554,50,5.0,61,39
200,51,174.46767832104723,93,9.3,107,93
2000,51,1769.607372545171,662,66.2,973,1027
10000,51,8920.274833222344,1369,136.9,4906,5094
20000,51,17882.42578497708,1652,165.2,9932,10068
40000,51,35793.25504292133,2057,205.7,19898,20102
60000,51,53745.49773995147,2236,223.6,29942,30058
80000,51,71710.97880147383,2343,234.3,39984,40016
100000,51,89700.50643763613,2379,237.9,49970,50030
2,52,1.5773983896149901,1,0.1,1,1
3,52,2.0246746129885533,2,0.2,2,1
100,52,82.66614144210959,50,5.0,45,55
200,52,163.64101376592566,98,9.8,91,109
2000,52,1748.8767325537435,547,54.7,981,1019
10000,52,8913.358792415245,1203,120.3,4932,5068
20000,52,17943.128058569488,1393,139.3,9879,10121
40000,52,35840.37124930404,1864,186.4,19931,20069
60000,52,53767.51750103974,2116,211.6,30043,29957
80000,52,71740.66651964247,2223,222.3,40060,39940
100000,52,89748.4869421964,2338,233.8,50133,49867
2,53,1.9807384184133205,1,0.1,1,1
3,53,3.012578785031775,2,0.2,1,2
100,53,80.43062677342624,50,5.0,54,46
200,53,168.1334070731296,93,9.3,107,93
2000,53,1751.8437122441098,605,60.5,968,1032
10000,53,8852.167739874212,1474,147.4,5017,4983
20000,53,17849.88789590448,1994,199.4,9963,10037
40000,53,35844.9675006772,2226,222.6,19915,20085
60000,53,53793.28982482796,2558,255.8,29979,30021
80000,53,71814.48358024414,2684,268.4,39947,40053
100000,53,89788.6547892187,2873,287.3,49944,50056
2,54,2.5500467035674164,1,0.1,0,2
3,54,3.519379339294489,2,0.2,0,3
100,54,86.62078953719877,50,5.0,51,49
200,54,164.63998252891608,93,9.3,113,87
2000,54,1723.8383336919444,568,56.8,1031,969
10000,54,8905.688541103606,1064,106.4,4934,5066
20000,54,17877.802989460484,1528,152.8,9887,10113
40000,54,35844.197380191,1690,169.0,19980,20020
60000,54,53786.83673280385,1935,193.5,30075,29925
80000,54,71747.54720264312,2095,209.5,40049,39951
100000,54,89740.47156062347,2227,222.7,49974,50026
2,55,1.8251713931871967,1,0.1,1,1
3,55,2.7396167634081943,2,0.2,1,2
100,55,84.8528994224928,50,5.0,51,49
200,55,172.98240362614007,107,10.7,97,103
2000,55,1739.4493136639467,756,75.6,987,1013
10000,55,8849.353879158814,1631,163.1,5005,4995
20000,55,17835.720728513843,1981,198.1,10020,9980
40000,55,35788.453058381914,2470,247.0,20049,19951
60000,55,53758.28375920149,2647,264.7,30043,29957
80000,55,71742.9189393939,2804,280.4,40109,39891
100000,55,89646.19252968024,3076,307.6,50175,49825
2,56,2.0515656203175032,1,0.1,0,2
3,56,3.0716542007582053,2,0.2,0,3
100,56,88.27822776871334,50,5.0,48,52
200,56,166.35577277286,95,9.5,102,98
2000,56,1726.0493125962819,521,52.1,1023,977
10000,56,8857.559493880475,1180,118.0,5007,4993
20000,56,17809.545189015178,1373,137.3,10063,9937
40000,56,35747.348462605834,1898,189.8,20045,19955
60000,56,53791.852548608724,2003,200.3,29909,30091
80000,56,71759.63021982317,2181,218.1,39969,40031
100000,56,89781.58081570923,2220,222.0,49915,50085
2,57,1.8392244036630663,1,0.1,0,2
3,57,1.8445937567821133,2,0.2,1,2
100,57,83.25210698995481,50,5.0,53,47
200,57,167.65034657177048,103,10.3,103,97
2000,57,1762.9340111542385,539,53.9,971,1029
10000,57,8870.29497914997,1049,104.9,5000,5000
20000,57,17828.381405326676,1262,126.2,10029,9971
40000,57,35858.31145254759,1427,142.7,19986,20014
60000,57,53885.292264147254,1684,168.4,29912,30088
80000,57,71837.88321313419,1744,174.4,40021,39979
100000,57,89902.49651694811,1761,176.1,49890,50110
2,58,1.1237191029423714,1,0.1,1,1
3,58,2.3133210249416583,2,0.2,1,2
100,58,85.69687988614587,50,5.0,49,51
200,58,167.05024965854048,107,10.7,106,94
2000,58,1739.3825511512357,614,61.4,998,1002
10000,58,8878.953328377445,1254,125.4,5012,4988
20000,58,17827.2147603411,1516,151.6,10044,9956
40000,58,35840.780714567794,1659,165.9,19978,20022
60000,58,53793.153869503316,2091,209.1,29954,30046
80000,58,71792.67056110152,2279,227.9,39924,40076
100000,58,89758.86215387753,2344,234.4,49890,50110
2,59,1.805338961147821,1,0.1,1,1
3,59,2.8684789900363343,2,0.2,1,2
100,59,83.530877236531,50,5.0,46,54
200,59,167.10796679271564,93,9.3,99,101
2000,59,1770.2320418453817,351,35.1,958,1042
10000,59,8830.764464367394,1160,116.0,5003,4997
20000,59,17800.205467185253,1285,128.5,9945,10055
40000,59,35674.324044737594,1481,148.1,20070,19930
60000,59,53643.06421338845,1539,153.9,30135,29865
80000,59,71619.9091857649,1584,158.4,40151,39849
100000,59,89685.16306417149,1611,161.1,50057,49943
2,60,1.650331317830224,1,0.1,1,1
3,60,2.146899580557839,2,0.2,2,1
100,60,79.30824479668097,50,5.0,56,44
200,60,164.1038200024461,93,9.3,109,91
2000,60,1735.773676103729,458,45.8,1002,998
10000,60,8922.784618651656,879,87.9,4989,5011
20000,60,17849.257616713683,1569,156.9,9998,10002
40000,60,35806.365285838154,1787,178.7,20040,19960
60000,60,53754.31554634932,1918,191.8,30112,29888
80000,60,71751.34372551419,2144,214.4,40104,39896
100000,60,89699.93253646033,2285,228.5,50179,49821
2,61,1.453435994718463,1,0.1,2,0
3,61,2.4551769927727514,2,0.2,2,1
100,61,91.98065841520229,50,5.0,43,57
200,61,172.76993105442534,107,10.7,97,103
2000,61,1747.1324316246323,623,62.3,974,1026
10000,61,8919.13377304486,1147,114.7,4973,5027
20000,61,17849.951075375335,1535,153.5,9979,10021
40000,61,35860.11711089263,1931,193.1,19902,20098
60000,61,53827.81431610329,2032,203.2,29963,30037
80000,61,71870.17572193676,2101,210.1,39921,40079
100000,61,89869.9105851595,2182,218.2,49881,50119
2,62,1.8186344210094842,1,0.1,1,1
3,62,2.592917195386538,2,0.2,2,1
100,62,85.58764579872225,50,5.0,49,51
200,62,173.23263787608624,93,9.3,98,102
2000,62,1735.7357949398495,758,75.8,976,1024
10000,62,8879.078304075212,1408,140.8,4975,5025
20000,62,17860.46664685329,1801,180.1,9969,10031
40000,62,35871.55791434464,2018,201.8,19880,20120
60000,62,53887.19457412072,2315,231.5,29910,30090
80000,62,71848.27382459062,2454,245.4,39963,40037
100000,62,89841.92709737708,2501,250.1,49957,50043
2,63,1.839088384163394,1,0.1,0,2
3,63,2.562548501177444,2,0.2,1,2
100,63,91.1161064368381,50,5.0,44,56
200,63,171.80514388287392,106,10.6,97,103
2000,63,1752.6252648455106,662,66.2,988,1012
10000,63,8852.075819144713,1428,142.8,5006,4994
20000,63,17815.304121173784,1719,171.9,9991,10009
40000,63,35736.3654162841,2006,200.6,20008,19992
60000,63,53703.04484599958,2116,211.6,30031,29969
80000,63,71623.23470103735,2246,224.6,40102,39898
100000,63,89604.57424350445,2264,226.4,50123,49877
2,64,1.3921964297008795,1,0.1,2,0
3,64,2.2789153432855276,2,0.2,2,1
100,64,84.97966843756886,50,5.0,51,49
200,64,169.96999904852262,102,10.2,98,102
2000,64,1763.1527239650316,467,46.7,980,1020
10000,64,8901.962880497449,1187,118.7,4983,5017
20000,64,17843.856180793355,1466,146.6,10038,9962
40000,64,35778.73355058188,1801,180.1,20062,19938
60000,64,53823.99938818124,2058,205.8,29929,30071
80000,64,71719.29082434728,2224,222.4,40032,39968
100000,64,89778.74383775158,2244,224.4,49929,50071
2,65,2.8326434992140976,1,0.1,0,2
3,65,3.718631550995372,2,0.2,0,3
100,65,87.78740103259419,50,5.0,51,49
200,65,168.60134515435334,107,10.7,105,95
2000,65,1727.6948206295604,609,60.9,1042,958
10000,65,8856.467691702173,1302,130.2,5046,4954
20000,65,17859.92787110542,1484,148.4,10031,9969
40000,65,35884.00614038175,1621,162.1,19998,20002
60000,65,53879.88311511645,1757,175.7,30032,29968
80000,65,71990.98549821347,1801,180.1,39890,40110
100000,65,89976.27091744907,1912,191.2,49905,50095
2,66,1.0929163516428013,1,0.1,1,1
3,66,1.2487475649734932,2,0.2,2,1
100,66,87.70216392273066,50,5.0,44,56
200,66,172.16118975320316,107,10.7,97,103
2000,66,1714.0904899866741,576,57.6,1027,973
10000,66,8888.689716013541,944,94.4,5023,4977
20000,66,17854.374344600288,1269,126.9,10019,9981
40000,66,35790.91372916354,1582,158.2,20063,19937
60000,66,53843.93870287893,1725,172.5,29951,30049
80000,66,71819.72462012245,1833,183.3,39910,40090
100000,66,89854.09925710503,1952,195.2,49903,50097
2,67,2.3253469281258545,1,0.1,0,2
3,67,2.9182691708829918,2,0.2,1,2
100,67,88.97545547976203,50,5.0,45,55
200,67,172.47521746100753,93,9.3,98,102
2000,67,1733.7097456037914,605,60.5,1005,995
10000,67,8813.805490915556,1424,142.4,5012,4988
20000,67,17744.88152642858,2151,215.1,10022,9978
40000,67,35692.678903693326,2539,253.9,20052,19948
60000,67,53784.291127412835,2584,258.4,30027,29973
80000,67,71816.34685254055,2750,275.0,39946,40054
100000,67,89910.70089348819,2779,277.9,49813,50187
2,68,1.7068178417531916,1,0.1,1,1
3,68,3.555055962226608,2,0.2,1,2
100,68,82.58225905718496,50,5.0,49,51
200,68,168.78553010205542,107,10.7,97,103
2000,68,1750.6609780482538,727,72.7,975,1025
10000,68,8855.524067650249,1609,160.9,4967,5033
20000,68,17777.082751273316,2208,220.8,9980,10020
40000,68,35755.2346566298,2459,245.9,19941,20059
60000,68,53706.51005222343,2660,266.0,30023,29977
80000,68,71688.2384752658,2760,276.0,40000,40000
100000,68,89752.80145888474,2811,281.1,49927,50073
2,69,2.0302367040555644,1,0.1,0,2
3,69,2.6154621397428706,2,0.2,1,2
100,69,83.47413988096903,50,5.0,53,47
200,69,170.12186586457028,107,10.7,100,100
2000,69,1763.6024534481871,558,55.8,994,1006
10000,69,8898.465336331425,1330,133.0,4995,5005
20000,69,17905.84831379984,1630,163.0,9927,10073
40000,69,35862.47075470284,2017,201.7,19925,20075
60000,69,53819.412514095224,2273,227.3,29954,30046
80000,69,71816.12121838664,2333,233.3,39896,40104
100000,69,89794.83990747466,2423,242.3,49825,50175
2,70,2.3889520537026447,1,0.1,0,2
3,70,2.064000284386231,2,0.2,1,2
100,70,84.28525441499758,50,5.0,48,52
200,70,171.4848264877333,99,9.9,96,104
2000,70,1755.4961115868143,662,66.2,960,1040
10000,70,8912.904405259125,1472,147.2,4940,5060
20000,70,17834.371000226616,1777,177.7,10033,9967
40000,70,35894.79115654378,1955,195.5,19918,20082
60000,70,53784.67557863748,2309,230.9,30006,29994
80000,70,71804.0295489499,2503,250.3,39976,40024
100000,70,89859.54037240556,2584,258.4,49836,50164
2,71,1.6992762833150794,1,0.1,1,1
3,71,2.2816437312721773,2,0.2,2,1
100,71,87.31409678160816,50,5.0,48,52
200,71,171.85893948148959,107,10.7,102,98
2000,71,1759.1961619413978,657,65.7,992,1008
10000,71,8889.874034945606,1352,135.2,4930,5070
20000,71,17838.526893718088,1640,164.0,9925,10075
40000,71,35743.40854671776,2025,202.5,20017,19983
60000,71,53728.67434099219,2256,225.6,30002,29998
80000,71,71783.14627232528,2301,230.1,39876,40124
100000,71,89723.65144163281,2378,237.8,49905,50095
2,72,1.6458806266375992,1,0.1,1,1
3,72,2.4396615204743712,2,0.2,2,1
100,72,82.8174303690513,50,5.0,54,46
200,72,166.48112597275968,107,10.7,109,91
2000,72,1718.915870270069,478,47.8,1041,959
10000,72,8891.41225369124,1266,126.6,4928,5072
20000,72,17865.62728071012,1784,178.4,9903,10097
40000,72,35773.17799004096,2171,217.1,19972,20028
60000,72,53780.74940800844,2362,236.2,29881,30119
80000,72,71806.422329307,2495,249.5,39804,40196
100000,72,89800.89205577855,2577,257.7,49818,50182
2,73,0.7772886246804397,1,0.1,2,0
3,73,1.0106466286966385,2,0.2,3,0
100,73,89.76719076270965,50,5.0,38,62
200,73,173.9273742078601,107,10.7,85,115
2000,73,1756.786935801488,601,60.1,981,1019
10000,73,8900.886643629314,1314,131.4,4949,5051
20000,73,17839.669474503797,1843,184.3,9972,10028
40000,73,35780.65146019524,2573,257.3,19966,20034
60000,73,53715.47132760019,2877,287.7,30019,29981
80000,73,71720.5904200089,2993,299.3,39995,40005
100000,73,89682.49899605013,3130,313.0,49952,50048
2,74,1.614614670509809,1,0.1,2,0
3,74,2.2398530738519637,2,0.2,3,0
100,74,85.0820657622824,50,5.0,48,52
200,74,168.00585637139127,93,9.3,102,98
2000,74,1738.035119504118,564,56.4,1005,995
10000,74,8853.203830565519,1582,158.2,4991,5009
20000,74,17800.65202800072,1925,192.5,10007,9993
40000,74,35768.40199411023,2225,222.5,20045,19955
60000,74,53786.0324459032,2360,236.0,29939,30061
80000,74,71713.18213277438,2518,251.8,40041,39959
100000,74,89748.61153956402,2609,260.9,49951,50049
2,75,1.9420459043788567,1,0.1,1,1
3,75,2.9390698117229395,2,0.2,1,2
100,75,82.67638878317484,50,5.0,56,44
200,75,171.63774055398483,93,9.3,102,98
2000,75,1745.531832111621,456,45.6,1011,989
10000,75,8824.90547734421,1218,121.8,5058,4942
20000,75,17817.011030189955,1465,146.5,10045,9955
40000,75,35807.85327963546,2051,205.1,20010,19990
60000,75,53820.402687030626,2430,243.0,29922,30078
80000,75,71783.02109953268,2666,266.6,39992,40008
100000,75,89756.82328645281,2892,289.2,49996,50004
2,76,2.2393627221677255,1,0.1,0,2
3,76,2.5033659549182605,2,0.2,1,2
100,76,82.58274580423137,50,5.0,53,47
200,76,169.00547258855406,93,9.3,99,101
2000,76,1734.0750078944181,547,54.7,988,1012
10000,76,8858.38987052454,1231,123.1,5006,4994
20000,76,17827.136026261556,1783,178.3,10038,9962
40000,76,35778.38050012505,2210,221.0,19987,20013
60000,76,53849.817624068,2291,229.1,29911,30089
80000,76,71792.87961775764,2406,240.6,39958,40042
100000,76,89748.10595286587,2484,248.4,50048,49952
2,77,1.9837850846549234,1,0.1,1,1
3,77,2.9636895162135133,2,0.2,1,2
100,77,87.64840300976253,50,5.0,47,53
200,77,170.2945992205148,106,10.6,100,100
2000,77,1734.704706734774,853,85.3,993,1007
10000,77,8915.213064793732,1517,151.7,4955,5045
20000,77,17896.96319594822,1822,182.2,9910,10090
40000,77,35829.42014396462,2294,229.4,19965,20035
60000,77,53844.29101423666,2551,255.1,30001,29999
80000,77,71809.49739880428,2665,266.5,40118,39882
100000,77,89784.57483605959,2763,276.3,50235,49765
2,78,2.8911270756039364,1,0.1,1,1
3,78,3.606277243073689,2,0.2,2,1
100,78,88.05708134485728,50,5.0,44,56
200,78,163.15352560548288,95,9.5,108,92
2000,78,1716.415540553032,466,46.6,1047,953
10000,78,8846.151583642797,1009,100.9,5023,4977
20000,78,17834.538912611126,1537,153.7,10044,9956
40000,78,35717.33079698639,1953,195.3,20130,19870
60000,78,53677.476181391685,2148,214.8,30142,29858
80000,78,71600.39478182067,2301,230.1,40260,39740
100000,78,89601.27286332434,2332,233.2,50274,49726
2,79,1.5451222858140783,1,0.1,2,0
3,79,2.5002216311440346,2,0.2,2,1
100,79,87.19140253789702,50,5.0,50,50
200,79,176.9988408242837,94,9.4,90,110
2000,79,1739.290263869554,574,57.4,995,1005
10000,79,8861.655882078892,926,92.6,5041,4959
20000,79,17841.746589306375,1069,106.9,10051,9949
40000,79,35768.2356714247,1339,133.9,20157,19843
60000,79,53750.47213957956,1596,159.6,30165,29835
80000,79,71749.16284121333,1731,173.1,40046,39954
100000,79,89818.50727043352,1789,178.9,49927,50073
2,80,1.783684776323996,1,0.1,1,1
3,80,2.3024573509441746,2,0.2,2,1
100,80,83.50761693284733,50,5.0,52,48
200,80,164.08729649429105,105,10.5,111,89
2000,80,1724.9347651001226,526,52.6,1031,969
10000,80,8796.292578589953,1165,116.5,5143,4857
20000,80,17846.757289687765,1345,134.5,10038,9962
40000,80,35773.900112744814,1620,162.0,20097,19903
60000,80,53789.49146485461,1671,167.1,29981,30019
80000,80,71726.27997359067,1811,181.1,40029,39971
100000,80,89719.492090028,1960,196.0,49985,50015
2,81,2.919918083837072,1,0.1,0,2
3,81,3.176653832486406,2,0.2,1,2
100,81,86.46574171412402,50,5.0,49,51
200,81,175.11444656883603,93,9.3,96,104
2000,81,1770.9808861081485,606,60.6,970,1030
10000,81,8926.767627125428,1389,138.9,4918,5082
20000,81,17917.537699285735,1816,181.6,9945,10055
40000,81,35883.67592128239,2201,220.1,19899,20101
60000,81,53809.85986675684,2301,230.1,29937,30063
80000,81,71893.09716273795,2409,240.9,39835,40165
100000,81,89887.92737660451,2507,250.7,49819,50181
2,82,2.0193186711273943,1,0.1,0,2
3,82,3.194313933831854,2,0.2,0,3
100,82,88.17142570666546,50,5.0,45,55
200,82,175.42199282533736,95,9.5,90,110
2000,82,1734.8307898282044,598,59.8,996,1004
10000,82,8883.337034872731,1088,108.8,5017,4983
20000,82,17853.577663910422,1245,124.5,10042,9958
40000,82,35845.309536617635,1488,148.8,20000,20000
60000,82,53816.9065025953,1566,156.6,29993,30007
80000,82,71846.72716280962,1642,164.2,39913,40087
100000,82,89820.97638168246,1755,175.5,49966,50034
2,83,2.310180063306192,1,0.1,0,2
3,83,3.0477298680965648,2,0.2,1,2
100,83,85.12937357856454,50,5.0,50,50
200,83,166.47654928110356,93,9.3,104,96
2000,83,1753.949829925267,420,42.0,991,1009
10000,83,8880.317681568713,871,87.1,5020,4980
20000,83,17860.735955269898,966,96.6,10037,9963
40000,83,35896.524129043435,1071,107.1,19976,20024
60000,83,53921.27462768248,1150,115.0,29956,30044
80000,83,71872.67852331605,1616,161.6,39947,40053
100000,83,89830.32975883136,1669,166.9,50050,49950
2,84,1.8510349889231095,1,0.1,0,2
3,84,2.2696427347803705,2,0.2,1,2
100,84,88.39487602878184,50,5.0,41,59
200,84,176.41919421474404,107,10.7,84,116
2000,84,1736.084606942661,519,51.9,1003,997
10000,84,8870.22375663792,1063,106.3,5039,4961
20000,84,17846.31860182979,1378,137.8,10016,9984
40000,84,35816.28009479827,1744,174.4,20014,19986
60000,84,53781.22093292403,1885,188.5,29940,30060
80000,84,71700.75039636798,2033,203.3,40038,39962
100000,84,89680.07209342538,2067,206.7,50098,49902
2,85,2.1582150269885862,1,0.1,0,2
3,85,2.818992333654778,2,0.2,1,2
100,85,89.50552365608229,50,5.0,46,54
200,85,176.7555555339311,107,10.7,92,108
2000,85,1749.5820420152593,611,61.1,990,1010
10000,85,8866.424371654723,1189,118.9,4990,5010
20000,85,17873.10002593377,1676,167.6,9933,10067
40000,85,35855.04612123987,2187,218.7,19890,20110
60000,85,53835.95178185735,2304,230.4,29901,30099
80000,85,71830.96011022294,2380,238.0,39962,40038
100000,85,89861.41296440386,2430,243.0,49871,50129
2,86,1.6601893142241195,1,0.1,1,1
3,86,2.615755390479827,2,0.2,1,2
100,86,84.23496939366919,50,5.0,54,46
200,86,170.88625945140754,95,9.5,102,98
2000,86,1754.0335836152083,431,43.1,1011,989
10000,86,8968.11105604983,865,86.5,4911,5089
20000,86,17970.44542134445,1073,107.3,9901,10099
40000,86,35897.04890902631,1372,137.2,19990,20010
60000,86,53869.404916076644,1477,147.7,30030,29970
80000,86,71842.54681738539,2039,203.9,39942,40058
100000,86,89852.06077827739,2179,217.9,49899,50101
2,87,1.269618898272666,1,0.1,2,0
3,87,2.5852090537246024,2,0.2,2,1
100,87,82.19503496221958,50,5.0,54,46
200,87,170.6527836778299,107,10.7,101,99
2000,87,1746.7799321537373,732,73.2,964,1036
10000,87,8848.713277769697,1494,149.4,5014,4986
20000,87,17800.838654749616,1862,186.2,9990,10010
40000,87,35811.44403943781,2172,217.2,19926,20074
60000,87,53802.642389881315,2604,260.4,29901,30099
80000,87,71811.79872937723,2770,277.0,39828,40172
100000,87,89793.26292313452,2911,291.1,49822,50178
2,88,2.0333615183706764,1,0.1,1,1
3,88,1.7943670724592846,2,0.2,2,1
100,88,84.98686224705295,50,5.0,49,51
200,88,170.0541601400963,106,10.6,97,103
2000,88,1723.8044472628924,618,61.8,1034,966
10000,88,8913.976662147046,1103,110.3,4968,5032
20000,88,17940.068464117805,1284,128.4,9884,10116
40000,88,35917.92697490749,1519,151.9,19865,20135
60000,88,53871.285585123325,1666,166.6,29925,30075
80000,88,71823.81559868154,1770,177.0,40002,39998
100000,88,89797.842222465,1923,192.3,50031,49969
2,89,1.9062961794184203,1,0.1,1,1
3,89,2.828796165548927,2,0.2,1,2
100,89,86.32259043352157,50,5.0,47,53
200,89,168.77262049023489,93,9.3,103,97
2000,89,1752.075769283508,450,45.0,1012,988
10000,89,8912.660090079056,983,98.3,5037,4963
20000,89,17918.003459901523,1132,113.2,9981,10019
40000,89,35876.91294061529,1322,132.2,19968,20032
60000,89,53881.88010403057,1569,156.9,29990,30010
80000,89,71799.79872257404,1627,162.7,40123,39877
100000,89,89801.37100971036,1689,168.9,50058,49942
2,90,1.9606761671316715,1,0.1,1,1
3,90,2.8598098625016406,2,0.2,1,2
100,90,85.44822851312051,50,5.0,53,47
200,90,162.86257971722202,93,9.3,114,86
2000,90,1754.976436079052,324,32.4,1015,985
10000,90,8890.905706189127,1097,109.7,4997,5003
20000,90,17824.70381846081,1311,131.1,10072,9928
40000,90,35843.37317014761,1532,153.2,20101,19899
60000,90,53791.23679937661,1613,161.3,30177,29823
80000,90,71860.56111648821,1746,174.6,40090,39910
100000,90,89867.12374951036,1817,181.7,50002,49998
2,91,1.0335061407669779,1,0.1,2,0
3,91,2.037941212612015,2,0.2,2,1
100,91,82.31277776756855,50,5.0,54,46
200,91,164.09659361372115,104,10.4,115,85
2000,91,1760.5086135406461,596,59.6,997,1003
10000,91,8846.991486906367,1458,145.8,5035,4965
20000,91,17775.586090582005,1849,184.9,10120,9880
40000,91,35801.71387589768,2118,211.8,20085,19915
60000,91,53735.53354437492,2378,237.8,30117,29883
80000,91,71696.1309394191,2467,246.7,40113,39887
100000,91,89611.29134341388,2676,267.6,50172,49828
2,92,2.5601027508115672,1,0.1,0,2
3,92,3.5658423186225177,2,0.2,0,3
100,92,82.27908323512277,50,5.0,55,45
200,92,166.29551734929777,104,10.4,105,95
2000,92,1733.8391657921682,623,62.3,1005,995
10000,92,8885.60722128015,1314,131.4,5016,4984
20000,92,17863.084800780245,1592,159.2,9979,10021
40000,92,35797.90232064084,1982,198.2,20022,19978
60000,92,53796.33390682115,2116,211.6,30083,29917
80000,92,71831.48213536752,2159,215.9,40026,39974
100000,92,89827.79249433811,2199,219.9,50085,49915
2,93,2.348701955176983,1,0.1,0,2
3,93,2.76029279318638,2,0.2,1,2
100,93,84.32116056403983,50,5.0,49,51
200,93,173.9265128981649,93,9.3,91,109
2000,93,1755.2400182929082,679,67.9,979,1021
10000,93,8890.352379564154,1413,141.3,5008,4992
20000,93,17817.81769760439,1898,189.8,10067,9933
40000,93,35857.892065114385,2153,215.3,19978,20022
60000,93,53826.06199951199,2346,234.6,29968,30032
80000,93,71784.51887161376,2462,246.2,40043,39957
100000,93,89718.46717840969,2667,266.7,50047,49953
2,94,0.9143232905062809,1,0.1,2,0
3,94,1.9908674259045878,2,0.2,2,1
100,94,94.74782957901934,50,5.0,44,56
200,94,182.35843612764864,107,10.7,92,108
2000,94,1756.3809329199282,682,68.2,987,1013
10000,94,8867.518541827203,1677,167.7,4996,5004
20000,94,17863.189326080505,1952,195.2,10001,9999
40000,94,35809.53890632198,2313,231.3,19986,20014
60000,94,53780.26129175466,2839,283.9,29997,30003
80000,94,71794.29234171756,2903,290.3,39988,40012
100000,94,89793.10493274489,2969,296.9,49932,50068
2,95,1.6030862815252434,1,0.1,1,1
3,95,2.9057227666667287,2,0.2,1,2
100,95,87.48922897664853,50,5.0,44,56
200,95,168.38253839930297,93,9.3,96,104
2000,95,1744.004888318132,549,54.9,1016,984
10000,95,8863.607939614538,1047,104.7,5067,4933
20000,95,17837.124919707923,1270,127.0,10075,9925
40000,95,35810.51183207628,1528,152.8,20055,19945
60000,95,53742.85013974849,1736,173.6,30091,29909
80000,95,71838.2299977829,1749,174.9,39932,40068
100000,95,89921.8448572043,1789,178.9,49853,50147
2,96,2.0972663964259697,1,0.1,0,2
3,96,3.2114851410545944,2,0.2,0,3
100,96,88.99124762708934,50,5.0,44,56
200,96,175.34048927441523,93,9.3,90,110
2000,96,1752.1894638983592,444,44.4,987,1013
10000,96,8883.502477837947,1133,113.3,5015,4985
20000,96,17863.480550337496,1392,139.2,9991,10009
40000,96,35810.511566412766,1869,186.9,19998,20002
60000,96,53797.26563172241,1976,197.6,29981,30019
80000,96,71791.89181318952,2068,206.8,39968,40032
100000,96,89791.4423581845,2108,210.8,50032,49968
2,97,1.7285885239178436,1,0.1,1,1
3,97,2.302371107768773,2,0.2,2,1
100,97,82.95728584041126,50,5.0,57,43
200,97,169.4996020914265,107,10.7,105,95
2000,97,1751.3506448251158,410,41.0,1011,989
10000,97,8929.390165687853,883,88.3,4964,5036
20000,97,17899.554631969928,1285,128.5,9943,10057
40000,97,35792.96965296606,1564,156.4,20123,19877
60000,97,53801.551799035464,1771,177.1,30059,29941
80000,97,71744.31655082104,2066,206.6,40188,39812
100000,97,89689.99414233414,2105,210.5,50276,49724
2,98,1.8240357901157238,1,0.1,1,1
3,98,3.134641010256191,2,0.2,1,2
100,98,83.52603428315,50,5.0,49,51
200,98,172.42423971172937,93,9.3,97,103
2000,98,1727.6150138586047,620,62.0,1049,951
10000,98,8934.409835270364,1210,121.0,4955,5045
20000,98,17863.138937572152,1539,153.9,10000,10000
40000,98,35841.57018672579,2003,200.3,19948,20052
60000,98,53814.8886011207,2096,209.6,29899,30101
80000,98,71821.20180589761,2141,214.1,39841,40159
100000,98,89847.4993322972,2251,225.1,49789,50211
2,99,1.8360543423340283,1,0.1,1,1
3,99,2.7066549273623934,2,0.2,1,2
100,99,89.97770039146093,50,5.0,41,59
200,99,168.93907649515697,107,10.7,99,101
2000,99,1724.5914988283625,602,60.2,1017,983
10000,99,8866.230347900073,1124,112.4,5064,4936
20000,99,17846.172794649217,1335,133.5,10068,9932
40000,99,35823.65711709016,1700,170.0,20064,19936
60000,99,53853.56582698867,1897,189.7,30022,29978
80000,99,71831.5076783662,2092,209.2,40063,39937
100000,99,89718.25444656989,2292,229.2,50137,49863
2,100,2.314140890823544,1,0.1,0,2
3,100,3.152695745019449,2,0.2,0,3
100,100,90.85709643962457,50,5.0,45,55
200,100,169.8161494077562,101,10.1,99,101
2000,100,1753.6693155694772,647,64.7,977,1023
10000,100,8931.538177672976,1365,136.5,4908,5092
20000,100,17829.81910263416,1775,177.5,9990,10010
40000,100,35874.03250809026,2113,211.3,19893,20107
60000,100,53856.869495282815,2378,237.8,29930,30070
80000,100,71882.82444597826,2455,245.5,39849,40151
100000,100,89873.26634071619,2651,265.1,49809,50191
