Timestep,Iteration,Total Reward,Suboptimal Arms,Total Regret,Zeros Count,Ones Count
2,1,1.593624937130044,1,0.1,1,1
3,1,2.263426036345838,2,0.2,2,1
100,1,83.46321965531563,37,3.7,49,51
200,1,163.77488948305395,78,7.8,104,96
2000,1,1715.8727103952544,593,59.3,1029,971
10000,1,8842.113850137617,1252,125.2,5098,4902
20000,1,17828.2012972475,1853,185.3,9904,10096
40000,1,35798.53866032832,2205,220.5,19966,20034
60000,1,53867.22895199737,1880,188.0,29989,30011
80000,1,71585.89416923704,2467,246.7,40262,39738
100000,1,89671.7475762018,2903,290.3,49921,50079
2,2,1.9894612745006417,1,0.1,1,1
3,2,3.128108393714829,2,0.2,2,1
100,2,78.39283239334112,58,5.8,54,46
200,2,171.94082342965632,73,7.3,106,94
2000,2,1742.9709642883481,601,60.1,999,1001
10000,2,8864.66809201398,1253,125.3,4980,5020
20000,2,17890.016811966496,1549,154.9,9909,10091
40000,2,35821.43145857606,1840,184.0,19987,20013
60000,2,53899.50750854499,1627,162.7,29840,30160
80000,2,71900.40246725277,1970,197.0,39853,40147
100000,2,89790.69654381367,1850,185.0,49941,50059
2,3,1.224488512437793,1,0.1,2,0
3,3,3.031930369967085,2,0.2,2,1
100,3,89.89879736244694,42,4.2,43,57
200,3,170.5326978167688,111,11.1,103,97
2000,3,1750.4856389381453,539,53.9,1007,993
10000,3,8863.079174830596,1237,123.7,4992,5008
20000,3,17838.387281106687,1084,108.4,10128,9872
40000,3,35892.84525651318,1737,173.7,19900,20100
60000,3,53826.762633859624,2903,290.3,29928,30072
80000,3,71832.25919484464,1489,148.9,39832,40168
100000,3,89822.60876563926,2504,250.4,49993,50007
2,4,1.5779938686368442,1,0.1,2,0
3,4,2.5942639059931283,2,0.2,2,1
100,4,89.11045921476689,63,6.3,47,53
200,4,160.76953920968413,106,10.6,108,92
2000,4,1751.332522423123,575,57.5,984,1016
10000,4,8924.903330624944,1314,131.4,5002,4998
20000,4,17882.514669100517,1797,179.7,9918,10082
40000,4,35828.44077238967,1673,167.3,20060,19940
60000,4,53715.88598295286,2256,225.6,30091,29909
80000,4,72032.75304809237,2406,240.6,39617,40383
100000,4,89685.91155555885,2619,261.9,50131,49869
2,5,1.4938100958035425,1,0.1,1,1
3,5,2.3137756283952897,2,0.2,2,1
100,5,82.71130828834217,62,6.2,52,48
200,5,159.23118845815057,89,8.9,108,92
2000,5,1727.621014960801,774,77.4,1003,997
10000,5,8792.783672921345,1505,150.5,5068,4932
20000,5,17831.81780764582,1427,142.7,9999,10001
40000,5,35822.05331865681,2134,213.4,19990,20010
60000,5,53714.47013501069,2168,216.8,30008,29992
80000,5,71691.0562167949,2268,226.8,40187,39813
100000,5,89774.58354177949,2784,278.4,49890,50110
2,6,0.40236799150394764,1,0.1,2,0
3,6,1.8484190432513303,2,0.2,2,1
100,6,85.15547194763333,37,3.7,46,54
200,6,168.56612604507595,112,11.2,103,97
2000,6,1753.2857710245066,418,41.8,1004,996
10000,6,8954.216405463747,828,82.8,4977,5023
20000,6,17830.081950490105,1725,172.5,10029,9971
40000,6,35817.10140307536,2089,208.9,19990,20010
60000,6,53826.808435529194,2130,213.0,29831,30169
80000,6,71799.03800680437,2493,249.3,39802,40198
100000,6,89652.68439177824,2344,234.4,50170,49830
2,7,1.3849654769512836,1,0.1,2,0
3,7,2.7722096171789454,2,0.2,0,3
100,7,87.08870794446344,49,4.9,45,55
200,7,172.07795897119584,93,9.3,96,104
2000,7,1751.9498596865892,583,58.3,978,1022
10000,7,8899.952714961644,1299,129.9,4972,5028
20000,7,17753.535075228945,1492,149.2,10097,9903
40000,7,35845.58994341566,1399,139.9,20008,19992
60000,7,53783.16540440414,1656,165.6,30076,29924
80000,7,71893.47949993855,2072,207.2,39866,40134
100000,7,90022.01733705236,2099,209.9,49761,50239
2,8,2.113891175193032,1,0.1,1,1
3,8,1.8985035165345767,2,0.2,2,1
100,8,89.73374801966337,58,5.8,45,55
200,8,168.48203023223888,78,7.8,103,97
2000,8,1740.3031054870034,515,51.5,1017,983
10000,8,8904.260464668469,854,85.4,5002,4998
20000,8,17890.6529696916,1363,136.3,9980,10020
40000,8,35880.232002239645,1647,164.7,19993,20007
60000,8,53749.51798938147,2048,204.8,30146,29854
80000,8,71840.3438851386,3176,317.6,39889,40111
100000,8,89794.51212622091,2340,234.0,50053,49947
2,9,1.641586855323765,1,0.1,2,0
3,9,2.2968896264790217,2,0.2,2,1
100,9,83.16138027881942,53,5.3,52,48
200,9,170.34155564121295,109,10.9,99,101
2000,9,1776.7372609151753,426,42.6,960,1040
10000,9,8872.365382237916,1103,110.3,5036,4964
20000,9,17887.488266239732,1780,178.0,9898,10102
40000,9,35779.10758561429,2015,201.5,20032,19968
60000,9,53801.66949102352,1942,194.2,30029,29971
80000,9,71763.94794434008,1656,165.6,40074,39926
100000,9,89701.85199148858,2283,228.3,50139,49861
2,10,1.3974410812806568,1,0.1,2,0
3,10,2.084731715066508,2,0.2,2,1
100,10,78.35652516113522,50,5.0,58,42
200,10,170.70891948092356,98,9.8,107,93
2000,10,1743.4966340895494,505,50.5,997,1003
10000,10,8835.76527889021,819,81.9,5081,4919
20000,10,17854.537167903898,1685,168.5,9967,10033
40000,10,35805.173948738346,1680,168.0,20075,19925
60000,10,53736.25316279202,1869,186.9,30039,29961
80000,10,71677.99878114928,2594,259.4,40046,39954
100000,10,89783.46015776173,2227,222.7,49962,50038
2,11,1.0324431285788829,1,0.1,2,0
3,11,1.8800748288589757,2,0.2,2,1
100,11,83.28030182285406,55,5.5,49,51
200,11,171.36626267333048,105,10.5,106,94
2000,11,1730.6664115655078,484,48.4,1018,982
10000,11,8926.408406459253,981,98.1,4943,5057
20000,11,17786.302129816268,1030,103.0,10195,9805
40000,11,35766.974006278935,2300,230.0,20179,19821
60000,11,53747.73791123378,1678,167.8,30214,29786
80000,11,71708.11732441228,2313,231.3,39996,40004
100000,11,89759.90518503393,1981,198.1,49971,50029
2,12,1.264908344022528,1,0.1,2,0
3,12,3.5920041368429763,2,0.2,1,2
100,12,78.26493727661658,61,6.1,58,42
200,12,171.78717825786572,133,13.3,96,104
2000,12,1744.7219783470098,641,64.1,1012,988
10000,12,8840.834577355145,1243,124.3,5029,4971
20000,12,17858.102176177803,1282,128.2,10017,9983
40000,12,35816.48660371165,1758,175.8,20078,19922
60000,12,53826.05563203686,1707,170.7,29904,30096
80000,12,71966.11111506766,1919,191.9,39802,40198
100000,12,89724.05495459434,2257,225.7,49976,50024
2,13,2.013107399387254,1,0.1,1,1
3,13,2.927645315372795,2,0.2,1,2
100,13,80.98631406482748,49,4.9,56,44
200,13,172.60563272399332,107,10.7,91,109
2000,13,1738.1969833801404,510,51.0,993,1007
10000,13,8902.17547590463,1572,157.2,4940,5060
20000,13,17876.878205736637,1416,141.6,9941,10059
40000,13,35738.0659966584,1586,158.6,20193,19807
60000,13,53782.079216729115,2059,205.9,30012,29988
80000,13,71918.16079318078,2237,223.7,39663,40337
100000,13,89720.93849399434,3400,340.0,50047,49953
2,14,2.048876592626025,1,0.1,0,2
3,14,2.350848757551776,2,0.2,1,2
100,14,84.80674617115066,62,6.2,48,52
200,14,174.362385523549,60,6.0,103,97
2000,14,1756.9862148545697,668,66.8,984,1016
10000,14,8951.15760597544,804,80.4,4996,5004
20000,14,17874.124158332783,1267,126.7,9948,10052
40000,14,35863.58591943579,1384,138.4,19945,20055
60000,14,53663.838299472794,2241,224.1,30271,29729
80000,14,71734.63748402226,1988,198.8,40147,39853
100000,14,89772.38280571056,2126,212.6,49862,50138
2,15,1.4403957573518014,1,0.1,1,1
3,15,2.4813617267074206,2,0.2,1,2
100,15,86.99357680591447,52,5.2,46,54
200,15,169.8219193059903,98,9.8,105,95
2000,15,1749.385268421991,479,47.9,999,1001
10000,15,8930.314238456956,865,86.5,5008,4992
20000,15,17833.648390627182,1322,132.2,10007,9993
40000,15,35786.39723345517,2040,204.0,20067,19933
60000,15,53870.079673287175,1971,197.1,30072,29928
80000,15,71996.5032148224,2026,202.6,39646,40354
100000,15,89647.68009187769,2713,271.3,49945,50055
2,16,3.1668537030211894,1,0.1,0,2
3,16,3.4351122586359097,2,0.2,0,3
100,16,84.28998270252505,56,5.6,47,53
200,16,169.57083920971803,99,9.9,105,95
2000,16,1691.8425029196344,879,87.9,1034,966
10000,16,8968.876679069224,1118,111.8,4933,5067
20000,16,17858.73096338718,1693,169.3,9939,10061
40000,16,35773.67173442213,1792,179.2,20021,19979
60000,16,53883.14915439971,1809,180.9,29932,30068
80000,16,71805.14647031177,2206,220.6,39998,40002
100000,16,89903.89135145556,2165,216.5,49832,50168
2,17,1.1938461425344622,1,0.1,1,1
3,17,2.040104183693523,2,0.2,2,1
100,17,80.95835351465773,63,6.3,51,49
200,17,175.3877138506161,57,5.7,94,106
2000,17,1759.6846464155035,549,54.9,967,1033
10000,17,8877.621076969688,1347,134.7,4954,5046
20000,17,17881.138888111196,1336,133.6,9956,10044
40000,17,35856.20254435173,1378,137.8,19942,20058
60000,17,53824.41465133482,2215,221.5,29924,30076
80000,17,71909.92550027132,2145,214.5,39870,40130
100000,17,89736.5674742799,1853,185.3,50008,49992
2,18,0.6349474677905165,1,0.1,2,0
3,18,1.816724594608278,2,0.2,2,1
100,18,84.07193831422413,63,6.3,46,54
200,18,175.78161379413686,66,6.6,95,105
2000,18,1764.3484891896735,604,60.4,973,1027
10000,18,8900.954867178767,1477,147.7,4960,5040
20000,18,17793.08677763801,1903,190.3,9995,10005
40000,18,35801.910897040456,2031,203.1,19989,20011
60000,18,53733.02609242405,2411,241.1,30068,29932
80000,18,71879.86595399457,2069,206.9,39917,40083
100000,18,89877.04214826993,1955,195.5,49873,50127
2,19,0.5747739906182454,1,0.1,2,0
3,19,3.196078454742433,2,0.2,1,2
100,19,89.38626649109739,57,5.7,45,55
200,19,167.6913438553785,102,10.2,101,99
2000,19,1744.59655074182,562,56.2,1026,974
10000,19,8855.34114563551,1120,112.0,5012,4988
20000,19,17852.64312914277,1500,150.0,10025,9975
40000,19,35814.37720067935,1875,187.5,20050,19950
60000,19,53916.329187347255,1398,139.8,30030,29970
80000,19,71704.91498823812,2472,247.2,40144,39856
100000,19,89808.02192082794,1850,185.0,49985,50015
2,20,1.9994690683332497,1,0.1,0,2
3,20,2.6239059598837127,2,0.2,0,3
100,20,82.36078159192667,48,4.8,55,45
200,20,183.04395694092366,61,6.1,98,102
2000,20,1723.3142479416001,516,51.6,1034,966
10000,20,8908.922749045665,1238,123.8,4998,5002
20000,20,17783.570049438564,1596,159.6,10113,9887
40000,20,35835.8881741493,1765,176.5,20012,19988
60000,20,53822.363458783744,1992,199.2,29950,30050
80000,20,71788.20658023318,2274,227.4,40005,39995
100000,20,89862.84632479073,1852,185.2,49978,50022
2,21,1.594541897429516,1,0.1,1,1
3,21,2.3511838406134893,2,0.2,1,2
100,21,85.13243482471482,56,5.6,51,49
200,21,181.85318863733463,108,10.8,81,119
2000,21,1734.123254304401,679,67.9,1002,998
10000,21,8876.74736631921,1415,141.5,4976,5024
20000,21,17890.57503260615,1042,104.2,9995,10005
40000,21,36000.92363965369,1404,140.4,19837,20163
60000,21,53674.35970814123,2480,248.0,30091,29909
80000,21,71870.1644443275,2231,223.1,39711,40289
100000,21,89880.79529937009,2211,221.1,49968,50032
2,22,0.917972861591139,1,0.1,2,0
3,22,3.350345210767398,2,0.2,0,3
100,22,79.83626595047306,55,5.5,51,49
200,22,164.17135636694846,98,9.8,109,91
2000,22,1736.141573559102,601,60.1,1020,980
10000,22,8874.526332994887,1201,120.1,5009,4991
20000,22,17783.17737014226,1747,174.7,10087,9913
40000,22,35825.737881870366,1730,173.0,20024,19976
60000,22,53839.93369628591,2515,251.5,29858,30142
80000,22,71844.84610399221,1882,188.2,39847,40153
100000,22,89742.3099808558,2552,255.2,49918,50082
2,23,2.402984271061354,1,0.1,0,2
3,23,1.7432186750899876,2,0.2,3,0
100,23,80.64074830178856,41,4.1,61,39
200,23,169.5418621999973,110,11.0,102,98
2000,23,1729.7897758153374,514,51.4,1030,970
10000,23,8919.491557454265,1148,114.8,4955,5045
20000,23,17874.42554748809,1718,171.8,10046,9954
40000,23,35799.08375626959,1685,168.5,20062,19938
60000,23,53763.79211057676,2276,227.6,29908,30092
80000,23,71670.7645792107,2554,255.4,39931,40069
100000,23,89964.59836078084,2191,219.1,49849,50151
2,24,2.0366961015597083,1,0.1,1,1
3,24,1.748299226603112,2,0.2,3,0
100,24,87.4127823509976,48,4.8,49,51
200,24,164.26481575239876,78,7.8,104,96
2000,24,1752.3902636327607,489,48.9,1001,999
10000,24,8880.006012426824,1446,144.6,4999,5001
20000,24,17826.45583067546,1756,175.6,10023,9977
40000,24,35836.508097484475,1900,190.0,20012,19988
60000,24,53845.36558310789,2788,278.8,29755,30245
80000,24,71865.69476744549,2044,204.4,39825,40175
100000,24,89864.88233609483,1986,198.6,50045,49955
2,25,1.488729671223366,1,0.1,2,0
3,25,3.206978254304877,2,0.2,1,2
100,25,88.29032903932958,37,3.7,46,54
200,25,162.49368425734662,106,10.6,110,90
2000,25,1742.340337502313,446,44.6,1006,994
10000,25,8923.14987459016,1144,114.4,4926,5074
20000,25,17911.36648519085,1554,155.4,9916,10084
40000,25,35897.377186839454,1426,142.6,20014,19986
60000,25,53800.39689939738,2793,279.3,29835,30165
80000,25,71816.48839655676,2209,220.9,39767,40233
100000,25,89764.22101260028,2416,241.6,49872,50128
2,26,1.1175563724901956,1,0.1,2,0
3,26,4.229200795277807,2,0.2,0,3
100,26,88.7658048758655,50,5.0,47,53
200,26,172.26472713833124,98,9.8,92,108
2000,26,1743.9189233066097,571,57.1,999,1001
10000,26,8894.446555141116,1127,112.7,4950,5050
20000,26,17852.59778071749,1498,149.8,10059,9941
40000,26,35895.85227539901,2002,200.2,19913,20087
60000,26,53742.028361606084,2343,234.3,30032,29968
80000,26,71629.85826562885,2067,206.7,40132,39868
100000,26,89735.8777403355,2188,218.8,50044,49956
2,27,2.28905829711801,1,0.1,0,2
3,27,2.4014946594079443,2,0.2,2,1
100,27,85.6517805112742,63,6.3,50,50
200,27,178.01891879999593,117,11.7,89,111
2000,27,1717.1666757876023,459,45.9,1068,932
10000,27,8858.89048006599,964,96.4,5085,4915
20000,27,17893.28183363549,1364,136.4,9981,10019
40000,27,35720.9064983641,2060,206.0,20119,19881
60000,27,53912.197279206994,1990,199.0,29689,30311
80000,27,71863.21370883923,2004,200.4,40045,39955
100000,27,89700.15586427269,2499,249.9,50098,49902
2,28,2.2533911619775675,1,0.1,1,1
3,28,1.513071009045146,2,0.2,3,0
100,28,85.51438800958212,63,6.3,54,46
200,28,176.64784818144358,92,9.2,89,111
2000,28,1731.4323034077174,812,81.2,989,1011
10000,28,8847.915989861367,1263,126.3,5000,5000
20000,28,17847.511149707414,1457,145.7,9981,10019
40000,28,35838.22419420232,1849,184.9,20014,19986
60000,28,53787.41373352977,2081,208.1,30009,29991
80000,28,71744.54336844075,1724,172.4,40212,39788
100000,28,89679.9018271652,2003,200.3,50231,49769
2,29,1.9356831892023005,1,0.1,1,1
3,29,0.8781259366193723,2,0.2,3,0
100,29,81.58143328744526,63,6.3,54,46
200,29,170.892631352082,107,10.7,99,101
2000,29,1738.4873360181748,573,57.3,991,1009
10000,29,8844.029638348355,1092,109.2,5096,4904
20000,29,17877.70573693615,1590,159.0,9964,10036
40000,29,35850.505151803685,1432,143.2,20016,19984
60000,29,53753.49699605505,2028,202.8,30182,29818
80000,29,71747.35973161644,1889,188.9,40037,39963
100000,29,89784.45508865298,2468,246.8,50041,49959
2,30,1.3854924355402825,1,0.1,2,0
3,30,2.3600047549625125,2,0.2,2,1
100,30,87.14918395159116,55,5.5,43,57
200,30,174.36321284362336,90,9.0,102,98
2000,30,1737.5157038690286,666,66.6,968,1032
10000,30,8918.921888115308,795,79.5,4980,5020
20000,30,17940.26421240164,1448,144.8,9909,10091
40000,30,35854.35405804227,1988,198.8,19934,20066
60000,30,53878.257843048115,1341,134.1,29939,30061
80000,30,71938.73393165629,1971,197.1,39813,40187
100000,30,89760.8581739918,2288,228.8,50267,49733
2,31,1.9690348610262813,1,0.1,1,1
3,31,2.978114058929103,2,0.2,0,3
100,31,83.74318150208856,48,4.8,58,42
200,31,170.13266813901225,87,8.7,100,100
2000,31,1741.1874980743034,751,75.1,961,1039
10000,31,8913.683520012437,1258,125.8,4971,5029
20000,31,17900.29668994049,1153,115.3,9952,10048
40000,31,35918.85274666219,1484,148.4,19904,20096
60000,31,53719.48973134742,1765,176.5,30127,29873
80000,31,71747.36913077628,2190,219.0,40062,39938
100000,31,89577.91351523533,2158,215.8,50268,49732
2,32,1.8039553243864486,1,0.1,1,1
3,32,1.5240874612594046,2,0.2,3,0
100,32,90.10276065227946,42,4.2,51,49
200,32,163.37298943002642,121,12.1,107,93
2000,32,1738.7655144926462,553,55.3,1021,979
10000,32,8822.569066929544,1386,138.6,5063,4937
20000,32,17747.24321962194,1942,194.2,10146,9854
40000,32,35775.48267911513,1820,182.0,20026,19974
60000,32,53762.01663299392,2053,205.3,30168,29832
80000,32,71757.16454689993,2054,205.4,40054,39946
100000,32,89621.70165697143,2122,212.2,50236,49764
2,33,1.4404959040749936,1,0.1,1,1
3,33,2.8153417094970803,2,0.2,1,2
100,33,79.05135417640513,61,6.1,56,44
200,33,177.07603343557943,79,7.9,96,104
2000,33,1732.871172510694,522,52.2,1015,985
10000,33,8856.854597169222,1231,123.1,4986,5014
20000,33,17811.663098011777,1664,166.4,9995,10005
40000,33,35902.204371367465,2023,202.3,19827,20173
60000,33,53803.91614807693,2043,204.3,29902,30098
80000,33,71806.85753976722,2181,218.1,39856,40144
100000,33,89792.95730406295,1804,180.4,50039,49961
2,34,2.0991586550216863,1,0.1,0,2
3,34,1.217209855906835,2,0.2,3,0
100,34,93.2740149799276,43,4.3,40,60
200,34,171.5127430983762,116,11.6,99,101
2000,34,1743.8889922150256,598,59.8,1011,989
10000,34,8888.886252933073,1427,142.7,4969,5031
20000,34,17814.88019080213,1609,160.9,10068,9932
40000,34,35751.51066977497,1845,184.5,20003,19997
60000,34,53531.5627645911,2148,214.8,30380,29620
80000,34,71586.40390525089,2143,214.3,40251,39749
100000,34,89864.41219678916,2644,264.4,49773,50227
2,35,2.0301573135782425,1,0.1,1,1
3,35,1.7115133171921375,2,0.2,3,0
100,35,76.12393709725004,41,4.1,58,42
200,35,176.82144973537933,106,10.6,92,108
2000,35,1758.0610378626434,468,46.8,995,1005
10000,35,8842.654997462754,1287,128.7,4951,5049
20000,35,17879.021593649115,1752,175.2,9931,10069
40000,35,35705.53387282653,1973,197.3,20164,19836
60000,35,53805.38927407493,2443,244.3,29987,30013
80000,35,71728.31162189481,1821,182.1,40153,39847
100000,35,89540.25310698978,2664,266.4,50513,49487
2,36,0.6267550273520391,1,0.1,2,0
3,36,2.184774293641643,2,0.2,2,1
100,36,82.14849077751872,51,5.1,49,51
200,36,164.8285277555615,106,10.6,106,94
2000,36,1774.834420967598,426,42.6,980,1020
10000,36,8884.228421727383,1375,137.5,4991,5009
20000,36,17831.9010379713,1859,185.9,10027,9973
40000,36,35911.181855974995,1402,140.2,19856,20144
60000,36,53692.036450244734,2540,254.0,30091,29909
80000,36,71800.28177015309,1785,178.5,39908,40092
100000,36,89793.33717527494,1981,198.1,49900,50100
2,37,1.750536724946961,1,0.1,1,1
3,37,2.960614933626104,2,0.2,1,2
100,37,86.81138181584026,38,3.8,47,53
200,37,165.6746323699611,76,7.6,113,87
2000,37,1706.333476929347,662,66.2,1039,961
10000,37,8863.073615423058,1436,143.6,5038,4962
20000,37,17858.006569859102,1488,148.8,10040,9960
40000,37,35842.80503843304,2391,239.1,19947,20053
60000,37,53872.75744165638,2407,240.7,29810,30190
80000,37,71717.47222076816,2263,226.3,40181,39819
100000,37,89769.14264975829,2179,217.9,49951,50049
2,38,1.8683267229241727,1,0.1,0,2
3,38,2.3231342973760705,2,0.2,2,1
100,38,84.31091962158207,37,3.7,50,50
200,38,170.42312480345464,86,8.6,106,94
2000,38,1740.7967030182494,512,51.2,1031,969
10000,38,8840.000101110636,1125,112.5,5079,4921
20000,38,17864.828544234642,1473,147.3,9956,10044
40000,38,35883.95438764191,2004,200.4,19802,20198
60000,38,53584.529239255244,2998,299.8,30234,29766
80000,38,71798.88065134267,2404,240.4,40069,39931
100000,38,89798.44397482515,2103,210.3,50077,49923
2,39,1.8813231142909557,1,0.1,1,1
3,39,2.577154987756524,2,0.2,1,2
100,39,89.70106091501744,37,3.7,44,56
200,39,174.38873990020022,89,8.9,96,104
2000,39,1740.0017559560679,652,65.2,1004,996
10000,39,8885.182154600641,1163,116.3,4981,5019
20000,39,17865.796755828593,1382,138.2,10062,9938
40000,39,35844.91873429146,1805,180.5,19992,20008
60000,39,53793.0870174357,2332,233.2,29962,30038
80000,39,71663.58143566048,2035,203.5,40303,39697
100000,39,89841.18829426148,2095,209.5,49847,50153
2,40,1.609056762917059,1,0.1,1,1
3,40,3.1990090158287803,2,0.2,1,2
100,40,87.32319164424347,61,6.1,48,52
200,40,170.5437230189634,83,8.3,107,93
2000,40,1730.0406515311051,513,51.3,1009,991
10000,40,8846.823390634694,1379,137.9,5039,4961
20000,40,17861.416894002057,1517,151.7,9950,10050
40000,40,35833.86787862512,1907,190.7,20033,19967
60000,40,53763.262753623676,2246,224.6,29892,30108
80000,40,71779.42474319202,2247,224.7,39850,40150
100000,40,89679.8736445698,3093,309.3,50084,49916
2,41,1.23135605321262,1,0.1,1,1
3,41,1.699221359047118,2,0.2,2,1
100,41,85.90942764904703,54,5.4,42,58
200,41,159.95920989343975,112,11.2,111,89
2000,41,1727.425331437654,576,57.6,1030,970
10000,41,8827.649773737463,1174,117.4,5063,4937
20000,41,17836.537956487595,1639,163.9,9992,10008
40000,41,35891.24067675114,1650,165.0,20047,19953
60000,41,53749.05474439592,1569,156.9,30011,29989
80000,41,71759.1105757355,2226,222.6,39849,40151
100000,41,89633.66324704538,2229,222.9,50140,49860
2,42,1.3193755947769295,1,0.1,2,0
3,42,3.531615084995559,2,0.2,1,2
100,42,88.0216140128963,47,4.7,54,46
200,42,164.57435656232042,135,13.5,98,102
2000,42,1738.9691910036365,413,41.3,1031,969
10000,42,8862.352949923159,1348,134.8,4999,5001
20000,42,17733.401859263373,2138,213.8,10024,9976
40000,42,35794.86865684675,2141,214.1,19963,20037
60000,42,53903.1553457526,2401,240.1,29993,30007
80000,42,71808.70532871294,2414,241.4,39883,40117
100000,42,89791.91710706911,3032,303.2,49770,50230
2,43,1.141824637964918,1,0.1,2,0
3,43,1.8099166975116163,2,0.2,3,0
100,43,84.94671396599043,47,4.7,49,51
200,43,170.859720755638,93,9.3,93,107
2000,43,1770.3668515812528,583,58.3,984,1016
10000,43,8809.614271981018,1394,139.4,5089,4911
20000,43,17894.933105007465,1477,147.7,9870,10130
40000,43,35918.36587545117,1817,181.7,19845,20155
60000,43,53745.27780822,2099,209.9,29963,30037
80000,43,71700.31671421273,2737,273.7,40018,39982
100000,43,89681.56109351953,2242,224.2,50186,49814
2,44,2.1349256228116724,1,0.1,1,1
3,44,2.099472830607893,2,0.2,2,1
100,44,87.50647852091761,63,6.3,40,60
200,44,160.35748486743768,118,11.8,111,89
2000,44,1745.364534757795,698,69.8,960,1040
10000,44,8837.423318791314,1326,132.6,5018,4982
20000,44,17846.637758195626,1799,179.9,9910,10090
40000,44,35764.403911617905,1896,189.6,20114,19886
60000,44,53731.044159976176,1877,187.7,30115,29885
80000,44,71847.68954417955,2454,245.4,39840,40160
100000,44,89672.6064387084,2423,242.3,50169,49831
2,45,2.455856939852402,1,0.1,0,2
3,45,1.2880323329476457,2,0.2,3,0
100,45,90.55961482600668,63,6.3,45,55
200,45,165.91423850130397,109,10.9,108,92
2000,45,1714.5312943607541,654,65.4,1032,968
10000,45,8827.270156563276,1618,161.8,5035,4965
20000,45,17881.716990257697,1922,192.2,9948,10052
40000,45,35864.40587723126,1756,175.6,19934,20066
60000,45,53708.040445922736,2237,223.7,30067,29933
80000,45,71802.87295335623,1969,196.9,40066,39934
100000,45,89810.37245202725,2560,256.0,49700,50300
2,46,1.056879084774863,1,0.1,1,1
3,46,2.3454967333211325,2,0.2,2,1
100,46,83.60889546256452,54,5.4,50,50
200,46,172.21738313551512,70,7.0,100,100
2000,46,1737.977053032354,464,46.4,1007,993
10000,46,8816.499684913913,1672,167.2,5007,4993
20000,46,17915.663169884552,1786,178.6,9893,10107
40000,46,35901.34927129589,1761,176.1,19824,20176
60000,46,53734.682263361596,2514,251.4,29969,30031
80000,46,71753.67158916831,1982,198.2,40133,39867
100000,46,89767.8937384623,2642,264.2,50043,49957
2,47,0.8307244987787011,1,0.1,2,0
3,47,3.697127124871142,2,0.2,0,3
100,47,88.2275849752299,39,3.9,47,53
200,47,168.80502259002995,75,7.5,93,107
2000,47,1756.6699968467026,530,53.0,996,1004
10000,47,8834.914382228048,978,97.8,5077,4923
20000,47,17808.94570061775,1669,166.9,10043,9957
40000,47,35890.37755127841,1698,169.8,19927,20073
60000,47,53868.37319158002,1204,120.4,29987,30013
80000,47,71786.46778358318,2767,276.7,39923,40077
100000,47,90007.23378771808,2008,200.8,49684,50316
2,48,1.6299572283674184,1,0.1,1,1
3,48,2.3799552290967756,2,0.2,2,1
100,48,83.50869796181392,61,6.1,51,49
200,48,181.26898660217242,107,10.7,92,108
2000,48,1741.7175727336662,624,62.4,1004,996
10000,48,8895.449257496604,1249,124.9,5002,4998
20000,48,17854.70128608423,1371,137.1,9948,10052
40000,48,35831.10001725764,1811,181.1,19898,20102
60000,48,53864.57570251096,2582,258.2,29955,30045
80000,48,71808.43658503525,2402,240.2,40021,39979
100000,48,89688.04895416052,2393,239.3,50004,49996
2,49,1.945876520734575,1,0.1,1,1
3,49,1.5920386126880666,2,0.2,3,0
100,49,87.21482854728919,52,5.2,44,56
200,49,166.95675693647996,104,10.4,102,98
2000,49,1735.9119336242265,614,61.4,1003,997
10000,49,8858.44755691629,1222,122.2,5036,4964
20000,49,17824.690406972404,1597,159.7,10057,9943
40000,49,35775.75012826889,1799,179.9,20105,19895
60000,49,53905.38237471997,2186,218.6,29997,30003
80000,49,71785.81540678337,2294,229.4,39816,40184
100000,49,89654.56184701374,2755,275.5,50058,49942
2,50,2.3642269905608186,1,0.1,0,2
3,50,4.0399142331259466,2,0.2,0,3
100,50,82.3785310259522,61,6.1,52,48
200,50,174.7495988634033,97,9.7,93,107
2000,50,1768.1489148946575,315,31.5,1002,998
10000,50,8848.737874956363,1366,136.6,5059,4941
20000,50,17870.29461741966,1319,131.9,9930,10070
40000,50,35764.8315758226,1811,181.1,20087,19913
60000,50,53780.07898503992,1617,161.7,30097,29903
80000,50,71680.81307200468,2305,230.5,40142,39858
100000,50,89764.41955380389,2494,249.4,49976,50024
2,51,1.3222931465295384,1,0.1,1,1
3,51,2.0294040329336474,2,0.2,2,1
100,51,87.41110336404716,37,3.7,52,48
200,51,171.3381077014806,153,15.3,93,107
2000,51,1722.168346705525,740,74.0,1014,986
10000,51,8878.314047864309,1427,142.7,5029,4971
20000,51,17840.425655312116,1286,128.6,10021,9979
40000,51,35762.21649324062,1756,175.6,20009,19991
60000,51,53721.87092659708,2234,223.4,30059,29941
80000,51,71590.74338507805,2340,234.0,40331,39669
100000,51,89884.71820526978,2258,225.8,49907,50093
2,52,0.5266043356848389,1,0.1,2,0
3,52,2.3739252881270736,2,0.2,1,2
100,52,84.8233594999485,51,5.1,55,45
200,52,165.51304698149923,139,13.9,109,91
2000,52,1747.6142648779596,584,58.4,984,1016
10000,52,8899.78117616525,1308,130.8,4999,5001
20000,52,17787.88882849873,1442,144.2,10105,9895
40000,52,35771.70766090892,1934,193.4,19890,20110
60000,52,53861.31298870616,2251,225.1,29872,30128
80000,52,71751.79679410861,2502,250.2,40036,39964
100000,52,89664.67877263286,2266,226.6,50007,49993
2,53,1.6707354589716474,1,0.1,1,1
3,53,2.4084818934383523,2,0.2,2,1
100,53,80.65626096163857,63,6.3,53,47
200,53,178.71708074788455,118,11.8,87,113
2000,53,1719.3604294070487,691,69.1,1028,972
10000,53,8843.123058756348,1356,135.6,5067,4933
20000,53,17758.95992468116,1464,146.4,10095,9905
40000,53,35857.059901594956,1526,152.6,19905,20095
60000,53,53830.11058947749,2059,205.9,29935,30065
80000,53,71797.2634895831,2155,215.5,39955,40045
100000,53,89742.97487584506,2105,210.5,49937,50063
2,54,1.6594098704753375,1,0.1,1,1
3,54,2.5226930289650626,2,0.2,1,2
100,54,82.84445138559406,56,5.6,53,47
200,54,165.356411450412,131,13.1,104,96
2000,54,1763.433805926299,421,42.1,994,1006
10000,54,8816.906725537154,1408,140.8,5075,4925
20000,54,17764.28484887139,1634,163.4,10068,9932
40000,54,35840.04897190117,2171,217.1,19904,20096
60000,54,53790.69363982028,1938,193.8,29875,30125
80000,54,71988.31642661025,2056,205.6,39925,40075
100000,54,89793.53424989295,2079,207.9,49983,50017
2,55,2.2476184164685735,1,0.1,0,2
3,55,2.7714941849695838,2,0.2,1,2
100,55,83.92013018570097,48,4.8,53,47
200,55,166.30946802544898,75,7.5,110,90
2000,55,1731.681637253849,504,50.4,1006,994
10000,55,8830.28252004304,1239,123.9,5006,4994
20000,55,17763.492149394046,2311,231.1,10007,9993
40000,55,35740.80700188339,2086,208.6,20008,19992
60000,55,53636.282201468806,1854,185.4,30325,29675
80000,55,71820.5306815378,1702,170.2,40056,39944
100000,55,89670.29678052779,2417,241.7,50001,49999
2,56,0.8066872241192458,1,0.1,2,0
3,56,3.183711343976538,2,0.2,1,2
100,56,80.00290139196424,58,5.8,50,50
200,56,167.3550036332895,96,9.6,104,96
2000,56,1751.8180831990433,407,40.7,995,1005
10000,56,8874.828927475946,1136,113.6,5038,4962
20000,56,17850.668514581288,1548,154.8,9915,10085
40000,56,35779.57866644232,2038,203.8,20060,19940
60000,56,53716.46698105673,2094,209.4,30034,29966
80000,56,71661.3555922121,2622,262.2,40081,39919
100000,56,89753.88034366898,2322,232.2,49895,50105
2,57,0.9328752066124631,1,0.1,2,0
3,57,2.880823703949419,2,0.2,1,2
100,57,81.56231100910401,63,6.3,54,46
200,57,170.5685328893252,100,10.0,102,98
2000,57,1748.9816265101383,517,51.7,982,1018
10000,57,8772.670230772832,1438,143.8,5119,4881
20000,57,17838.440594845117,1542,154.2,10003,9997
40000,57,35750.559491162625,1837,183.7,20187,19813
60000,57,53787.74176883083,2009,200.9,30052,29948
80000,57,71735.01736015028,2674,267.4,39981,40019
100000,57,89776.89878499652,2168,216.8,49938,50062
2,58,1.899524979931975,1,0.1,0,2
3,58,2.809933586952992,2,0.2,1,2
100,58,77.62847433709739,51,5.1,56,44
200,58,174.343921562952,88,8.8,96,104
2000,58,1743.9489788405756,604,60.4,984,1016
10000,58,8815.061146922906,1622,162.2,5059,4941
20000,58,17900.52025233867,1539,153.9,9922,10078
40000,58,35748.69166164355,1626,162.6,20138,19862
60000,58,53742.46304816612,2096,209.6,30006,29994
80000,58,71912.09786507793,2190,219.0,39814,40186
100000,58,89805.91589569315,2420,242.0,49941,50059
2,59,0.9000928017413995,1,0.1,2,0
3,59,1.867718405124908,2,0.2,2,1
100,59,81.94404231100934,47,4.7,49,51
200,59,165.187254366461,104,10.4,106,94
2000,59,1755.7440699384747,607,60.7,975,1025
10000,59,8865.239487187348,1323,132.3,5035,4965
20000,59,17799.461285591235,1250,125.0,10119,9881
40000,59,35758.9749890775,1861,186.1,20139,19861
60000,59,53848.25817130973,1768,176.8,29924,30076
80000,59,71839.88118783283,2425,242.5,39906,40094
100000,59,89723.34430177162,2509,250.9,50160,49840
2,60,1.8448907825562029,1,0.1,0,2
3,60,1.8738049353834914,2,0.2,2,1
100,60,83.33291213461482,53,5.3,51,49
200,60,170.90403221330996,81,8.1,100,100
2000,60,1770.5339250354757,376,37.6,991,1009
10000,60,8835.350154758082,1173,117.3,5012,4988
20000,60,17779.64716706936,1441,144.1,9989,10011
40000,60,35783.2033378125,2062,206.2,20025,19975
60000,60,53789.89930279547,1943,194.3,29982,30018
80000,60,71841.01554551661,1707,170.7,39969,40031
100000,60,89627.3881339799,2511,251.1,50324,49676
2,61,1.6237540802168704,1,0.1,1,1
3,61,3.2385910106920366,2,0.2,0,3
100,61,87.86593641082419,59,5.9,43,57
200,61,174.80625309745855,52,5.2,100,100
2000,61,1727.0618486540536,489,48.9,1051,949
10000,61,8825.501614342895,1435,143.5,5054,4946
20000,61,17717.3989789005,1490,149.0,10147,9853
40000,61,35822.64418326671,2128,212.8,19909,20091
60000,61,53964.338562474775,1302,130.2,29948,30052
80000,61,71639.78635894963,1625,162.5,40258,39742
100000,61,89687.45557168133,2699,269.9,50133,49867
2,62,1.9527755565010627,1,0.1,1,1
3,62,1.3622348489723812,2,0.2,3,0
100,62,86.20219728763063,48,4.8,52,48
200,62,168.9550568229108,85,8.5,97,103
2000,62,1773.3268697233416,617,61.7,950,1050
10000,62,8863.0664253191,1324,132.4,4945,5055
20000,62,17762.442387046234,1878,187.8,10110,9890
40000,62,36038.80775463421,1643,164.3,19783,20217
60000,62,53815.82490836476,1730,173.0,29985,30015
80000,62,71819.43366821042,2258,225.8,39898,40102
100000,62,89815.30220942611,2285,228.5,49925,50075
2,63,1.5682218997657245,1,0.1,2,0
3,63,3.182930837914801,2,0.2,1,2
100,63,88.55581786055193,57,5.7,43,57
200,63,177.1622527180284,95,9.5,98,102
2000,63,1761.814252012906,587,58.7,966,1034
10000,63,8896.070047918121,863,86.3,5070,4930
20000,63,17945.701415381754,1295,129.5,9937,10063
40000,63,35740.176472341984,1742,174.2,19999,20001
60000,63,53717.72292647479,2444,244.4,30177,29823
80000,63,71788.5095769586,2314,231.4,39802,40198
100000,63,89792.84631952472,2644,264.4,49870,50130
2,64,2.9977612123272475,1,0.1,0,2
3,64,2.218328087327841,2,0.2,2,1
100,64,83.55059277955085,45,4.5,52,48
200,64,180.1027148012577,91,9.1,94,106
2000,64,1724.3012718139876,613,61.3,1013,987
10000,64,8858.74595244286,1071,107.1,5060,4940
20000,64,17766.60385243618,1531,153.1,10127,9873
40000,64,35813.034830651624,1829,182.9,20038,19962
60000,64,53784.86994252731,1921,192.1,30058,29942
80000,64,71860.51466120422,1793,179.3,39974,40026
100000,64,89822.9540987898,2748,274.8,49982,50018
2,65,1.6305149335031157,1,0.1,1,1
3,65,2.238277177936651,2,0.2,2,1
100,65,89.24241182583378,52,5.2,42,58
200,65,174.4155252662947,59,5.9,95,105
2000,65,1734.9058894184643,551,55.1,1011,989
10000,65,8795.385819625079,1526,152.6,5096,4904
20000,65,17866.91449053498,2234,223.4,9929,10071
40000,65,35756.286595505844,1953,195.3,20013,19987
60000,65,53890.244442867384,1746,174.6,29989,30011
80000,65,71774.63948995328,2217,221.7,40042,39958
100000,65,89729.40106501432,2705,270.5,49788,50212
2,66,1.8451909445531602,1,0.1,1,1
3,66,1.5861923390929016,2,0.2,2,1
100,66,82.75428673571761,37,3.7,51,49
200,66,165.63859777572904,88,8.8,112,88
2000,66,1740.403524678504,310,31.0,1065,935
10000,66,8853.171628206443,1135,113.5,5019,4981
20000,66,17807.845342864857,1439,143.9,10075,9925
40000,66,35752.67861447874,2007,200.7,19924,20076
60000,66,53745.28055332488,2043,204.3,29900,30100
80000,66,71750.43394952557,2096,209.6,40053,39947
100000,66,89822.18021297279,2146,214.6,49910,50090
2,67,2.416192220763411,1,0.1,0,2
3,67,2.452924679888481,2,0.2,1,2
100,67,89.51611061492115,63,6.3,46,54
200,67,166.75457230179228,124,12.4,101,99
2000,67,1727.8739454790575,616,61.6,1015,985
10000,67,8840.969515255674,1934,193.4,5025,4975
20000,67,17882.24410129145,1563,156.3,9979,10021
40000,67,35765.5979279337,1992,199.2,20105,19895
60000,67,53839.111817385405,1789,178.9,29972,30028
80000,67,71644.96394733714,2535,253.5,40209,39791
100000,67,89790.30422224264,2261,226.1,49833,50167
2,68,1.1876119138525367,1,0.1,2,0
3,68,3.114770656240948,2,0.2,1,2
100,68,82.65894501212551,52,5.2,49,51
200,68,166.47647503134974,97,9.7,106,94
2000,68,1731.6548839921209,592,59.2,1036,964
10000,68,8918.661117250882,1554,155.4,4903,5097
20000,68,17856.349951766384,845,84.5,10089,9911
40000,68,35849.81470101353,1885,188.5,19925,20075
60000,68,53696.664008722306,2209,220.9,30123,29877
80000,68,71582.2978148661,2394,239.4,40266,39734
100000,68,89649.20915728036,3197,319.7,49966,50034
2,69,1.6128153803550025,1,0.1,1,1
3,69,3.042673142414633,2,0.2,1,2
100,69,83.7016727844892,37,3.7,57,43
200,69,169.49440828129616,77,7.7,104,96
2000,69,1708.6354077412198,641,64.1,1050,950
10000,69,8906.739076910155,1236,123.6,4991,5009
20000,69,17796.11207339612,1641,164.1,10012,9988
40000,69,35770.65934961004,1907,190.7,19936,20064
60000,69,53766.74678438237,2571,257.1,29995,30005
80000,69,71785.87580343967,1952,195.2,39984,40016
100000,69,89820.4226313078,1826,182.6,50156,49844
2,70,2.074136015191769,1,0.1,0,2
3,70,4.486951404247563,2,0.2,0,3
100,70,82.07522787085627,37,3.7,56,44
200,70,174.5711645061893,97,9.7,98,102
2000,70,1737.29885881314,464,46.4,1015,985
10000,70,8857.890081479622,1326,132.6,4977,5023
20000,70,17816.287442060944,1776,177.6,9989,10011
40000,70,35833.96485602258,1538,153.8,20088,19912
60000,70,53783.37245003682,2399,239.9,29982,30018
80000,70,71787.61441025208,2051,205.1,40063,39937
100000,70,89583.17712192975,2221,222.1,50320,49680
2,71,1.1956548054383247,1,0.1,2,0
3,71,2.7735394985187627,2,0.2,1,2
100,71,85.44446830718489,55,5.5,46,54
200,71,169.26778329385516,94,9.4,108,92
2000,71,1756.2295938943807,431,43.1,1026,974
10000,71,8854.125979908604,1001,100.1,5135,4865
20000,71,17804.472678275346,1415,141.5,10044,9956
40000,71,35750.83032108046,2093,209.3,20105,19895
60000,71,53746.58641580269,2100,210.0,30182,29818
80000,71,71904.71526136262,2263,226.3,39844,40156
100000,71,89823.05859115966,2507,250.7,49961,50039
2,72,1.7167497739596924,1,0.1,1,1
3,72,4.0127758783177665,2,0.2,0,3
100,72,83.12626680344661,46,4.6,53,47
200,72,173.8660713918704,79,7.9,95,105
2000,72,1765.9093971828265,418,41.8,969,1031
10000,72,8895.811535717348,1383,138.3,4973,5027
20000,72,17882.65450572477,2075,207.5,9868,10132
40000,72,35989.11444811267,1233,123.3,19932,20068
60000,72,53850.06710228348,1881,188.1,29990,30010
80000,72,71680.05716936402,2403,240.3,40134,39866
100000,72,89699.476339124,2649,264.9,50065,49935
2,73,1.5390203079762832,1,0.1,2,0
3,73,1.949435269239506,2,0.2,2,1
100,73,85.76670245066326,63,6.3,50,50
200,73,174.05309041399215,90,9.0,97,103
2000,73,1763.642627175838,446,44.6,994,1006
10000,73,8836.23764647439,1114,111.4,5092,4908
20000,73,17933.026359595064,1950,195.0,9813,10187
40000,73,35963.61452433302,1536,153.6,19825,20175
60000,73,53824.1886809668,2016,201.6,30094,29906
80000,73,71687.51782121982,2768,276.8,40196,39804
100000,73,89904.57584751192,1831,183.1,50139,49861
2,74,0.9552496369442236,1,0.1,2,0
3,74,2.2326034177865344,2,0.2,3,0
100,74,85.3610888277199,55,5.5,46,54
200,74,174.61658878200765,98,9.8,98,102
2000,74,1718.4238344214289,635,63.5,1031,969
10000,74,8899.040076071551,1318,131.8,4940,5060
20000,74,17820.325242803145,1608,160.8,10023,9977
40000,74,35830.06091678367,2247,224.7,19916,20084
60000,74,53726.808885835955,2036,203.6,30127,29873
80000,74,71929.01049737532,2570,257.0,39782,40218
100000,74,89756.66452204844,2529,252.9,49811,50189
2,75,1.9262397280371644,1,0.1,0,2
3,75,2.0567966937495914,2,0.2,2,1
100,75,88.15246243107083,51,5.1,45,55
200,75,175.72300326928868,75,7.5,99,101
2000,75,1741.6872064208333,877,87.7,994,1006
10000,75,8916.752930483384,1273,127.3,4926,5074
20000,75,17864.855540123048,1648,164.8,9971,10029
40000,75,35835.251955489606,1833,183.3,19981,20019
60000,75,53862.257439464345,2047,204.7,29897,30103
80000,75,71802.35932300422,2023,202.3,39899,40101
100000,75,89932.28934724865,1969,196.9,49644,50356
2,76,2.353322077502185,1,0.1,0,2
3,76,2.119734749068526,2,0.2,3,0
100,76,77.44047680621397,55,5.5,60,40
200,76,162.80149145727148,117,11.7,108,92
2000,76,1730.5863374496503,538,53.8,1027,973
10000,76,8896.891176352503,1232,123.2,5019,4981
20000,76,17864.393892951215,1205,120.5,10021,9979
40000,76,35902.970485051745,1970,197.0,19879,20121
60000,76,53766.316136466536,1983,198.3,30091,29909
80000,76,71654.8053331746,2424,242.4,40166,39834
100000,76,89594.38838739078,2723,272.3,50362,49638
2,77,1.2210801762816228,1,0.1,1,1
3,77,1.7562284887207595,2,0.2,2,1
100,77,78.50822605903926,52,5.2,53,47
200,77,173.08567308112782,66,6.6,104,96
2000,77,1717.801041740444,568,56.8,1042,958
10000,77,8879.990886223015,1532,153.2,4915,5085
20000,77,17868.206566826735,1482,148.2,9966,10034
40000,77,35732.31935422728,2348,234.8,19960,20040
60000,77,53821.69937872012,1773,177.3,29998,30002
80000,77,71707.57165085523,1864,186.4,40305,39695
100000,77,89774.08166360158,2090,209.0,50040,49960
2,78,1.8205864952418096,1,0.1,0,2
3,78,1.7297506824897138,2,0.2,3,0
100,78,79.16197329634109,53,5.3,52,48
200,78,162.31333404116808,120,12.0,113,87
2000,78,1747.2375455729264,557,55.7,1003,997
10000,78,8890.537820497288,1048,104.8,5031,4969
20000,78,17846.785895160683,1541,154.1,10025,9975
40000,78,35824.84405061751,1965,196.5,20009,19991
60000,78,53692.454357331255,1842,184.2,30140,29860
80000,78,71754.66291249379,2581,258.1,39914,40086
100000,78,89521.62839917565,2975,297.5,50210,49790
2,79,1.5235533993387267,1,0.1,1,1
3,79,2.77604671382276,2,0.2,1,2
100,79,90.56484419617172,49,4.9,48,52
200,79,174.79347939982844,136,13.6,92,108
2000,79,1750.7349686514772,500,50.0,998,1002
10000,79,8867.632572039254,1116,111.6,5067,4933
20000,79,17849.856167306658,1333,133.3,10053,9947
40000,79,35790.71180395622,1754,175.4,20057,19943
60000,79,53832.00921952704,2337,233.7,30059,29941
80000,79,71799.85176203697,2465,246.5,40066,39934
100000,79,89847.01315185435,2483,248.3,49892,50108
2,80,1.58992228062598,1,0.1,1,1
3,80,3.649918100102828,2,0.2,0,3
100,80,87.68077603356288,49,4.9,47,53
200,80,170.69525588961517,78,7.8,97,103
2000,80,1744.2599874078073,611,61.1,991,1009
10000,80,8889.440289737171,1163,116.3,4986,5014
20000,80,17873.133030460303,1291,129.1,9988,10012
40000,80,35758.201446310435,2306,230.6,20106,19894
60000,80,53816.79409829696,2930,293.0,29957,30043
80000,80,71726.24784568138,2445,244.5,39981,40019
100000,80,89749.40136896289,2219,221.9,49942,50058
2,81,1.565501845747407,1,0.1,1,1
3,81,1.7453105611806436,2,0.2,3,0
100,81,88.41882572183178,63,6.3,50,50
200,81,176.35918824918033,95,9.5,86,114
2000,81,1727.2897750331301,583,58.3,1011,989
10000,81,8811.343178736015,1473,147.3,5129,4871
20000,81,17822.34063785969,1398,139.8,10050,9950
40000,81,35889.239043156456,1669,166.9,20004,19996
60000,81,53756.0271534296,2327,232.7,29982,30018
80000,81,71812.92997258359,1947,194.7,39909,40091
100000,81,89685.81040818417,1888,188.8,50146,49854
2,82,0.8334251312205093,1,0.1,2,0
3,82,2.7002019378308884,2,0.2,2,1
100,82,79.926446513903,62,6.2,52,48
200,82,168.57490279426784,83,8.3,111,89
2000,82,1760.8326707749522,685,68.5,955,1045
10000,82,8892.365392684005,898,89.8,5042,4958
20000,82,17873.65796137823,1452,145.2,9998,10002
40000,82,35786.692962763176,1889,188.9,19973,20027
60000,82,53695.79572318014,2269,226.9,30069,29931
80000,82,71717.33606095455,2237,223.7,39918,40082
100000,82,89860.49869261304,2186,218.6,49760,50240
2,83,1.0504418859373263,1,0.1,1,1
3,83,3.2761042695566136,2,0.2,1,2
100,83,81.74126340545874,59,5.9,55,45
200,83,177.23842390593373,103,10.3,96,104
2000,83,1754.5464654191721,471,47.1,1008,992
10000,83,8895.40524173602,1166,116.6,5008,4992
20000,83,17892.404032477363,1458,145.8,9847,10153
40000,83,35844.6231329406,1351,135.1,20100,19900
60000,83,53791.546863107396,2171,217.1,29915,30085
80000,83,71733.09403868666,2630,263.0,39930,40070
100000,83,89842.84011581719,2374,237.4,49811,50189
2,84,1.9032173813718503,1,0.1,1,1
3,84,2.344552899387682,2,0.2,2,1
100,84,86.74061217352254,63,6.3,46,54
200,84,177.1224085491892,63,6.3,97,103
2000,84,1746.4470636712147,540,54.0,977,1023
10000,84,8904.712830471839,1070,107.0,4977,5023
20000,84,17872.31148012368,1192,119.2,9998,10002
40000,84,35855.32578436591,1653,165.3,19950,20050
60000,84,53762.02020486083,1921,192.1,30039,29961
80000,84,71631.68394522362,2371,237.1,40132,39868
100000,84,89842.91795023785,1825,182.5,50087,49913
2,85,0.8099874600021009,1,0.1,2,0
3,85,1.3169548518037424,2,0.2,2,1
100,85,83.63166234778453,41,4.1,58,42
200,85,168.6080691582433,49,4.9,105,95
2000,85,1747.01694223949,521,52.1,1014,986
10000,85,8847.790938020025,1370,137.0,5014,4986
20000,85,17839.13313366117,1945,194.5,10036,9964
40000,85,35737.37172197551,1961,196.1,20105,19895
60000,85,53679.21502317478,2311,231.1,30154,29846
80000,85,71727.73455300216,1955,195.5,40232,39768
100000,85,89705.27569773563,2291,229.1,49852,50148
2,86,1.9406925458946593,1,0.1,1,1
3,86,1.3248049161631996,2,0.2,2,1
100,86,87.63379949997598,39,3.9,50,50
200,86,164.76353984881206,89,8.9,106,94
2000,86,1751.2316727902662,427,42.7,986,1014
10000,86,8851.741955689893,1171,117.1,5008,4992
20000,86,17890.83604782451,1065,106.5,9960,10040
40000,86,35811.58335913809,1748,174.8,19986,20014
60000,86,53934.3858898233,1589,158.9,29933,30067
80000,86,71708.04214829078,3019,301.9,39920,40080
100000,86,89949.90668810836,2551,255.1,49473,50527
2,87,1.5538914270744217,1,0.1,1,1
3,87,2.7497381767182976,2,0.2,1,2
100,87,80.90577479931585,52,5.2,53,47
200,87,175.72768418285287,103,10.3,94,106
2000,87,1740.8034051777804,677,67.7,978,1022
10000,87,8889.996550291817,1045,104.5,5012,4988
20000,87,17834.691261009633,1539,153.9,9966,10034
40000,87,35808.47031189333,1601,160.1,20061,19939
60000,87,53731.325515383905,2427,242.7,30130,29870
80000,87,71924.29818472688,1973,197.3,39859,40141
100000,87,89705.71708101168,2653,265.3,50172,49828
2,88,1.801206193453642,1,0.1,1,1
3,88,2.7381940285398594,2,0.2,1,2
100,88,79.01258104977092,44,4.4,51,49
200,88,168.647720681828,93,9.3,108,92
2000,88,1761.053422414749,553,55.3,1002,998
10000,88,8881.930428944632,1180,118.0,5033,4967
20000,88,17837.070739995324,1547,154.7,10043,9957
40000,88,35774.3563130288,1821,182.1,20030,19970
60000,88,53888.14815476267,1933,193.3,29836,30164
80000,88,71781.75749765118,2899,289.9,39843,40157
100000,88,89801.0525501058,1684,168.4,50079,49921
2,89,1.5165392482623932,1,0.1,1,1
3,89,2.3423957747489608,2,0.2,2,1
100,89,82.3922364383649,62,6.2,53,47
200,89,171.21366919639507,115,11.5,100,100
2000,89,1735.5807657533228,667,66.7,992,1008
10000,89,8920.038928702197,992,99.2,4922,5078
20000,89,17790.519386087744,2011,201.1,10043,9957
40000,89,35831.20173476169,2007,200.7,19894,20106
60000,89,53685.619538097446,2040,204.0,30077,29923
80000,89,71698.8074238692,2664,266.4,40106,39894
100000,89,89800.06646333911,1341,134.1,50101,49899
2,90,1.899173260616345,1,0.1,1,1
3,90,2.817119926183442,2,0.2,2,1
100,90,82.96282374885523,43,4.3,56,44
200,90,169.96108255218763,112,11.2,103,97
2000,90,1736.8680497546627,778,77.8,1006,994
10000,90,8889.31169934599,1154,115.4,5034,4966
20000,90,17846.363686645254,1361,136.1,9989,10011
40000,90,35755.11094662414,2051,205.1,20083,19917
60000,90,53700.32122777575,1967,196.7,30118,29882
80000,90,71741.19253582097,1910,191.0,39835,40165
100000,90,89722.07823091107,1828,182.8,50047,49953
2,91,0.7099823032263732,1,0.1,2,0
3,91,2.3771089410792663,2,0.2,2,1
100,91,85.90091418877293,58,5.8,47,53
200,91,171.61336109239073,119,11.9,95,105
2000,91,1746.5140726594846,510,51.0,990,1010
10000,91,8914.585301710747,1085,108.5,4886,5114
20000,91,17847.955961778604,1403,140.3,10065,9935
40000,91,35677.663518636175,1979,197.9,20115,19885
60000,91,53704.06895670919,1986,198.6,30076,29924
80000,91,71809.88595954784,2118,211.8,39960,40040
100000,91,89617.37230828706,2481,248.1,50159,49841
2,92,1.5098597994062937,1,0.1,1,1
3,92,2.7335985630621753,2,0.2,0,3
100,92,83.3452058502563,42,4.2,54,46
200,92,159.64506313513567,94,9.4,113,87
2000,92,1772.733636189001,496,49.6,964,1036
10000,92,8935.395921310042,1111,111.1,4934,5066
20000,92,17940.60145131619,1348,134.8,9864,10136
40000,92,35877.957699589395,1469,146.9,19992,20008
60000,92,53810.39829993437,1862,186.2,30040,29960
80000,92,71847.36313093682,2398,239.8,39870,40130
100000,92,89719.5675107335,2438,243.8,50165,49835
2,93,2.4848197765027438,1,0.1,0,2
3,93,3.1073434857794617,2,0.2,0,3
100,93,84.24186718297946,56,5.6,47,53
200,93,178.11101904433,73,7.3,95,105
2000,93,1725.7346435947775,525,52.5,1016,984
10000,93,8931.418157772125,957,95.7,4962,5038
20000,93,17767.973822206844,2038,203.8,9987,10013
40000,93,35703.091175778696,2113,211.3,20179,19821
60000,93,53794.10245406001,1981,198.1,30123,29877
80000,93,71688.54346974145,2216,221.6,40166,39834
100000,93,89719.41864114474,2087,208.7,50177,49823
2,94,2.2623244066364556,1,0.1,0,2
3,94,4.219229926065115,2,0.2,0,3
100,94,88.61909268948096,63,6.3,50,50
200,94,167.66195773334624,96,9.6,102,98
2000,94,1739.572827683505,537,53.7,1020,980
10000,94,8860.618690092266,1148,114.8,5044,4956
20000,94,17797.013151856812,1915,191.5,10052,9948
40000,94,35879.52551978893,1852,185.2,19916,20084
60000,94,53636.70686848231,2464,246.4,30238,29762
80000,94,71736.84000696526,2204,220.4,39987,40013
100000,94,89845.45327563252,2365,236.5,49831,50169
2,95,1.8128168104684805,1,0.1,1,1
3,95,2.7014954093396293,2,0.2,1,2
100,95,82.25921061052746,61,6.1,54,46
200,95,175.10195394530567,88,8.8,90,110
2000,95,1763.8766539582923,608,60.8,981,1019
10000,95,8894.318797457321,1359,135.9,5000,5000
20000,95,17805.85821207089,1613,161.3,10069,9931
40000,95,35825.077046327424,1743,174.3,19983,20017
60000,95,53792.38538323288,2044,204.4,29981,30019
80000,95,71833.94858856981,1929,192.9,39919,40081
100000,95,89777.97529325992,1768,176.8,49974,50026
2,96,1.9190572844516804,1,0.1,0,2
3,96,1.954553991502777,2,0.2,3,0
100,96,79.5355756696611,41,4.1,54,46
200,96,172.8308960900866,99,9.9,97,103
2000,96,1731.5049568313693,622,62.2,996,1004
10000,96,8846.789254646706,1035,103.5,5089,4911
20000,96,17803.140217054224,1601,160.1,10035,9965
40000,96,35961.027185679464,1749,174.9,19826,20174
60000,96,53729.07140545021,2084,208.4,29991,30009
80000,96,71813.00787968349,1798,179.8,39988,40012
100000,96,89826.68003141622,2401,240.1,49866,50134
2,97,1.1916942881190917,1,0.1,1,1
3,97,3.1163524916978966,2,0.2,1,2
100,97,82.73253239957911,42,4.2,54,46
200,97,167.635793381222,115,11.5,102,98
2000,97,1743.2007988913897,583,58.3,997,1003
10000,97,8830.37577587826,1296,129.6,5054,4946
20000,97,17834.53791068195,1474,147.4,9960,10040
40000,97,35766.61266019747,1904,190.4,20035,19965
60000,97,53883.367675012785,1377,137.7,29874,30126
80000,97,71726.44438504052,2063,206.3,40030,39970
100000,97,89783.48471686488,2178,217.8,50091,49909
2,98,1.840009934239956,1,0.1,1,1
3,98,2.8901804872352486,2,0.2,2,1
100,98,75.91740701597917,63,6.3,56,44
200,98,175.39669194816577,79,7.9,96,104
2000,98,1742.9704198133954,521,52.1,1008,992
10000,98,8835.790325348571,1216,121.6,5107,4893
20000,98,17886.990566341778,1465,146.5,9979,10021
40000,98,35813.12258613383,1597,159.7,20119,19881
60000,98,53794.98178630271,2180,218.0,29980,30020
80000,98,71762.32462912514,2178,217.8,40042,39958
100000,98,89929.82601359801,2443,244.3,49866,50134
2,99,1.301256890358172,1,0.1,1,1
3,99,1.6030844108903948,2,0.2,3,0
100,99,80.63569450920775,63,6.3,54,46
200,99,167.10520938448016,82,8.2,111,89
2000,99,1728.4599057043379,761,76.1,987,1013
10000,99,8844.097249126798,1262,126.2,5068,4932
20000,99,17855.94727009678,1696,169.6,9964,10036
40000,99,35784.9442323805,1969,196.9,19982,20018
60000,99,53884.755085921235,1984,198.4,29925,30075
80000,99,71798.75725325025,2537,253.7,39844,40156
100000,99,89809.36111982098,2085,208.5,50031,49969
2,100,1.7686605572259118,1,0.1,0,2
3,100,3.2097724346350667,2,0.2,1,2
100,100,86.30854959411961,54,5.4,46,54
200,100,170.1750919130328,77,7.7,108,92
2000,100,1715.1689704865548,520,52.0,1046,954
10000,100,8896.645075576109,1359,135.9,4967,5033
20000,100,17905.894398813063,1771,177.1,9934,10066
40000,100,35854.28597703235,1571,157.1,20022,19978
60000,100,53872.83522762048,1887,188.7,29959,30041
80000,100,71740.02165870773,2232,223.2,40202,39798
100000,100,89784.69488723681,2391,239.1,49869,50131
