Timestep,Iteration,Total Reward,Suboptimal Arms,Total Regret,Zeros Count,Ones Count
2,1,-0.6006551169800723,1,0.01,2,0
3,1,2.0331098525149613,2,0.01,1,2
100,1,49.50428538692528,37,0.19,50,50
200,1,98.24879627065388,104,0.52,103,97
2000,1,1001.9488846116338,1125,5.62,990,1010
10000,1,4937.169984701892,4469,22.34,5017,4983
20000,1,9984.45639286754,10545,52.73,9978,10022
40000,1,19930.597649803203,19612,98.06,20009,19991
60000,1,29656.384964365723,33313,166.56,30098,29902
80000,1,40010.8736525091,32717,163.58,39789,40211
100000,1,49702.72574624969,43048,215.24,50280,49720
2,2,1.1601697488074323,1,0.01,1,1
3,2,1.5963630655303371,2,0.01,2,1
100,2,50.159982009496716,46,0.23,47,53
200,2,109.4920682626001,121,0.61,102,98
2000,2,1013.1528723522695,917,4.58,993,1007
10000,2,4957.494005646956,5426,27.13,5003,4997
20000,2,10103.988748361557,9896,49.48,9858,10142
40000,2,19900.61194466268,14162,70.81,20098,19902
60000,2,30005.594402477214,27412,137.06,29826,30174
80000,2,39853.18752561514,42898,214.49,39902,40098
100000,2,49811.93892841613,41699,208.49,49950,50050
2,3,1.7830841096652796,1,0.01,0,2
3,3,1.5126997983544215,2,0.01,2,1
100,3,57.69076461058015,52,0.26,41,59
200,3,96.13097705487357,88,0.44,93,107
2000,3,1038.6991475725233,1144,5.72,969,1031
10000,3,4933.396180380854,4990,24.95,5022,4978
20000,3,9878.091079154401,9744,48.72,10054,9946
40000,3,19820.20989704479,18538,92.69,20089,19911
60000,3,29836.023014526327,26038,130.19,30051,29949
80000,3,39777.825492237076,29309,146.54,40026,39974
100000,3,50097.05494190434,39301,196.5,49732,50268
2,4,0.8942384158415959,1,0.01,2,0
3,4,2.1472973288862547,2,0.01,0,3
100,4,47.32064378358898,61,0.31,49,51
200,4,106.92799633585169,111,0.56,92,108
2000,4,921.957172821977,1157,5.78,1038,962
10000,4,5022.7731909622935,3715,18.58,4952,5048
20000,4,10007.265214672265,9137,45.69,9926,10074
40000,4,19870.036397938988,15995,79.97,20034,19966
60000,4,29820.18987612047,24181,120.9,29968,30032
80000,4,39771.58718734104,34899,174.49,40040,39960
100000,4,49637.744502158836,40913,204.56,50113,49887
2,5,0.4143258725106296,1,0.01,2,0
3,5,-0.28343536176655504,2,0.01,3,0
100,5,41.48546746515867,37,0.19,55,45
200,5,90.9732824153141,110,0.55,108,92
2000,5,1007.5176944032517,799,3.99,986,1014
10000,5,4979.1841701581825,4676,23.38,4995,5005
20000,5,10018.206093096549,8294,41.47,9958,10042
40000,5,19860.8634080538,20230,101.15,19961,20039
60000,5,29918.238431716232,28503,142.51,29891,30109
80000,5,39821.23114713174,33352,166.76,40084,39916
100000,5,49780.76187380792,47980,239.9,50081,49919
2,6,0.47692647884225065,1,0.01,2,0
3,6,0.2926178706221363,2,0.01,2,1
100,6,53.77239925369135,51,0.26,52,48
200,6,108.30626536375205,46,0.23,97,103
2000,6,1031.8531165203099,808,4.04,997,1003
10000,6,5009.14778506429,4557,22.78,4946,5054
20000,6,9959.968707895126,10811,54.06,10013,9987
40000,6,19884.68156613658,17172,85.86,19998,20002
60000,6,29967.375406583615,28811,144.05,29955,30045
80000,6,39659.41961794249,41978,209.89,40178,39822
100000,6,49591.3117853243,35338,176.69,50275,49725
2,7,0.5234449254803866,1,0.01,1,1
3,7,-0.29859520141571366,2,0.01,3,0
100,7,48.91575729429003,40,0.2,50,50
200,7,103.9576844910887,101,0.51,104,96
2000,7,986.1335716095516,824,4.12,993,1007
10000,7,4952.50139028277,5574,27.87,4967,5033
20000,7,10028.407101791481,8882,44.41,9910,10090
40000,7,19998.751505171393,21293,106.46,19985,20015
60000,7,29794.74488917922,21444,107.22,30093,29907
80000,7,40119.15513955541,31656,158.28,39867,40133
100000,7,49864.53238681587,45068,225.34,49981,50019
2,8,-0.24246329791909926,1,0.01,2,0
3,8,1.310017971966905,2,0.01,2,1
100,8,53.3110926890501,57,0.29,49,51
200,8,101.67707442156758,111,0.56,91,109
2000,8,1032.1257659361454,1014,5.07,991,1009
10000,8,4925.190225643414,3733,18.67,5009,4991
20000,8,9846.489900541537,9273,46.37,10053,9947
40000,8,19863.046209223143,16729,83.64,20063,19937
60000,8,29934.891769235775,24822,124.11,29928,30072
80000,8,39817.37318262298,28021,140.1,39964,40036
100000,8,49724.181840023935,33318,166.59,50168,49832
2,9,0.45543140529440795,1,0.01,1,1
3,9,2.086640615782265,2,0.01,1,2
100,9,41.53969248903972,47,0.24,65,35
200,9,91.978716380421,80,0.4,111,89
2000,9,978.6623107576905,1033,5.16,993,1007
10000,9,4967.683347235318,5444,27.22,5038,4962
20000,9,9928.897531600196,7927,39.64,10114,9886
40000,9,19843.689871990413,17939,89.69,20091,19909
60000,9,29809.680735757873,29743,148.71,30073,29927
80000,9,39966.816302743544,31055,155.27,39904,40096
100000,9,49953.487303007874,39658,198.29,49700,50300
2,10,1.8605291983639802,1,0.01,0,2
3,10,-0.25130699166644477,2,0.01,3,0
100,10,49.93611258279626,61,0.31,54,46
200,10,95.821480061699,66,0.33,103,97
2000,10,985.6871173557289,1142,5.71,987,1013
10000,10,4885.281851727395,5428,27.14,5044,4956
20000,10,9979.37991078101,8027,40.14,9939,10061
40000,10,20016.59720211983,20038,100.19,19862,20138
60000,10,29783.8614656197,29986,149.93,30037,29963
80000,10,39819.91167427714,32543,162.71,40141,39859
100000,10,49875.326233659725,45904,229.52,49912,50088
2,11,0.3608731824947127,1,0.01,2,0
3,11,1.6256554716968767,2,0.01,1,2
100,11,60.65860746197388,63,0.32,43,57
200,11,96.28804051779177,100,0.5,95,105
2000,11,996.2350861622416,1108,5.54,1029,971
10000,11,5017.502140728956,5379,26.89,4973,5027
20000,11,9893.240634974449,8372,41.86,10147,9853
40000,11,19925.83935305489,19349,96.74,19998,20002
60000,11,29610.0552302749,23997,119.98,30240,29760
80000,11,40009.09092364963,37271,186.35,39861,40139
100000,11,49866.887417660335,47240,236.2,50033,49967
2,12,0.25828607549588756,1,0.01,1,1
3,12,1.23664795211862,2,0.01,1,2
100,12,40.95740865460621,58,0.29,55,45
200,12,102.90508973988852,86,0.43,96,104
2000,12,949.6379638165082,1129,5.64,1048,952
10000,12,4930.084528392212,5617,28.08,5047,4953
20000,12,9956.745603530377,9292,46.46,10029,9971
40000,12,20009.297753201365,17985,89.92,19910,20090
60000,12,29920.74352329053,26062,130.31,29925,30075
80000,12,39689.49149415295,32122,160.61,40189,39811
100000,12,49948.210103684156,47488,237.44,49764,50236
2,13,0.5546512196552758,1,0.01,1,1
3,13,0.8056153567313442,2,0.01,2,1
100,13,46.09974521548064,37,0.19,50,50
200,13,101.21390001537684,80,0.4,96,104
2000,13,1000.9238743431997,1021,5.1,979,1021
10000,13,4959.511666854119,4644,23.22,5024,4976
20000,13,9825.062824868104,8632,43.16,10123,9877
40000,13,19872.60400002417,19464,97.32,20009,19991
60000,13,29770.248059577934,24348,121.74,30152,29848
80000,13,39540.70601081087,35997,179.98,40168,39832
100000,13,50188.25042810672,37193,185.96,49755,50245
2,14,0.7901374755550059,1,0.01,2,0
3,14,1.0817253859605214,2,0.01,2,1
100,14,53.89242375730422,48,0.24,44,56
200,14,86.57483306023508,124,0.62,110,90
2000,14,987.8216959303195,656,3.28,990,1010
10000,14,4986.224629468309,5254,26.27,4978,5022
20000,14,10035.951427247632,11015,55.08,9941,10059
40000,14,19917.297338021923,16154,80.77,20071,19929
60000,14,29951.80026758453,23550,117.75,29927,30073
80000,14,40004.40722523058,29856,149.28,39977,40023
100000,14,49704.60492693217,35474,177.37,50144,49856
2,15,1.13420803922455,1,0.01,1,1
3,15,2.3428418980312427,2,0.01,1,2
100,15,57.148490404705036,47,0.24,42,58
200,15,109.71862572953896,71,0.36,86,114
2000,15,958.7420619555629,1027,5.13,1040,960
10000,15,4914.9787091409435,4324,21.62,5049,4951
20000,15,9905.42246616677,7508,37.54,10055,9945
40000,15,20092.325285967392,15618,78.09,19858,20142
60000,15,29949.207983122255,23656,118.28,30056,29944
80000,15,39848.71923194212,40542,202.71,39777,40223
100000,15,49748.202103373595,40935,204.67,49946,50054
2,16,1.6012904848724043,1,0.01,1,1
3,16,-0.11205698920763352,2,0.01,2,1
100,16,41.89672653295871,54,0.27,58,42
200,16,107.16812887717897,70,0.35,94,106
2000,16,1011.402091938854,1038,5.19,974,1026
10000,16,5027.604936858838,4886,24.43,4940,5060
20000,16,9991.18228838418,8530,42.65,9977,10023
40000,16,19899.235519554135,16660,83.3,20032,19968
60000,16,29637.415310482153,26497,132.48,30178,29822
80000,16,39800.667068699455,33800,169.0,39882,40118
100000,16,50128.3114397035,43387,216.93,49756,50244
2,17,0.5062501128878318,1,0.01,1,1
3,17,1.1007178386544543,2,0.01,1,2
100,17,47.67502420469593,63,0.32,57,43
200,17,98.54741970484757,95,0.48,108,92
2000,17,987.0086809265753,839,4.19,993,1007
10000,17,4934.131927921342,4927,24.63,5029,4971
20000,17,9940.317722746233,9598,47.99,10008,9992
40000,17,19963.199294607795,15633,78.17,19889,20111
60000,17,29757.03400788958,26579,132.89,30124,29876
80000,17,39925.868099113686,32595,162.97,39915,40085
100000,17,49688.3800176335,48468,242.34,49993,50007
2,18,1.5186746882370878,1,0.01,0,2
3,18,0.9582456795221215,2,0.01,2,1
100,18,42.81070094515473,37,0.19,56,44
200,18,96.13904558396764,87,0.44,107,93
2000,18,1052.7501946350633,821,4.1,954,1046
10000,18,4842.014832459281,4995,24.97,5102,4898
20000,18,9843.562377505723,8715,43.58,10065,9935
40000,18,20087.41062007169,14556,72.78,19907,20093
60000,18,29831.194964137372,23108,115.54,30041,29959
80000,18,40063.728004489734,35495,177.47,39859,40141
100000,18,49933.485997698015,41148,205.74,49925,50075
2,19,1.1265826944992112,1,0.01,1,1
3,19,1.242040654456338,2,0.01,2,1
100,19,44.93502707737129,37,0.19,55,45
200,19,96.93200576133306,111,0.56,102,98
2000,19,983.5373826682868,1077,5.38,999,1001
10000,19,4975.670856236039,4883,24.41,5031,4969
20000,19,9914.645332179081,10287,51.44,9937,10063
40000,19,19884.587093912975,16162,80.81,19952,20048
60000,19,29886.74697449281,24759,123.79,29997,30003
80000,19,39768.91001067428,35227,176.13,39991,40009
100000,19,49756.90141999443,42537,212.68,49979,50021
2,20,1.9824827363857727,1,0.01,0,2
3,20,-0.5006882146200432,2,0.01,3,0
100,20,41.02281373144879,50,0.25,57,43
200,20,95.66359610375955,129,0.65,101,99
2000,20,987.4356956928173,1103,5.51,1005,995
10000,20,4911.944386074419,5909,29.54,5001,4999
20000,20,9929.849833893953,9860,49.3,10046,9954
40000,20,19928.484257830278,18108,90.54,19909,20091
60000,20,29651.690613027193,32654,163.27,30192,29808
80000,20,39726.65249510676,31776,158.88,40047,39953
100000,20,49896.43980307212,38581,192.9,49891,50109
2,21,1.5595728305410232,1,0.01,0,2
3,21,1.458186317029983,2,0.01,2,1
100,21,48.46034498044364,44,0.22,53,47
200,21,91.95603398143032,105,0.53,101,99
2000,21,1023.0973950601932,992,4.96,970,1030
10000,21,4957.668019089024,4076,20.38,4981,5019
20000,21,9992.717139391281,7248,36.24,9915,10085
40000,21,20109.960278640432,17810,89.05,19823,20177
60000,21,29760.538184384164,28106,140.53,30171,29829
80000,21,39887.38618432589,35702,178.51,39964,40036
100000,21,49773.673159019,38806,194.03,50145,49855
2,22,0.8758343103407566,1,0.01,1,1
3,22,1.813093006687645,2,0.01,1,2
100,22,47.2967620881718,48,0.24,47,53
200,22,101.49134906946796,98,0.49,92,108
2000,22,1009.3038630230732,984,4.92,988,1012
10000,22,4954.080836029835,4229,21.15,5044,4956
20000,22,9902.508339787611,9207,46.04,10019,9981
40000,22,20041.53517061961,17894,89.47,19941,20059
60000,22,29850.070265250622,29218,146.09,30091,29909
80000,22,39916.30575292042,36346,181.73,39905,40095
100000,22,49925.08175610265,29382,146.91,49882,50118
2,23,-0.07752442861072578,1,0.01,2,0
3,23,1.5413996993927568,2,0.01,1,2
100,23,56.03459261679204,39,0.2,49,51
200,23,104.84568951707782,95,0.48,96,104
2000,23,993.126094749469,972,4.86,995,1005
10000,23,4858.45413664992,4717,23.58,5083,4917
20000,23,9904.444246867628,10082,50.41,10082,9918
40000,23,19893.851155861063,18637,93.18,20031,19969
60000,23,29869.3009858005,22781,113.9,30000,30000
80000,23,40026.834236053895,31513,157.56,39821,40179
100000,23,49629.0059214017,43749,218.74,50206,49794
2,24,1.3716020639157067,1,0.01,1,1
3,24,1.802258447659815,2,0.01,2,1
100,24,41.318518000130865,56,0.28,61,39
200,24,104.94628563004439,88,0.44,95,105
2000,24,1051.8878866477753,902,4.51,947,1053
10000,24,5047.3605248454,4167,20.84,4949,5051
20000,24,9997.770405752184,12586,62.93,9950,10050
40000,24,19702.31338808429,16406,82.03,20140,19860
60000,24,29830.356137951687,26237,131.18,29914,30086
80000,24,39842.83840839673,38521,192.6,39867,40133
100000,24,49608.06549760622,42569,212.84,50043,49957
2,25,1.5862655262181726,1,0.01,1,1
3,25,0.8138173574222549,2,0.01,3,0
100,25,52.7343819803192,49,0.25,44,56
200,25,106.44481552718915,100,0.5,97,103
2000,25,1005.5136756349544,933,4.66,998,1002
10000,25,4959.643214346203,4893,24.46,5024,4976
20000,25,9941.723193251644,9063,45.32,9910,10090
40000,25,19849.987728800268,20556,102.78,20001,19999
60000,25,30146.432577319745,24390,121.95,29682,30318
80000,25,40179.23652231638,32033,160.16,39671,40329
100000,25,49789.419616146675,49905,249.52,49981,50019
2,26,1.6754020551309348,1,0.01,1,1
3,26,2.6863983160230913,2,0.01,1,2
100,26,52.674740319782316,41,0.21,45,55
200,26,92.40067780871172,115,0.58,102,98
2000,26,973.3404821589598,1013,5.06,1005,995
10000,26,5023.402974113952,5303,26.51,4980,5020
20000,26,9977.431757654736,8006,40.03,9982,10018
40000,26,19943.483919583923,16729,83.64,19991,20009
60000,26,29821.707159665846,24858,124.29,30038,29962
80000,26,39867.33424326936,33887,169.43,39901,40099
100000,26,50148.12832295408,45091,225.45,49742,50258
2,27,0.08315483454484818,1,0.01,2,0
3,27,0.3367922488747267,2,0.01,3,0
100,27,55.33930602535841,43,0.22,45,55
200,27,100.90313716447334,86,0.43,98,102
2000,27,970.7686954253612,1014,5.07,1031,969
10000,27,5004.573558665388,4361,21.8,5041,4959
20000,27,9964.67412174653,10035,50.18,10007,9993
40000,27,19818.95293917664,20859,104.29,19966,20034
60000,27,29905.90121335024,28569,142.84,30004,29996
80000,27,39685.82972799835,38910,194.55,40163,39837
100000,27,49548.82983926299,48107,240.53,50294,49706
2,28,0.6035018713154218,1,0.01,2,0
3,28,0.8476332011345701,2,0.01,2,1
100,28,58.44211611341458,55,0.28,40,60
200,28,99.85356628852185,112,0.56,95,105
2000,28,980.7940943464855,954,4.77,1012,988
10000,28,4911.403338616026,5050,25.25,5079,4921
20000,28,9918.507005969916,7203,36.01,10127,9873
40000,28,19647.454743787956,20028,100.14,20217,19783
60000,28,29655.181926534442,29821,149.1,30152,29848
80000,28,39731.60139092114,30072,150.36,40017,39983
100000,28,49749.68723738948,43789,218.94,50088,49912
2,29,0.018360224410078063,1,0.01,2,0
3,29,2.106575093596711,2,0.01,1,2
100,29,52.497066126601524,57,0.29,48,52
200,29,107.79633886537229,67,0.34,100,100
2000,29,1018.7162862739422,897,4.48,991,1009
10000,29,5027.891495527368,4153,20.77,4991,5009
20000,29,9890.041830270948,8771,43.86,10062,9938
40000,29,19874.16430244172,19256,96.28,20075,19925
60000,29,29669.619806621515,29425,147.12,30154,29846
80000,29,39945.82373985007,25514,127.57,39958,40042
100000,29,49886.039419351335,45934,229.67,49975,50025
2,30,1.1573513379477045,1,0.01,1,1
3,30,1.2314435839042628,2,0.01,2,1
100,30,55.89159459516946,37,0.19,45,55
200,30,85.670306686143,96,0.48,114,86
2000,30,980.2945667183736,809,4.04,1023,977
10000,30,5056.540920326282,4371,21.85,4904,5096
20000,30,9873.83312379601,8557,42.79,10071,9929
40000,30,19990.943781343536,20269,101.34,19887,20113
60000,30,29851.601292976204,22026,110.13,30008,29992
80000,30,39776.98833050448,40358,201.79,40006,39994
100000,30,49984.60902048824,36460,182.3,49863,50137
2,31,1.238937467746418,1,0.01,1,1
3,31,1.3420646893363704,2,0.01,2,1
100,31,49.09245870834957,40,0.2,50,50
200,31,102.33075159311626,123,0.62,101,99
2000,31,983.4991116747153,1054,5.27,1015,985
10000,31,4945.752037224968,4289,21.45,5018,4982
20000,31,9920.13592742204,8810,44.05,10085,9915
40000,31,19937.760138162535,18327,91.63,20015,19985
60000,31,29545.371374521103,29366,146.83,30328,29672
80000,31,39813.68208926852,38570,192.85,39864,40136
100000,31,49975.54879156229,39125,195.62,49815,50185
2,32,1.4131858006290106,1,0.01,0,2
3,32,3.116949021931797,2,0.01,1,2
100,32,51.59814873635568,37,0.19,49,51
200,32,111.41142733053698,77,0.39,78,122
2000,32,1002.1361363536765,947,4.73,1005,995
10000,32,4993.7766359962225,5232,26.16,4984,5016
20000,32,9950.421084437387,9034,45.17,9904,10096
40000,32,19853.67991037507,15956,79.78,20029,19971
60000,32,29825.186072903187,31550,157.75,30034,29966
80000,32,39852.353525378865,32047,160.23,40041,39959
100000,32,49819.32987963741,45379,226.89,50025,49975
2,33,1.2098228902073562,1,0.01,1,1
3,33,2.2138913527257182,2,0.01,1,2
100,33,39.73428544115595,37,0.19,56,44
200,33,104.02345388793847,65,0.33,97,103
2000,33,960.5561110299844,868,4.34,1029,971
10000,33,4853.927709327022,4050,20.25,5099,4901
20000,33,9971.593824299374,9709,48.55,10012,9988
40000,33,19838.53326636006,18667,93.33,19998,20002
60000,33,30083.51026030957,26361,131.8,29848,30152
80000,33,39828.078094278506,36950,184.75,39992,40008
100000,33,49840.70208959497,42513,212.56,49997,50003
2,34,2.7198612845600962,1,0.01,0,2
3,34,2.882447188907334,2,0.01,1,2
100,34,61.27594727472557,38,0.19,38,62
200,34,83.87741427100113,98,0.49,111,89
2000,34,977.6988692970788,967,4.83,1031,969
10000,34,4981.172283545673,4214,21.07,5010,4990
20000,34,9962.385286007337,9078,45.39,10013,9987
40000,34,19839.216504442506,18879,94.39,20112,19888
60000,34,29972.623180902865,26680,133.4,29866,30134
80000,34,39890.622780095015,34915,174.57,39817,40183
100000,34,49679.065923878734,43559,217.79,50081,49919
2,35,2.778731038861758,1,0.01,0,2
3,35,1.1143521832127874,2,0.01,2,1
100,35,51.56311634668529,51,0.26,47,53
200,35,97.96025233191426,118,0.59,105,95
2000,35,959.0478813739315,887,4.43,1036,964
10000,35,4938.551722296684,4319,21.59,5074,4926
20000,35,9887.03335304958,9191,45.96,10081,9919
40000,35,20041.34277308185,19199,95.99,19864,20136
60000,35,29722.58953179517,28782,143.91,30237,29763
80000,35,39634.94444128499,44342,221.71,40045,39955
100000,35,49929.73998987181,43509,217.54,49741,50259
2,36,1.2921958974635595,1,0.01,1,1
3,36,1.5160438107840766,2,0.01,1,2
100,36,48.074973129385114,51,0.26,48,52
200,36,92.78211521122799,68,0.34,104,96
2000,36,1023.5713280844013,1038,5.19,962,1038
10000,36,5030.821066596757,5022,25.11,4913,5087
20000,36,9986.837023880264,9666,48.33,9984,10016
40000,36,19997.080269635273,20606,103.03,19870,20130
60000,36,29747.39291788837,24723,123.61,30050,29950
80000,36,40011.535618788956,35192,175.96,39832,40168
100000,36,49858.21335391968,41761,208.8,50003,49997
2,37,0.6453860328183005,1,0.01,1,1
3,37,0.8508627730841797,2,0.01,1,2
100,37,44.74791202398471,41,0.21,53,47
200,37,87.56040927744884,101,0.51,109,91
2000,37,994.8760271260186,960,4.8,1005,995
10000,37,4950.873372170078,5040,25.2,4985,5015
20000,37,10021.105379921724,10858,54.29,9971,10029
40000,37,19940.43011288435,19657,98.28,19916,20084
60000,37,29959.676877060065,25567,127.83,29938,30062
80000,37,40064.75562866399,24730,123.65,39866,40134
100000,37,49928.21438083302,38994,194.97,49784,50216
2,38,1.9421639119261682,1,0.01,0,2
3,38,1.3369600556916001,2,0.01,1,2
100,38,42.19227321781922,46,0.23,59,41
200,38,87.89285612180493,89,0.45,105,95
2000,38,950.53786192276,1045,5.22,1034,966
10000,38,5042.019876253357,5425,27.12,4928,5072
20000,38,9883.45798446206,11935,59.68,10033,9967
40000,38,19993.791344344703,16968,84.84,19932,20068
60000,38,29897.0120823494,25027,125.13,30012,29988
80000,38,40055.5889585,30386,151.93,39826,40174
100000,38,49721.67722257677,46306,231.53,50057,49943
2,39,0.8412755965129652,1,0.01,1,1
3,39,0.12910320215027382,2,0.01,2,1
100,39,46.2663399754298,44,0.22,54,46
200,39,101.73230075422568,91,0.46,97,103
2000,39,986.2852053795328,1115,5.57,997,1003
10000,39,4974.690166431685,4803,24.01,5023,4977
20000,39,9951.85388706125,9538,47.69,9972,10028
40000,39,19781.135655120328,19721,98.6,20130,19870
60000,39,30017.572465960944,25525,127.62,29710,30290
80000,39,39962.39582772195,38074,190.37,39946,40054
100000,39,49815.03408066207,39025,195.12,50092,49908
2,40,0.42174133694377347,1,0.01,2,0
3,40,0.5383244389217297,2,0.01,2,1
100,40,48.222334145145986,43,0.22,54,46
200,40,111.4485122567734,68,0.34,90,110
2000,40,1013.8968251310978,1005,5.02,986,1014
10000,40,5054.013094208828,5000,25.0,4896,5104
20000,40,9923.29418646354,9909,49.55,10032,9968
40000,40,19911.350915455307,19169,95.84,19856,20144
60000,40,30040.149945257635,24425,122.12,29730,30270
80000,40,39660.68373663913,38647,193.23,40146,39854
100000,40,49935.740788348056,40861,204.3,50036,49964
2,41,1.3393210369033808,1,0.01,1,1
3,41,0.7653350288697472,2,0.01,3,0
100,41,51.74189235536789,53,0.27,54,46
200,41,110.27658939751669,75,0.38,94,106
2000,41,1024.8105463793058,889,4.44,967,1033
10000,41,4952.7773125471895,4728,23.64,5004,4996
20000,41,10066.705032959475,7349,36.75,9919,10081
40000,41,20031.515339612954,20784,103.92,19868,20132
60000,41,29885.43225119313,26368,131.84,29958,30042
80000,41,39761.88912195111,37479,187.39,40137,39863
100000,41,49540.34136510219,44046,220.23,50272,49728
2,42,-0.09336589864064004,1,0.01,1,1
3,42,3.1861762483983647,2,0.01,0,3
100,42,50.93836896585886,37,0.19,48,52
200,42,108.27341729859462,96,0.48,91,109
2000,42,999.2453562748883,1021,5.1,981,1019
10000,42,4978.713248740458,4520,22.6,4958,5042
20000,42,9887.996451134828,9261,46.31,10116,9884
40000,42,19786.828750353863,20121,100.6,20117,19883
60000,42,29770.618124898665,29205,146.02,29922,30078
80000,42,39861.92101894802,30602,153.01,39798,40202
100000,42,49801.61442860659,46994,234.97,49952,50048
2,43,0.4952230703371485,1,0.01,1,1
3,43,1.2288732408378853,2,0.01,2,1
100,43,50.17009620002234,53,0.27,53,47
200,43,100.54972161919126,95,0.48,99,101
2000,43,978.8328012131694,921,4.6,1022,978
10000,43,4987.126842699589,4617,23.08,4983,5017
20000,43,9950.846220470316,9398,46.99,9974,10026
40000,43,20001.026617411964,18257,91.28,19877,20123
60000,43,29929.70493677194,26236,131.18,29937,30063
80000,43,40005.30976665969,36766,183.83,39787,40213
100000,43,49454.351389278265,54139,270.69,50399,49601
2,44,2.341476233268746,1,0.01,0,2
3,44,2.1358067502535794,2,0.01,1,2
100,44,47.61709930803176,63,0.32,52,48
200,44,93.9659745530409,114,0.57,98,102
2000,44,998.9711620708208,1005,5.02,989,1011
10000,44,4994.463677944791,4980,24.9,5016,4984
20000,44,10050.473790685173,9417,47.09,9921,10079
40000,44,19839.32358077889,16425,82.12,20107,19893
60000,44,29948.90634029195,24478,122.39,29968,30032
80000,44,40161.75655747756,31558,157.79,39642,40358
100000,44,49411.15942971793,49521,247.6,50340,49660
2,45,0.3992202880141212,1,0.01,2,0
3,45,2.0020134541864967,2,0.01,1,2
100,45,53.89900886180923,47,0.24,47,53
200,45,94.08199344297053,97,0.49,103,97
2000,45,1002.6131508455168,1128,5.64,1022,978
10000,45,4993.693668353971,4534,22.67,4981,5019
20000,45,9910.806701709986,9160,45.8,10017,9983
40000,45,19893.56692552006,15121,75.61,19950,20050
60000,45,29865.747455301058,28425,142.12,29989,30011
80000,45,39775.6700801279,32401,162.0,40083,39917
100000,45,49743.180560512585,48387,241.93,49953,50047
2,46,-0.7313312421370596,1,0.01,2,0
3,46,3.258441295968738,2,0.01,1,2
100,46,55.93204427573576,47,0.24,41,59
200,46,119.93202543466522,79,0.4,87,113
2000,46,1035.2412575274707,1091,5.45,974,1026
10000,46,4936.57288047786,4812,24.06,5023,4977
20000,46,9906.753109225816,8739,43.7,10006,9994
40000,46,19850.73359420478,21810,109.05,20044,19956
60000,46,29963.593408305504,21096,105.48,29783,30217
80000,46,39671.710148242,38793,193.96,39896,40104
100000,46,49650.01739462091,36902,184.51,50015,49985
2,47,0.0449206015217562,1,0.01,2,0
3,47,1.8839471542492507,2,0.01,1,2
100,47,54.70445316025882,43,0.22,46,54
200,47,105.6282125638946,104,0.52,92,108
2000,47,985.4374405599973,889,4.44,1012,988
10000,47,4992.864644005208,5973,29.86,5022,4978
20000,47,9844.575012412746,7618,38.09,9981,10019
40000,47,19872.886506559516,22546,112.73,19983,20017
60000,47,29852.421748991328,23035,115.17,30031,29969
80000,47,39924.548786079045,30117,150.58,39942,40058
100000,47,49751.34088452472,43368,216.84,50131,49869
2,48,2.191046700364022,1,0.01,0,2
3,48,0.7603514297857078,2,0.01,1,2
100,48,49.9740614219894,54,0.27,48,52
200,48,118.48752788804369,100,0.5,86,114
2000,48,980.8199442512711,978,4.89,1003,997
10000,48,4970.394029138857,5879,29.39,5040,4960
20000,48,10014.929642045441,7995,39.98,9987,10013
40000,48,19883.801092270958,15528,77.64,20047,19953
60000,48,29874.50824597749,33613,168.06,29969,30031
80000,48,39732.68351624666,29190,145.95,39940,40060
100000,48,49653.73068836454,38005,190.02,50097,49903
2,49,1.1310180495355158,1,0.01,1,1
3,49,3.425883336497983,2,0.01,0,3
100,49,45.58444369186161,63,0.32,57,43
200,49,97.02054916658518,86,0.43,98,102
2000,49,998.3698710939376,876,4.38,962,1038
10000,49,5022.6433831753975,4131,20.66,4968,5032
20000,49,9941.877305270267,9248,46.24,9928,10072
40000,49,19859.846135858523,20700,103.5,20075,19925
60000,49,29838.6070205342,24972,124.86,30041,29959
80000,49,40048.73375190079,26875,134.37,39922,40078
100000,49,49389.96533704281,32790,163.95,50389,49611
2,50,1.34117972513484,1,0.01,1,1
3,50,0.834526694028618,2,0.01,1,2
100,50,47.361043487642725,61,0.31,54,46
200,50,97.66816055130862,103,0.52,104,96
2000,50,998.9262604060871,1097,5.48,995,1005
10000,50,5039.546530727377,5197,25.98,4924,5076
20000,50,9872.400880641164,10444,52.22,10103,9897
40000,50,19929.270829199166,20107,100.53,19985,20015
60000,50,29843.901304622228,27123,135.61,29980,30020
80000,50,39765.27452814417,38866,194.33,40053,39947
100000,50,49917.6823824876,48449,242.24,49748,50252
2,51,1.686201443386427,1,0.01,0,2
3,51,-0.1020316987902185,2,0.01,3,0
100,51,47.80446585492447,45,0.23,43,57
200,51,83.68146720948914,102,0.51,114,86
2000,51,1016.7228974891253,956,4.78,977,1023
10000,51,4941.8657796002835,4493,22.46,5036,4964
20000,51,9955.058030191289,8821,44.11,9963,10037
40000,51,19965.058906911334,19286,96.43,19804,20196
60000,51,29843.62522331857,22629,113.14,30062,29938
80000,51,39831.61204152954,32311,161.55,39899,40101
100000,51,49722.69270725875,42846,214.23,49995,50005
2,52,1.5408023174249534,1,0.01,1,1
3,52,0.9217517586765405,2,0.01,3,0
100,52,44.56288972920439,58,0.29,55,45
200,52,109.22973357500805,104,0.52,90,110
2000,52,1028.749777190201,1000,5.0,970,1030
10000,52,5019.181007267327,5018,25.09,4938,5062
20000,52,9836.651909242028,9584,47.92,10074,9926
40000,52,19955.158190488375,18466,92.33,20000,20000
60000,52,29806.295875887743,21296,106.48,30093,29907
80000,52,39711.569081170135,28085,140.42,40040,39960
100000,52,49963.13643268194,39636,198.18,49956,50044
2,53,0.5389276173466657,1,0.01,2,0
3,53,2.871839777641843,2,0.01,1,2
100,53,52.432487470020185,37,0.19,47,53
200,53,93.85373858325714,111,0.56,102,98
2000,53,969.6463740017317,1160,5.8,1023,977
10000,53,4953.3578777874945,4252,21.26,5094,4906
20000,53,10071.991708147767,9821,49.11,9913,10087
40000,53,20034.045015332813,19519,97.59,19916,20084
60000,53,29784.538764539906,24935,124.67,30087,29913
80000,53,39738.67423204904,42463,212.31,40062,39938
100000,53,49799.41541317889,49425,247.12,49957,50043
2,54,1.3355796774162874,1,0.01,1,1
3,54,2.0256469505109,2,0.01,1,2
100,54,47.95910554409031,52,0.26,52,48
200,54,96.9360030897712,107,0.54,103,97
2000,54,1025.0468685513624,984,4.92,978,1022
10000,54,4982.308299837597,4324,21.62,4991,5009
20000,54,9962.45929335545,9299,46.5,10074,9926
40000,54,20077.71004747275,15966,79.83,19839,20161
60000,54,29823.890764891235,25818,129.09,30085,29915
80000,54,39751.3331633601,40672,203.36,40038,39962
100000,54,49890.94791387073,41607,208.03,50003,49997
2,55,2.4033144510456523,1,0.01,0,2
3,55,1.8282563386018031,2,0.01,1,2
100,55,47.195760739529426,63,0.32,50,50
200,55,89.7146977232622,74,0.37,110,90
2000,55,1022.3804082742969,1107,5.53,992,1008
10000,55,4992.218966609514,4070,20.35,4976,5024
20000,55,9956.514339661626,8400,42.0,10015,9985
40000,55,19953.73097327994,15743,78.72,20016,19984
60000,55,29797.49128005997,28084,140.42,29992,30008
80000,55,39802.68726139264,35625,178.12,40003,39997
100000,55,49663.83928565401,48770,243.85,50125,49875
2,56,0.8006000835145567,1,0.01,1,1
3,56,1.3818223513982621,2,0.01,2,1
100,56,46.0826678367415,49,0.25,51,49
200,56,88.73648741638098,114,0.57,113,87
2000,56,969.6437996791603,973,4.86,1023,977
10000,56,5052.20554685391,4494,22.47,4965,5035
20000,56,9873.465640819928,8078,40.39,10040,9960
40000,56,20020.2101924307,16726,83.63,19934,20066
60000,56,29981.73620894681,25836,129.18,29897,30103
80000,56,39893.36641591194,38864,194.32,39944,40056
100000,56,49746.63050765293,44083,220.41,49984,50016
2,57,1.5987682630948234,1,0.01,0,2
3,57,1.7702404900684292,2,0.01,2,1
100,57,52.25516344313117,57,0.29,43,57
200,57,99.10282716529247,111,0.56,104,96
2000,57,1017.5945476768109,1176,5.88,980,1020
10000,57,4930.5332400728585,4709,23.54,5044,4956
20000,57,9976.178043737946,9187,45.94,9955,10045
40000,57,19956.251705654813,18454,92.27,19921,20079
60000,57,29897.16448940052,27733,138.66,30099,29901
80000,57,40029.15362196645,30601,153.0,40013,39987
100000,57,49926.026247747046,46121,230.6,49964,50036
2,58,1.647546137721807,1,0.01,1,1
3,58,1.8119464757603807,2,0.01,2,1
100,58,43.14516104877138,38,0.19,51,49
200,58,102.85813897168262,89,0.45,94,106
2000,58,1011.9945412644693,800,4.0,985,1015
10000,58,4967.867147403502,4833,24.16,5029,4971
20000,58,9979.010128876429,7151,35.75,10010,9990
40000,58,19765.010731990078,19608,98.04,19980,20020
60000,58,29632.138344227445,29113,145.56,30175,29825
80000,58,39705.22476731363,30129,150.64,40088,39912
100000,58,49921.00823352762,43643,218.21,49835,50165
2,59,0.5408280655043396,1,0.01,2,0
3,59,1.468571887503098,2,0.01,2,1
100,59,47.25181485000773,48,0.24,53,47
200,59,101.01836465507978,100,0.5,98,102
2000,59,1019.3382060969899,709,3.54,985,1015
10000,59,5030.192126134963,5292,26.46,4972,5028
20000,59,9842.373983633152,8743,43.72,10072,9928
40000,59,20035.83410834954,18848,94.24,19890,20110
60000,59,29845.334822165616,22937,114.68,29875,30125
80000,59,40186.258900308756,32826,164.13,39787,40213
100000,59,49937.28136296558,38891,194.45,50013,49987
2,60,0.7731178979281319,1,0.01,1,1
3,60,1.2553560800961068,2,0.01,1,2
100,60,44.2762617052316,49,0.25,53,47
200,60,95.60568111363465,123,0.62,103,97
2000,60,953.6518778748347,945,4.72,1031,969
10000,60,4960.131422902564,6424,32.12,4991,5009
20000,60,9987.139391897472,7487,37.44,9980,10020
40000,60,19755.24606290938,13680,68.4,20104,19896
60000,60,29794.194554081445,28065,140.32,29968,30032
80000,60,39621.734248291235,34470,172.35,40210,39790
100000,60,49808.18929544743,47835,239.17,50010,49990
2,61,2.24942107473851,1,0.01,0,2
3,61,2.1855544968457528,2,0.01,1,2
100,61,62.8350584532086,63,0.32,39,61
200,61,92.86880115729905,81,0.41,106,94
2000,61,992.7944591148705,811,4.05,1002,998
10000,61,4973.202372422813,4396,21.98,4998,5002
20000,61,9927.522348265251,8465,42.33,10031,9969
40000,61,19714.31360487618,20484,102.42,20193,19807
60000,61,29938.389461769293,23048,115.24,29871,30129
80000,61,39989.449660946826,34137,170.68,39836,40164
100000,61,49826.37132636071,38415,192.07,50065,49935
2,62,0.5313286955723677,1,0.01,2,0
3,62,2.3091704687503896,2,0.01,2,1
100,62,42.40678779724073,60,0.3,54,46
200,62,108.66041468621496,72,0.36,90,110
2000,62,978.4001171589108,843,4.21,992,1008
10000,62,4888.680609271171,5261,26.3,5070,4930
20000,62,9867.483888604622,7603,38.02,10151,9849
40000,62,20004.97042438489,16655,83.27,19932,20068
60000,62,29806.025967993988,20792,103.96,30127,29873
80000,62,39613.53428278786,33612,168.06,40202,39798
100000,62,50178.13912477662,42041,210.2,49690,50310
2,63,1.531612229544332,1,0.01,0,2
3,63,1.2707972873422837,2,0.01,2,1
100,63,49.78881285703538,52,0.26,48,52
200,63,99.1468822477574,107,0.54,97,103
2000,63,1007.6805530236659,1056,5.28,1005,995
10000,63,4932.238257485619,5128,25.64,5011,4989
20000,63,10018.370287099635,9445,47.23,9965,10035
40000,63,19893.808804076103,17551,87.75,19942,20058
60000,63,29788.96605254795,25971,129.85,30063,29937
80000,63,39794.2467836741,34942,174.71,39948,40052
100000,63,49784.51298419534,38855,194.27,50085,49915
2,64,1.435349304381444,1,0.01,0,2
3,64,1.7856880291323347,2,0.01,1,2
100,64,42.43256193354448,37,0.19,56,44
200,64,104.1503339618514,88,0.44,95,105
2000,64,981.1683989569282,829,4.14,1015,985
10000,64,5042.835308578252,3978,19.89,4946,5054
20000,64,9999.261402235785,10416,52.08,9980,10020
40000,64,19938.049693273973,16989,84.94,20030,19970
60000,64,29936.2130604251,22313,111.56,29891,30109
80000,64,39988.700141982954,31913,159.56,39953,40047
100000,64,49753.17565818441,44581,222.9,49998,50002
2,65,0.7820045617854908,1,0.01,1,1
3,65,1.5279196296182043,2,0.01,1,2
100,65,49.01588695643533,45,0.23,54,46
200,65,105.18157752957752,111,0.56,96,104
2000,65,1001.1884475256549,1005,5.02,1008,992
10000,65,5054.726164839684,3462,17.31,4922,5078
20000,65,9963.544964150198,8527,42.64,9940,10060
40000,65,19971.904986314323,17669,88.34,19916,20084
60000,65,29591.45641368799,29509,147.54,30301,29699
80000,65,39768.43694795884,36474,182.37,39941,40059
100000,65,49759.96531248856,40096,200.48,50090,49910
2,66,0.960944318208486,1,0.01,1,1
3,66,1.1155139416305422,2,0.01,2,1
100,66,57.08252837070416,51,0.26,41,59
200,66,107.96303611126571,105,0.53,98,102
2000,66,1006.3703860582316,1212,6.06,980,1020
10000,66,4934.84510146039,5065,25.32,5039,4961
20000,66,10016.339329321734,8963,44.82,9919,10081
40000,66,19832.77570228052,19039,95.19,20062,19938
60000,66,29788.290546783403,17764,88.82,29888,30112
80000,66,39671.012561230345,32819,164.09,40233,39767
100000,66,49695.87757625967,35341,176.7,50068,49932
2,67,0.4932575018298095,1,0.01,2,0
3,67,1.1439377197064653,2,0.01,2,1
100,67,48.40838265625799,58,0.29,49,51
200,67,94.60858438110705,99,0.5,99,101
2000,67,1030.0792615594164,1092,5.46,987,1013
10000,67,4956.074634936163,5007,25.03,5048,4952
20000,67,9896.99339846442,10044,50.22,10004,9996
40000,67,20052.442036335357,16971,84.85,19863,20137
60000,67,29983.322483495027,25530,127.65,29973,30027
80000,67,39894.69691455016,32753,163.76,39980,40020
100000,67,49942.55312398835,41117,205.58,50033,49967
2,68,0.6373955494760055,1,0.01,2,0
3,68,0.8716140132253124,2,0.01,2,1
100,68,50.96709126755824,37,0.19,46,54
200,68,97.01472955879794,94,0.47,99,101
2000,68,972.3707789630625,860,4.3,1034,966
10000,68,5048.909930779138,5625,28.12,4949,5051
20000,68,10087.638005784329,7056,35.28,9946,10054
40000,68,19977.2338227444,15611,78.06,19910,20090
60000,68,30052.891987443098,31043,155.21,29761,30239
80000,68,39925.65638068326,30159,150.79,40054,39946
100000,68,49604.253220022976,45911,229.55,50169,49831
2,69,0.9995941089044584,1,0.01,1,1
3,69,0.726355747690311,2,0.01,2,1
100,69,52.46753265839916,39,0.2,52,48
200,69,86.03192069664512,121,0.61,105,95
2000,69,1006.9708953116499,911,4.55,1003,997
10000,69,4935.769691867828,4901,24.5,5028,4972
20000,69,10030.71651616832,7922,39.61,9922,10078
40000,69,19948.299139399434,16543,82.71,20016,19984
60000,69,29794.17732313864,28382,141.91,29990,30010
80000,69,39688.07055873491,32764,163.82,40054,39946
100000,69,49717.60279679297,39158,195.79,50040,49960
2,70,1.0531279338463255,1,0.01,1,1
3,70,0.5791099263923898,2,0.01,3,0
100,70,50.04885202088932,55,0.28,52,48
200,70,96.22811868916307,88,0.44,104,96
2000,70,982.1904274638401,875,4.37,1007,993
10000,70,4956.545391035987,4538,22.69,5033,4967
20000,70,9967.822362380091,8009,40.05,10017,9983
40000,70,19845.09106942253,15439,77.2,20080,19920
60000,70,29986.123301699154,27864,139.32,29770,30230
80000,70,39955.69005779248,44064,220.32,39962,40038
100000,70,49919.68677539774,37777,188.88,50016,49984
2,71,0.7652577526739784,1,0.01,2,0
3,71,0.4924069769072518,2,0.01,3,0
100,71,41.564212460890474,48,0.24,58,42
200,71,94.89502107556741,112,0.56,109,91
2000,71,1022.8977442419182,1112,5.56,996,1004
10000,71,4969.052658379478,4185,20.93,5059,4941
20000,71,9996.491755219988,10041,50.21,9918,10082
40000,71,20098.08308412689,16926,84.63,19894,20106
60000,71,29896.00151837193,26827,134.13,29898,30102
80000,71,39772.53269588134,36358,181.79,40109,39891
100000,71,49776.9356377665,42985,214.92,49986,50014
2,72,0.24177892005380103,1,0.01,2,0
3,72,2.2568525572170937,2,0.01,1,2
100,72,45.22798719318484,55,0.28,60,40
200,72,89.68722211565122,98,0.49,108,92
2000,72,990.266669783777,863,4.31,1003,997
10000,72,5032.7679554198485,4733,23.66,4932,5068
20000,72,9886.609038623901,8933,44.67,10071,9929
40000,72,20039.221498003004,16117,80.58,19893,20107
60000,72,29668.10127119195,22607,113.03,30038,29962
80000,72,39687.182812002335,38161,190.8,40092,39908
100000,72,49611.33877947787,48246,241.23,50145,49855
2,73,1.7528968541088275,1,0.01,0,2
3,73,2.4940241004731982,2,0.01,1,2
100,73,36.78590861008143,41,0.21,60,40
200,73,92.9818995749997,89,0.45,103,97
2000,73,973.4032623439305,1061,5.3,1046,954
10000,73,4981.3925375230165,4466,22.33,5017,4983
20000,73,9886.566635689906,9320,46.6,10115,9885
40000,73,19924.53710054142,18222,91.11,20068,19932
60000,73,29901.99865068319,26956,134.78,29958,30042
80000,73,39723.53490264155,36965,184.82,40145,39855
100000,73,49894.11095012736,35533,177.66,50042,49958
2,74,1.2003873678994985,1,0.01,1,1
3,74,2.6954369242031833,2,0.01,0,3
100,74,51.39148669788934,62,0.31,48,52
200,74,98.07385515469515,114,0.57,103,97
2000,74,985.8333106304934,952,4.76,1018,982
10000,74,4948.389881949913,4420,22.1,4981,5019
20000,74,9999.755038426472,8078,40.39,9936,10064
40000,74,19865.221996077118,11423,57.12,20077,19923
60000,74,29849.33058707639,31479,157.39,29961,30039
80000,74,39987.384357008836,28731,143.65,39861,40139
100000,74,49880.196395785446,39273,196.36,49849,50151
2,75,0.6553195267962917,1,0.01,1,1
3,75,0.6997238771509572,2,0.01,2,1
100,75,56.76585756847217,45,0.23,40,60
200,75,114.18159728307211,154,0.77,94,106
2000,75,1028.9247828569605,818,4.09,961,1039
10000,75,4977.300408182779,4226,21.13,5026,4974
20000,75,9966.43729657143,7544,37.72,9983,10017
40000,75,19912.92965019622,15408,77.04,20095,19905
60000,75,29801.94656159868,30165,150.82,30086,29914
80000,75,40035.94679529623,40231,201.15,39849,40151
100000,75,49581.51509215817,38054,190.27,50266,49734
2,76,1.3614557877928517,1,0.01,1,1
3,76,1.5919397698177202,2,0.01,1,2
100,76,49.80083896088471,43,0.22,41,59
200,76,102.33287268767758,108,0.54,103,97
2000,76,968.9984099186942,1063,5.31,1025,975
10000,76,5007.300085285097,4462,22.31,4983,5017
20000,76,9889.466202888245,9629,48.15,10005,9995
40000,76,19786.78074528431,16243,81.21,20117,19883
60000,76,29983.79384060919,26903,134.51,29739,30261
80000,76,39893.77694596881,37342,186.71,39916,40084
100000,76,49755.31897776217,43872,219.36,50074,49926
2,77,0.16390313472915757,1,0.01,2,0
3,77,0.6061984469801146,2,0.01,2,1
100,77,52.51271465452211,60,0.3,46,54
200,77,97.45324272162725,135,0.68,105,95
2000,77,993.34729567866,1172,5.86,1006,994
10000,77,4970.120543720604,4740,23.7,5022,4978
20000,77,9952.146489476147,7745,38.73,10060,9940
40000,77,19897.318517345546,21848,109.24,19988,20012
60000,77,29860.816270001502,30124,150.62,29992,30008
80000,77,39713.39799451377,35507,177.53,40054,39946
100000,77,49880.6030120776,37351,186.75,49905,50095
2,78,0.712395986888457,1,0.01,1,1
3,78,1.994393626120989,2,0.01,1,2
100,78,48.4007454038837,60,0.3,53,47
200,78,97.03862447398,83,0.42,111,89
2000,78,995.603460168856,976,4.88,1020,980
10000,78,4974.041145847871,4081,20.41,5017,4983
20000,78,9920.537135960054,8277,41.39,10043,9957
40000,78,20018.51011430213,19005,95.02,19896,20104
60000,78,29695.11113450971,25527,127.63,30094,29906
80000,78,39759.96744640509,30247,151.23,40057,39943
100000,78,50001.787549724315,32709,163.54,49809,50191
2,79,0.7779180403660334,1,0.01,1,1
3,79,0.9629755506974907,2,0.01,2,1
100,79,44.53116741144106,37,0.19,51,49
200,79,91.21312828393454,105,0.53,108,92
2000,79,985.586590750805,1042,5.21,1023,977
10000,79,4941.755852017812,5181,25.9,5060,4940
20000,79,10049.991625844548,11324,56.62,9909,10091
40000,79,19723.054919621783,17358,86.79,20143,19857
60000,79,29720.78222607734,25284,126.42,30144,29856
80000,79,39657.87296643632,25668,128.34,40186,39814
100000,79,49672.67894302627,42777,213.88,49932,50068
2,80,0.8432851810972091,1,0.01,1,1
3,80,2.4234606165994745,2,0.01,1,2
100,80,55.94348773016898,53,0.27,42,58
200,80,112.79707711980757,96,0.48,98,102
2000,80,984.415261986967,739,3.69,1008,992
10000,80,4971.197979667326,4298,21.49,4996,5004
20000,80,9821.90418862257,9993,49.97,10082,9918
40000,80,19958.740671541218,16540,82.7,19950,20050
60000,80,29904.2921756098,28842,144.21,29786,30214
80000,80,39688.70443489863,29310,146.55,40131,39869
100000,80,49725.943017135985,38905,194.52,50119,49881
2,81,0.37731085346286863,1,0.01,1,1
3,81,0.5594597702559261,2,0.01,2,1
100,81,45.02773952732023,55,0.28,53,47
200,81,105.52282361668335,106,0.53,99,101
2000,81,999.6264975601271,739,3.69,1000,1000
10000,81,4900.995444624732,4544,22.72,5113,4887
20000,81,9982.34343511633,8495,42.48,10044,9956
40000,81,19962.9766030305,18290,91.45,19930,20070
60000,81,29982.574096756933,28596,142.98,29917,30083
80000,81,39774.32196804287,33447,167.23,39865,40135
100000,81,49580.968854576655,37993,189.96,50199,49801
2,82,0.8923380094040904,1,0.01,1,1
3,82,1.6230256873551627,2,0.01,1,2
100,82,41.57660941966296,63,0.32,53,47
200,82,105.91310221159425,104,0.52,94,106
2000,82,1015.4319727589339,953,4.76,985,1015
10000,82,4977.886816140458,4640,23.2,5002,4998
20000,82,9756.777240104262,8148,40.74,10199,9801
40000,82,19768.785299058178,20225,101.12,20059,19941
60000,82,29753.011486082632,26431,132.15,30093,29907
80000,82,40161.89596139398,29543,147.71,39831,40169
100000,82,49690.27091593375,42326,211.63,50091,49909
2,83,1.5843921685631726,1,0.01,1,1
3,83,0.8175516979545895,2,0.01,2,1
100,83,51.631930279890305,56,0.28,48,52
200,83,101.11736754387918,98,0.49,97,103
2000,83,967.4969581689982,809,4.04,1037,963
10000,83,4985.156829052108,3840,19.2,5054,4946
20000,83,10005.965062835867,8822,44.11,9995,10005
40000,83,19832.798443420434,15629,78.15,20061,19939
60000,83,29851.028097804476,23793,118.96,29965,30035
80000,83,39829.66846210706,27192,135.96,40109,39891
100000,83,49820.77129374461,40574,202.87,49948,50052
2,84,0.8493848957524865,1,0.01,1,1
3,84,1.8803337730540055,2,0.01,1,2
100,84,49.01297780875402,63,0.32,52,48
200,84,99.29810337104534,61,0.31,89,111
2000,84,980.0372660004729,1014,5.07,1034,966
10000,84,5034.476301792177,4968,24.84,4977,5023
20000,84,9834.104704699563,10456,52.28,10154,9846
40000,84,19708.261836049,16957,84.78,20060,19940
60000,84,29850.274415739903,25489,127.44,30108,29892
80000,84,39785.886337037344,33319,166.59,39991,40009
100000,84,49869.8715232607,37014,185.07,49976,50024
2,85,0.4063234919621704,1,0.01,2,0
3,85,0.5520060369251149,2,0.01,2,1
100,85,50.383961446635595,58,0.29,50,50
200,85,94.53857992426911,120,0.6,102,98
2000,85,996.2821584218009,836,4.18,1001,999
10000,85,4937.947247428559,5419,27.09,5029,4971
20000,85,9766.212150512007,7880,39.4,10124,9876
40000,85,19887.204669449857,17653,88.26,19930,20070
60000,85,29893.157622121395,21246,106.23,29850,30150
80000,85,39908.054206265864,35437,177.18,39950,40050
100000,85,49962.97608130756,46405,232.02,49875,50125
2,86,0.7029839301060741,1,0.01,1,1
3,86,0.24665523574109216,2,0.01,2,1
100,86,43.34240479299699,60,0.3,57,43
200,86,93.46091784556143,98,0.49,111,89
2000,86,983.3490940943622,1151,5.75,1004,996
10000,86,4995.9354754254955,4015,20.08,4955,5045
20000,86,9966.307647943298,9394,46.97,9967,10033
40000,86,19832.902589721776,18593,92.96,20104,19896
60000,86,29790.08810480265,33334,166.67,29920,30080
80000,86,39896.47232815763,37570,187.85,40019,39981
100000,86,49418.01882289038,41200,206.0,50170,49830
2,87,0.4667994336546331,1,0.01,2,0
3,87,2.0376214476838936,2,0.01,1,2
100,87,57.9082335941256,63,0.32,43,57
200,87,92.5241738780414,149,0.75,113,87
2000,87,996.6664376408742,954,4.77,995,1005
10000,87,5062.576601582903,3831,19.16,4900,5100
20000,87,9991.84959400257,8244,41.22,9949,10051
40000,87,19915.087718711733,21330,106.65,20002,19998
60000,87,29709.27607456759,25720,128.6,29949,30051
80000,87,39840.38983869352,31855,159.27,40063,39937
100000,87,49972.036190449726,44261,221.3,49892,50108
2,88,0.476277048263391,1,0.01,2,0
3,88,1.0612620052299009,2,0.01,2,1
100,88,42.52266421127367,38,0.19,48,52
200,88,109.18815491147178,111,0.56,94,106
2000,88,1017.6889716927216,979,4.89,1004,996
10000,88,5049.892239771997,4397,21.98,4948,5052
20000,88,9999.012080233972,10293,51.47,10009,9991
40000,88,19685.09077755153,19228,96.14,20178,19822
60000,88,29870.046590594597,25915,129.57,30113,29887
80000,88,39930.31061686567,31443,157.21,40074,39926
100000,88,49768.342678782596,40179,200.89,50042,49958
2,89,1.4458387280978797,1,0.01,1,1
3,89,0.9828731848756641,2,0.01,2,1
100,89,57.994597181132214,37,0.19,42,58
200,89,106.81008175453569,91,0.46,96,104
2000,89,975.2247347457977,1023,5.11,1014,986
10000,89,5006.305159762078,4927,24.63,4960,5040
20000,89,9910.804321623053,9400,47.0,10011,9989
40000,89,20061.1743129563,20259,101.29,19901,20099
60000,89,29803.598153521012,28819,144.09,29963,30037
80000,89,40042.146019128704,40331,201.65,39798,40202
100000,89,50058.76746811672,38279,191.39,49742,50258
2,90,2.167209065954226,1,0.01,0,2
3,90,1.8785148186754421,2,0.01,1,2
100,90,41.39768015406198,41,0.21,56,44
200,90,116.93905233852298,149,0.75,94,106
2000,90,969.1686884550182,1012,5.06,1002,998
10000,90,5053.661121626907,4316,21.58,4947,5053
20000,90,9812.887767677572,9465,47.33,10132,9868
40000,90,19872.672669558968,16828,84.14,20133,19867
60000,90,29965.342742383993,27989,139.94,29920,30080
80000,90,39677.95572154206,39830,199.15,40047,39953
100000,90,49815.68565135466,36667,183.33,50247,49753
2,91,0.3045502020793299,1,0.01,2,0
3,91,0.49562628280215976,2,0.01,2,1
100,91,52.948488076677464,63,0.32,48,52
200,91,99.63187706858434,76,0.38,94,106
2000,91,1006.0596675046112,1117,5.58,1008,992
10000,91,4990.213631479719,4475,22.37,4940,5060
20000,91,9989.103961885576,9191,45.96,9978,10022
40000,91,19800.607271764973,17747,88.73,20175,19825
60000,91,29858.28904815657,29593,147.96,29991,30009
80000,91,39941.136075398266,32350,161.75,39872,40128
100000,91,49813.975195718995,49921,249.6,49947,50053
2,92,0.8755953632503564,1,0.01,2,0
3,92,1.0611724624290577,2,0.01,2,1
100,92,41.432347853184915,40,0.2,53,47
200,92,102.04394237424458,95,0.48,96,104
2000,92,955.0955651578292,1138,5.69,1028,972
10000,92,5011.988374343047,4838,24.19,4959,5041
20000,92,10053.959815960163,11299,56.5,9835,10165
40000,92,19896.81757849969,18569,92.84,20013,19987
60000,92,29832.666872854512,22504,112.52,29997,30003
80000,92,39725.94010347544,32616,163.08,40124,39876
100000,92,49815.58749820781,35756,178.78,50140,49860
2,93,0.6480645659077902,1,0.01,1,1
3,93,2.9508300421081675,2,0.01,1,2
100,93,41.46438252691917,37,0.19,59,41
200,93,116.63428090544394,103,0.52,85,115
2000,93,1001.9270025337001,867,4.33,1013,987
10000,93,5019.4976213765085,5004,25.02,4906,5094
20000,93,9962.019301846052,10035,50.18,9938,10062
40000,93,20023.850727916608,19972,99.86,19892,20108
60000,93,29761.962003779296,28168,140.84,30089,29911
80000,93,39797.55304026086,37074,185.37,40054,39946
100000,93,49812.916287818276,43447,217.23,49965,50035
2,94,0.20213999652807063,1,0.01,2,0
3,94,1.3841676340343347,2,0.01,1,2
100,94,55.31403981843209,61,0.31,41,59
200,94,104.69111523710497,88,0.44,87,113
2000,94,1001.1855028604205,1023,5.11,995,1005
10000,94,4918.857215302185,4306,21.53,5038,4962
20000,94,10010.520294772406,11660,58.3,9954,10046
40000,94,19955.959941516205,14378,71.89,19932,20068
60000,94,29863.117982326487,28486,142.43,30069,29931
80000,94,40147.21106970125,26533,132.66,39827,40173
100000,94,49945.818184778786,33459,167.29,50027,49973
2,95,0.9005544749115227,1,0.01,1,1
3,95,1.6202767170813241,2,0.01,1,2
100,95,50.99959686770833,58,0.29,49,51
200,95,108.33933304510637,101,0.51,97,103
2000,95,986.9754510713017,1086,5.43,1019,981
10000,95,4964.415136233196,4671,23.35,5026,4974
20000,95,9894.774128410354,8307,41.54,10123,9877
40000,95,20032.389304483637,12773,63.87,19977,20023
60000,95,29885.1386833378,28718,143.59,29927,30073
80000,95,39994.067036227236,31606,158.03,39917,40083
100000,95,49959.02334570528,39928,199.64,49854,50146
2,96,0.34564816817272637,1,0.01,2,0
3,96,1.7549462928608632,2,0.01,1,2
100,96,42.13976664732604,55,0.28,57,43
200,96,105.70658027502722,91,0.46,93,107
2000,96,983.06908112033,1263,6.31,1004,996
10000,96,5028.001993746976,3894,19.47,4960,5040
20000,96,9952.674008427373,8632,43.16,10019,9981
40000,96,19913.16320510874,15059,75.3,19983,20017
60000,96,29927.56421567375,20303,101.51,29994,30006
80000,96,39750.269211608094,31739,158.69,39888,40112
100000,96,49805.11288627265,39199,195.99,49970,50030
2,97,1.1608498176556818,1,0.01,1,1
3,97,2.5215982343691192,2,0.01,1,2
100,97,57.236567288369415,48,0.24,45,55
200,97,99.83866464634643,88,0.44,97,103
2000,97,1013.1909827939477,1034,5.17,979,1021
10000,97,5022.65681838825,4167,20.84,4925,5075
20000,97,9956.180838089325,11165,55.83,9978,10022
40000,97,19972.011408254522,18714,93.57,19899,20101
60000,97,29827.68370695652,27723,138.61,29951,30049
80000,97,39764.10895822652,38584,192.92,39964,40036
100000,97,49609.498665664694,46566,232.83,49934,50066
2,98,1.5753775090211977,1,0.01,1,1
3,98,2.0704687772050194,2,0.01,1,2
100,98,55.59311626358914,37,0.19,46,54
200,98,99.49235526685571,127,0.64,99,101
2000,98,969.248639343031,934,4.67,1028,972
10000,98,5009.505374219565,3787,18.94,4977,5023
20000,98,9923.153285226334,9257,46.29,9965,10035
40000,98,19865.544569972757,18283,91.41,20044,19956
60000,98,29805.400072648426,27231,136.15,30042,29958
80000,98,39863.93730319176,36266,181.33,40033,39967
100000,98,49937.39186708019,40846,204.23,49840,50160
2,99,0.1470431842075013,1,0.01,2,0
3,99,0.6372632907622073,2,0.01,2,1
100,99,41.88085509142424,51,0.26,61,39
200,99,107.45455599264892,111,0.56,98,102
2000,99,975.7041508860179,852,4.26,1020,980
10000,99,4966.988858328261,4530,22.65,4979,5021
20000,99,10147.593265896436,8803,44.02,9891,10109
40000,99,19757.788248691177,16941,84.7,20187,19813
60000,99,29972.87202972721,20736,103.68,29965,30035
80000,99,39687.179349597,33076,165.38,40145,39855
100000,99,49719.725344270955,37292,186.46,49903,50097
2,100,1.063370585980335,1,0.01,1,1
3,100,2.2683030009607523,2,0.01,1,2
100,100,56.529226955974245,40,0.2,44,56
200,100,90.30550974440679,93,0.47,107,93
2000,100,977.736381799964,940,4.7,1005,995
10000,100,5071.146541663634,5005,25.02,4868,5132
20000,100,9836.22962434953,9266,46.33,10097,9903
40000,100,19863.183791861487,14266,71.33,20047,19953
60000,100,29685.531190665508,28926,144.63,30066,29934
80000,100,39687.94188401733,33737,168.68,40178,39822
100000,100,49856.859779867606,36489,182.44,49917,50083
