Timestep,Iteration,Total Reward,Suboptimal Arms,Total Regret,Zeros Count,Ones Count
2,1,1.709081843687517,1,0.01,1,1
3,1,2.6133080353495224,2,0.01,2,1
100,1,88.39408700228819,63,0.32,57,43
200,1,180.9252400985796,128,0.64,97,103
2000,1,1805.3882054524288,1008,5.04,1008,992
10000,1,9016.29382887951,3603,18.02,4968,5032
20000,1,17966.457453012423,7517,37.59,9993,10007
40000,1,35946.609297565155,19428,97.14,19900,20100
60000,1,53918.35520318026,25831,129.15,29951,30049
80000,1,71772.00396519441,27875,139.37,40153,39847
100000,1,89872.81292304167,37936,189.68,49834,50166
2,2,1.8065452132214346,1,0.01,1,1
3,2,3.0758880226371863,2,0.01,1,2
100,2,93.65733922306725,63,0.32,48,52
200,2,174.70878837082756,117,0.59,106,94
2000,2,1812.1691836614534,950,4.75,977,1023
10000,2,8993.92973567253,5953,29.76,5007,4993
20000,2,17879.65186915042,10566,52.83,10084,9916
40000,2,35838.98281188469,17700,88.5,20131,19869
60000,2,54003.232108017284,24079,120.39,29759,30241
80000,2,71737.03192053232,34752,173.76,40051,39949
100000,2,89861.38402982256,38487,192.43,49880,50120
2,3,2.473715657990202,1,0.01,0,2
3,3,3.3723064429636795,2,0.01,1,2
100,3,88.10903675253367,59,0.3,53,47
200,3,180.3332648378734,108,0.54,96,104
2000,3,1825.801526557575,896,4.48,945,1055
10000,3,8998.046898060056,5305,26.52,4964,5036
20000,3,17939.115203422843,9774,48.87,10069,9931
40000,3,35895.87820798689,21520,107.6,19953,20047
60000,3,53862.78108973596,24141,120.7,29986,30014
80000,3,71829.55420537693,30438,152.19,39949,40051
100000,3,89792.1442918197,35094,175.47,50157,49843
2,4,1.3577529402762973,1,0.01,2,0
3,4,2.4777877473672714,2,0.01,2,1
100,4,89.13234762375649,60,0.3,46,54
200,4,183.03669628970678,113,0.57,94,106
2000,4,1801.1655693298635,1134,5.67,1024,976
10000,4,8987.725603986477,3803,19.02,5017,4983
20000,4,17907.412788166414,8208,41.04,10063,9937
40000,4,35955.23287636701,16101,80.5,19885,20115
60000,4,53888.03144182516,24886,124.43,29955,30045
80000,4,71904.69204941532,33063,165.31,40025,39975
100000,4,89813.85823147462,42701,213.5,50035,49965
2,5,1.5250060836647,1,0.01,1,1
3,5,2.5924822962090834,2,0.01,2,1
100,5,88.19104303323589,63,0.32,57,43
200,5,179.8940484162912,101,0.51,101,99
2000,5,1800.2305161347215,1102,5.51,989,1011
10000,5,8983.559871232888,5126,25.63,5014,4986
20000,5,17894.869308870133,8132,40.66,10059,9941
40000,5,35909.6582216403,16458,82.29,20048,19952
60000,5,53840.8690427313,25167,125.83,30092,29908
80000,5,71909.28732901903,28775,143.87,39948,40052
100000,5,89763.4166701962,43558,217.79,50141,49859
2,6,1.4077688403913653,1,0.01,2,0
3,6,2.5896042880577745,2,0.01,2,1
100,6,96.57204930209636,59,0.3,43,57
200,6,183.4976785106361,87,0.44,95,105
2000,6,1811.703785996503,824,4.12,984,1016
10000,6,8976.24655975213,4798,23.99,4954,5046
20000,6,17977.183176436454,8028,40.14,9965,10035
40000,6,35856.92464013695,19899,99.49,19973,20027
60000,6,53942.20218077596,21702,108.51,30111,29889
80000,6,71813.44538427024,28749,143.74,40200,39800
100000,6,89697.54762618394,44921,224.6,50008,49992
2,7,1.9661995202850346,1,0.01,1,1
3,7,2.450952251505635,2,0.01,2,1
100,7,91.30689642516532,48,0.24,48,52
200,7,179.3583668523844,90,0.45,106,94
2000,7,1796.8174516309653,975,4.87,1004,996
10000,7,9047.500740773952,5206,26.03,4905,5095
20000,7,17900.56980891698,9475,47.38,10017,9983
40000,7,35999.333750782076,12387,61.94,19953,20047
60000,7,53842.65612854252,19657,98.28,30099,29901
80000,7,71934.89956891455,35137,175.68,39831,40169
100000,7,89839.7182045713,31558,157.79,50032,49968
2,8,1.1758556132969697,1,0.01,2,0
3,8,2.9746886256680876,2,0.01,1,2
100,8,93.91520070499713,63,0.32,41,59
200,8,173.67769715272755,82,0.41,106,94
2000,8,1807.3797965457716,951,4.75,979,1021
10000,8,8960.241891468337,3669,18.35,5018,4982
20000,8,17944.50931481998,8599,43.0,10035,9965
40000,8,35947.999605527046,18860,94.3,19877,20123
60000,8,53925.77819389014,24665,123.32,29955,30045
80000,8,71841.07150174759,31117,155.58,40001,39999
100000,8,89890.17594299815,38730,193.65,50061,49939
2,9,2.526739718755203,1,0.01,0,2
3,9,3.0865146073344283,2,0.01,1,2
100,9,91.14372542142708,56,0.28,44,56
200,9,167.99565833740579,121,0.61,121,79
2000,9,1808.7881624468432,978,4.89,995,1005
10000,9,8981.466959220004,5190,25.95,5014,4986
20000,9,17930.900501692842,9109,45.55,10022,9978
40000,9,35844.48239142953,14758,73.79,20150,19850
60000,9,53911.362474401096,21512,107.56,30064,29936
80000,9,71922.19732038693,36285,181.42,39758,40242
100000,9,89796.83010839726,39347,196.73,50113,49887
2,10,2.160211339969547,1,0.01,1,1
3,10,2.721951586227288,2,0.01,1,2
100,10,90.81719927240063,37,0.19,52,48
200,10,178.9786656066708,69,0.35,97,103
2000,10,1798.3114430329751,1067,5.33,1004,996
10000,10,8965.768495249802,4489,22.44,5016,4984
20000,10,18065.568458202793,7574,37.87,9859,10141
40000,10,35917.02041016814,15343,76.72,20125,19875
60000,10,53992.8639572418,27577,137.88,29857,30143
80000,10,71879.10229299296,33212,166.06,40025,39975
100000,10,89786.76226529335,46479,232.39,49980,50020
2,11,1.3785829009796404,1,0.01,2,0
3,11,2.3624373717590084,2,0.01,3,0
100,11,86.57439890796957,42,0.21,53,47
200,11,179.2415425894323,96,0.48,107,93
2000,11,1818.846667173789,1168,5.84,986,1014
10000,11,8945.575661561044,5133,25.66,4981,5019
20000,11,17951.946735845497,8829,44.15,9990,10010
40000,11,35958.90651753957,18077,90.38,19849,20151
60000,11,53703.44688520023,28147,140.73,30301,29699
80000,11,71915.52645649048,33790,168.95,39974,40026
100000,11,89933.51082763112,36770,183.85,49990,50010
2,12,1.6810387935384434,1,0.01,2,0
3,12,3.0397078795983323,2,0.01,1,2
100,12,91.91730600576564,54,0.27,43,57
200,12,180.06225199986395,93,0.47,100,100
2000,12,1822.606324389781,808,4.04,955,1045
10000,12,8972.69352685184,5011,25.05,5021,4979
20000,12,17910.21940811589,10580,52.9,9993,10007
40000,12,35893.4808014815,18940,94.7,20113,19887
60000,12,53890.04085644986,26996,134.98,29914,30086
80000,12,71785.4163698527,33877,169.38,40162,39838
100000,12,89687.6142260381,40052,200.26,50278,49722
2,13,2.0205121638244066,1,0.01,1,1
3,13,3.1373996205202825,2,0.01,1,2
100,13,87.47362401750864,52,0.26,54,46
200,13,175.18678161284117,73,0.37,105,95
2000,13,1805.6906248698722,1047,5.23,985,1015
10000,13,8987.61002289167,4934,24.67,4988,5012
20000,13,18022.261446672488,8034,40.17,9900,10100
40000,13,35905.34938408021,16398,81.99,20036,19964
60000,13,53889.680735429356,21470,107.35,29871,30129
80000,13,71791.97945075472,32411,162.05,39963,40037
100000,13,89804.40875954716,41837,209.18,50125,49875
2,14,1.4806209437874025,1,0.01,1,1
3,14,2.158903665260894,2,0.01,3,0
100,14,86.71880295552202,37,0.19,61,39
200,14,186.92088031952284,129,0.65,86,114
2000,14,1790.2933193689187,1121,5.6,1020,980
10000,14,8930.095747782536,4255,21.28,5085,4915
20000,14,17944.297244786936,10211,51.06,9943,10057
40000,14,35937.75502449016,16132,80.66,19890,20110
60000,14,53839.29764150867,22833,114.16,30162,29838
80000,14,71866.68296976891,31116,155.58,39914,40086
100000,14,89638.68331004136,44289,221.44,50300,49700
2,15,1.0275099397658258,1,0.01,2,0
3,15,3.556530450889654,2,0.01,0,3
100,15,89.58928471202655,50,0.25,53,47
200,15,179.29697737409984,125,0.63,96,104
2000,15,1812.3368200380253,1118,5.59,950,1050
10000,15,8993.545538183285,3406,17.03,4985,5015
20000,15,18044.93591734776,9200,46.0,9886,10114
40000,15,35913.037085817356,13917,69.59,20040,19960
60000,15,53769.48670768188,22450,112.25,30168,29832
80000,15,71843.54532225586,30310,151.55,40081,39919
100000,15,89851.55845289299,31449,157.24,50108,49892
2,16,2.118984975651327,1,0.01,0,2
3,16,2.635624083654602,2,0.01,1,2
100,16,93.81351559723333,47,0.24,42,58
200,16,173.21074989634957,93,0.47,106,94
2000,16,1796.361815041903,812,4.06,1015,985
10000,16,8930.962138016479,4980,24.9,5073,4927
20000,16,17927.255263926403,9931,49.66,9951,10049
40000,16,35954.40770656253,17426,87.13,19905,20095
60000,16,53755.83592162492,24747,123.73,30078,29922
80000,16,71886.1507454131,33937,169.68,40004,39996
100000,16,89746.00002362793,43692,218.46,50117,49883
2,17,1.8261384640079061,1,0.01,1,1
3,17,2.867092460480111,2,0.01,2,1
100,17,92.10622560735666,52,0.26,45,55
200,17,184.47451311164113,112,0.56,95,105
2000,17,1788.9320538494858,946,4.73,997,1003
10000,17,8979.281038888927,2954,14.77,5020,4980
20000,17,17931.144925320797,8679,43.4,10035,9965
40000,17,36024.07221414977,15089,75.45,19788,20212
60000,17,53787.56556080918,25605,128.02,30169,29831
80000,17,71734.2970833341,33057,165.28,40109,39891
100000,17,89930.3076385385,34016,170.08,49879,50121
2,18,1.7972540580844234,1,0.01,1,1
3,18,2.6433198585819624,2,0.01,2,1
100,18,89.55508857979243,61,0.31,51,49
200,18,185.76279196215643,108,0.54,87,113
2000,18,1775.4995438916349,852,4.26,1009,991
10000,18,9015.968369899563,4565,22.82,4969,5031
20000,18,17970.666410848164,7959,39.8,9976,10024
40000,18,35811.71856798297,17246,86.23,20133,19867
60000,18,53827.02633189745,26579,132.89,30044,29956
80000,18,71819.40855261237,31221,156.1,40085,39915
100000,18,89917.45182843863,32489,162.44,49882,50118
2,19,1.0994531408029475,1,0.01,2,0
3,19,2.4971884785792953,2,0.01,2,1
100,19,89.18432331772537,58,0.29,49,51
200,19,178.1515926734142,111,0.56,99,101
2000,19,1818.0577346958141,1041,5.2,965,1035
10000,19,8972.20191056285,4552,22.76,5033,4967
20000,19,17990.218343217573,8061,40.31,10017,9983
40000,19,35850.85098549397,15093,75.47,20106,19894
60000,19,53859.38824342898,25404,127.02,30056,29944
80000,19,72006.26294746442,30554,152.77,39853,40147
100000,19,89908.06458904878,29197,145.98,50013,49987
2,20,1.4926636233807278,1,0.01,1,1
3,20,3.314621454987071,2,0.01,0,3
100,20,94.12670941127976,37,0.19,43,57
200,20,177.51790178631546,107,0.54,97,103
2000,20,1787.742044613531,665,3.32,1015,985
10000,20,8996.577238979851,5234,26.17,4982,5018
20000,20,17918.5196971924,9700,48.5,9987,10013
40000,20,36031.18419135616,14241,71.21,19819,20181
60000,20,53946.2156986476,23680,118.4,29919,30081
80000,20,71881.27810249853,30412,152.06,39901,40099
100000,20,89861.16965678264,42779,213.89,49937,50063
2,21,2.227042194705554,1,0.01,1,1
3,21,2.397711646354283,2,0.01,1,2
100,21,88.34155210361986,52,0.26,51,49
200,21,177.66944514959047,147,0.74,104,96
2000,21,1784.5349375415308,1166,5.83,1004,996
10000,21,8989.227266467524,4586,22.93,4952,5048
20000,21,17982.458086008,7556,37.78,9983,10017
40000,21,35932.12022860143,12881,64.41,20066,19934
60000,21,53874.01718753996,18709,93.54,29908,30092
80000,21,71795.15551738703,29609,148.04,40115,39885
100000,21,89542.68233734931,38756,193.78,50286,49714
2,22,1.729596941899664,1,0.01,1,1
3,22,2.132587265879919,2,0.01,3,0
100,22,96.10437285632261,42,0.21,42,58
200,22,184.89098249869315,120,0.6,92,108
2000,22,1789.3727062748435,1156,5.78,982,1018
10000,22,9044.432669174419,4297,21.49,4913,5087
20000,22,17916.52089007495,8692,43.46,10151,9849
40000,22,35927.403243004104,14311,71.56,20062,19938
60000,22,53897.888296779056,21111,105.55,30045,29955
80000,22,71791.57050067889,31801,159.0,40061,39939
100000,22,89659.61091546925,47462,237.31,50177,49823
2,23,2.1389650913116873,1,0.01,0,2
3,23,2.912992983536504,2,0.01,1,2
100,23,86.69581962765761,52,0.26,55,45
200,23,180.03563128841054,108,0.54,109,91
2000,23,1809.506148741862,1081,5.4,984,1016
10000,23,9001.432709397923,4379,21.89,4955,5045
20000,23,17963.62106264507,9368,46.84,9948,10052
40000,23,35989.14580828044,18850,94.25,19898,20102
60000,23,53770.07326777625,26937,134.68,30133,29867
80000,23,71814.01108034338,29031,145.15,40174,39826
100000,23,89871.18961125243,32868,164.34,49944,50056
2,24,2.4172046007627115,1,0.01,0,2
3,24,2.0877404224314553,2,0.01,2,1
100,24,92.60742275096219,49,0.25,49,51
200,24,180.77861202226805,99,0.5,105,95
2000,24,1787.9179854413478,912,4.56,1023,977
10000,24,8959.296365461123,4828,24.14,5063,4937
20000,24,17994.225423951037,8541,42.71,9918,10082
40000,24,35898.506856896754,18316,91.58,20069,19931
60000,24,53811.14626493598,26484,132.42,30055,29945
80000,24,71906.64479319897,31000,155.0,39929,40071
100000,24,89855.27209691847,36237,181.18,49874,50126
2,25,1.7265799131924453,1,0.01,1,1
3,25,3.0483328432759933,2,0.01,1,2
100,25,89.7447668010573,53,0.27,51,49
200,25,179.99329716633133,143,0.72,95,105
2000,25,1814.6338214480916,840,4.2,999,1001
10000,25,8948.673046377586,4068,20.34,4988,5012
20000,25,17959.677019494142,9914,49.57,9951,10049
40000,25,35904.00253176521,19573,97.86,19971,20029
60000,25,53926.547422598174,23302,116.51,29895,30105
80000,25,71891.45597167905,37000,185.0,39820,40180
100000,25,89858.88214940562,30233,151.16,49881,50119
2,26,1.8031143163892907,1,0.01,1,1
3,26,2.6757386707815507,2,0.01,1,2
100,26,95.67897201701216,57,0.29,37,63
200,26,183.1848526163316,80,0.4,98,102
2000,26,1801.262272718516,957,4.78,967,1033
10000,26,9000.872375600497,4968,24.84,4959,5041
20000,26,17914.163348549748,10150,50.75,10085,9915
40000,26,35895.95850055911,17506,87.53,19949,20051
60000,26,53947.37637131179,24935,124.67,29952,30048
80000,26,71738.75340811347,30895,154.47,40261,39739
100000,26,89904.41209183415,32162,160.81,49812,50188
2,27,2.3754978326850265,1,0.01,0,2
3,27,1.925999250808655,2,0.01,2,1
100,27,87.79610481375582,57,0.29,52,48
200,27,178.7834220132823,123,0.62,108,92
2000,27,1790.4448138958358,938,4.69,1031,969
10000,27,9012.170176115009,4281,21.41,4905,5095
20000,27,17928.08747439728,9392,46.96,9914,10086
40000,27,35908.08350712792,17910,89.55,20030,19970
60000,27,53971.36246741074,23270,116.35,29888,30112
80000,27,71860.27755182318,34587,172.93,40116,39884
100000,27,89746.69732570846,43380,216.9,50070,49930
2,28,1.4703924866534162,1,0.01,1,1
3,28,3.498024944029311,2,0.01,1,2
100,28,95.01322259147125,42,0.21,36,64
200,28,176.06892967501253,102,0.51,103,97
2000,28,1797.4419615492743,798,3.99,999,1001
10000,28,8994.983952933542,5272,26.36,4979,5021
20000,28,17975.257364092224,8078,40.39,9997,10003
40000,28,35996.30457763405,18712,93.56,19820,20180
60000,28,53837.69463984645,29076,145.38,29938,30062
80000,28,71926.25904233132,24411,122.05,39877,40123
100000,28,89803.20565939513,30203,151.01,50163,49837
2,29,1.240877216771426,1,0.01,2,0
3,29,2.9570465582545227,2,0.01,2,1
100,29,93.21728749252273,37,0.19,48,52
200,29,180.9266558168857,85,0.43,103,97
2000,29,1791.2152924870857,785,3.92,1012,988
10000,29,8922.993182651131,4235,21.18,5086,4914
20000,29,17921.592675688775,9490,47.45,10042,9958
40000,29,36017.90661712021,13244,66.22,19782,20218
60000,29,53763.50769318425,28991,144.95,30187,29813
80000,29,71697.56380198698,28334,141.67,40251,39749
100000,29,89672.49613233093,43591,217.95,50060,49940
2,30,1.790477047993083,1,0.01,1,1
3,30,2.6715130833716114,2,0.01,2,1
100,30,88.44642557763332,62,0.31,52,48
200,30,187.6811009703031,103,0.52,97,103
2000,30,1799.2921292957944,1019,5.09,998,1002
10000,30,8950.45795581634,4942,24.71,5054,4946
20000,30,17920.68016250877,11083,55.42,10093,9907
40000,30,35952.87173537025,21688,108.44,19944,20056
60000,30,53780.15723162294,22564,112.82,30134,29866
80000,30,71829.41604223468,30191,150.95,40043,39957
100000,30,89764.82906844432,36863,184.31,49842,50158
2,31,1.8324625887577315,1,0.01,1,1
3,31,2.6226970586968004,2,0.01,1,2
100,31,85.25913388480514,56,0.28,55,45
200,31,184.57882942582737,94,0.47,94,106
2000,31,1779.028893071073,1030,5.15,1007,993
10000,31,8976.089814597397,5421,27.1,5017,4983
20000,31,18012.85141529042,6687,33.43,9955,10045
40000,31,35806.74172671616,18275,91.37,20079,19921
60000,31,53811.59970992749,27991,139.95,30014,29986
80000,31,71857.87043895778,35749,178.74,40014,39986
100000,31,89903.60432631962,44452,222.26,49768,50232
2,32,1.3487927070413561,1,0.01,2,0
3,32,2.152252241637535,2,0.01,2,1
100,32,89.20456515318602,63,0.32,51,49
200,32,178.7586136161964,120,0.6,106,94
2000,32,1809.547197003291,1008,5.04,991,1009
10000,32,8986.85534324603,4438,22.19,4982,5018
20000,32,18057.474016328768,8534,42.67,9810,10190
40000,32,35762.292156365795,24920,124.6,20198,19802
60000,32,54009.246551009295,18747,93.73,29870,30130
80000,32,71917.78212779798,30905,154.52,39984,40016
100000,32,89929.95955561452,40643,203.21,49671,50329
2,33,1.508750294894227,1,0.01,1,1
3,33,2.7094002743284884,2,0.01,2,1
100,33,91.74489313983838,51,0.26,45,55
200,33,183.5106134787498,136,0.68,94,106
2000,33,1779.5305186231892,1029,5.14,1033,967
10000,33,9002.873025420145,5373,26.86,4976,5024
20000,33,17902.44485766355,8902,44.51,10115,9885
40000,33,35861.65396836182,14242,71.21,20083,19917
60000,33,53817.68389128524,26300,131.5,30135,29865
80000,33,71838.43629139986,31025,155.12,40099,39901
100000,33,89827.10309534922,32538,162.69,50215,49785
2,34,2.121085365248157,1,0.01,0,2
3,34,2.7525192055040897,2,0.01,1,2
100,34,88.76062143270623,43,0.22,56,44
200,34,175.5782895986015,87,0.44,108,92
2000,34,1779.1657986160667,1162,5.81,1032,968
10000,34,8969.022002810889,3791,18.96,5026,4974
20000,34,17955.99571478533,7371,36.86,10006,9994
40000,34,35923.58424639765,19199,95.99,19979,20021
60000,34,53843.26496734735,25653,128.26,30042,29958
80000,34,71834.5559034586,33225,166.12,39861,40139
100000,34,89869.10226234494,45366,226.83,49891,50109
2,35,1.7752954532439575,1,0.01,1,1
3,35,2.2492239764434077,2,0.01,1,2
100,35,91.15860440685827,57,0.29,47,53
200,35,171.99339983617264,109,0.55,113,87
2000,35,1786.6860750605445,1104,5.52,991,1009
10000,35,9046.569705597347,4558,22.79,4899,5101
20000,35,17926.07007133093,10035,50.18,10019,9981
40000,35,36003.2611515769,23671,118.35,19839,20161
60000,35,53929.672844545734,24690,123.45,29916,30084
80000,35,71871.2745269718,35604,178.02,39987,40013
100000,35,89775.48444346194,36405,182.02,50137,49863
2,36,2.1621642925730953,1,0.01,0,2
3,36,2.2853951945400826,2,0.01,2,1
100,36,91.09235893998382,41,0.21,46,54
200,36,186.71052940454973,62,0.31,95,105
2000,36,1790.014280164428,1032,5.16,1014,986
10000,36,8987.790555664738,4376,21.88,4974,5026
20000,36,17922.739303268358,9237,46.19,9934,10066
40000,36,35922.52138495889,18553,92.76,19957,20043
60000,36,53973.01560546484,24403,122.01,29871,30129
80000,36,71754.4874827026,30340,151.7,40225,39775
100000,36,89960.13645431484,46201,231.0,49785,50215
2,37,1.9248360689083004,1,0.01,1,1
3,37,2.8429790073807784,2,0.01,1,2
100,37,87.74593615754006,46,0.23,55,45
200,37,179.49888821460914,96,0.48,92,108
2000,37,1785.8169991146049,1032,5.16,1020,980
10000,37,8930.304324032633,4140,20.7,4990,5010
20000,37,17961.470933632132,8363,41.82,9999,10001
40000,37,35988.76078439452,16487,82.43,19944,20056
60000,37,53990.04003129241,23704,118.52,29843,30157
80000,37,71789.77482059182,28737,143.68,40191,39809
100000,37,89730.96283901941,37125,185.62,50138,49862
2,38,1.6274896259113472,1,0.01,1,1
3,38,3.0193005112689697,2,0.01,1,2
100,38,98.47230210084011,41,0.21,39,61
200,38,179.68557346789362,82,0.41,100,100
2000,38,1804.321411037581,754,3.77,986,1014
10000,38,9022.822141308712,3983,19.92,4990,5010
20000,38,17979.356379449477,9902,49.51,9933,10067
40000,38,35812.31666955389,14528,72.64,20169,19831
60000,38,53953.635829866376,24996,124.98,29930,30070
80000,38,71778.26369548788,28945,144.72,40137,39863
100000,38,89711.69038877472,30353,151.76,50185,49815
2,39,1.317393993198758,1,0.01,2,0
3,39,3.160410347841526,2,0.01,1,2
100,39,92.42348772160751,37,0.19,47,53
200,39,178.36840522713723,145,0.73,100,100
2000,39,1786.6516216169794,919,4.59,1015,985
10000,39,8949.647129463941,4664,23.32,4999,5001
20000,39,17949.846760839373,7882,39.41,10021,9979
40000,39,35859.85129941104,15773,78.87,20061,19939
60000,39,53857.48157660182,27062,135.31,29795,30205
80000,39,71764.10049055108,25858,129.29,40177,39823
100000,39,89831.8338719056,41244,206.22,49813,50187
2,40,2.0809032860492875,1,0.01,0,2
3,40,3.438177926109841,2,0.01,1,2
100,40,89.86645565985701,38,0.19,52,48
200,40,177.48659713723282,131,0.66,98,102
2000,40,1799.4874417070723,1126,5.63,994,1006
10000,40,8947.960868015694,4252,21.26,5020,4980
20000,40,17980.375889219016,8301,41.51,9952,10048
40000,40,35876.67335892765,16528,82.64,20118,19882
60000,40,54025.863095288376,26471,132.35,29753,30247
80000,40,71920.22698099077,26937,134.68,40049,39951
100000,40,89936.09064591331,35083,175.41,50041,49959
2,41,2.108938770851883,1,0.01,1,1
3,41,2.758101692843553,2,0.01,1,2
100,41,92.1444490415803,48,0.24,55,45
200,41,183.21833598024705,99,0.5,90,110
2000,41,1795.8151017988425,855,4.27,993,1007
10000,41,8956.321746053547,5387,26.93,5022,4978
20000,41,18028.782606613066,9548,47.74,9876,10124
40000,41,35947.592964318705,14231,71.16,19973,20027
60000,41,53928.0662032657,22467,112.33,29991,30009
80000,41,71741.1949143951,31586,157.93,40246,39754
100000,41,89793.01906876049,39200,196.0,50037,49963
2,42,1.5986832692739026,1,0.01,1,1
3,42,3.0989928120359536,2,0.01,1,2
100,42,91.09053244407453,42,0.21,51,49
200,42,175.5301382840911,109,0.55,99,101
2000,42,1793.1745445133124,825,4.12,1002,998
10000,42,8985.229035299406,4828,24.14,5039,4961
20000,42,17934.582411794523,8287,41.44,10040,9960
40000,42,35904.661825439594,20166,100.83,20025,19975
60000,42,53925.32241348834,24153,120.76,29916,30084
80000,42,71762.78403267614,40732,203.66,39813,40187
100000,42,89628.52452068258,33558,167.79,50286,49714
2,43,1.9755422843690642,1,0.01,1,1
3,43,2.8445462540818944,2,0.01,2,1
100,43,82.95873985444562,48,0.24,55,45
200,43,174.26820968398863,94,0.47,107,93
2000,43,1785.9513335188246,1217,6.08,1012,988
10000,43,8988.344188885858,3782,18.91,5047,4953
20000,43,17924.314500040895,10399,52.0,9993,10007
40000,43,35963.526002388135,18872,94.36,20054,19946
60000,43,53728.96908310809,23002,115.01,30235,29765
80000,43,71864.84243967981,31466,157.33,40016,39984
100000,43,89634.68171517507,32214,161.07,50255,49745
2,44,2.17399471413363,1,0.01,1,1
3,44,1.892846565073539,2,0.01,3,0
100,44,88.65547253784737,60,0.3,50,50
200,44,184.95285878964506,90,0.45,99,101
2000,44,1790.368009634429,787,3.93,1018,982
10000,44,9038.383002756624,4782,23.91,4900,5100
20000,44,17984.44194144202,8506,42.53,9994,10006
40000,44,35883.28340708989,14715,73.58,20010,19990
60000,44,54014.207005464516,22314,111.57,29931,30069
80000,44,71952.4568155849,34331,171.65,39851,40149
100000,44,89676.08846977964,44795,223.97,50155,49845
2,45,1.4452297348973882,1,0.01,2,0
3,45,2.681355890444199,2,0.01,2,1
100,45,89.34490028837426,54,0.27,51,49
200,45,181.40972926201528,122,0.61,95,105
2000,45,1799.4551480969901,944,4.72,975,1025
10000,45,9036.41403429626,4791,23.95,4888,5112
20000,45,17988.585675139188,9579,47.9,9945,10055
40000,45,35874.640784007475,16413,82.06,20028,19972
60000,45,53942.77210028837,19376,96.88,30021,29979
80000,45,71979.01960680903,26283,131.41,39788,40212
100000,45,89954.84315342092,35934,179.67,49879,50121
2,46,1.432421129298083,1,0.01,2,0
3,46,2.501278773442623,2,0.01,2,1
100,46,92.43040411091388,53,0.27,49,51
200,46,173.96700132629167,78,0.39,102,98
2000,46,1791.0746507617914,865,4.32,1015,985
10000,46,8984.804728805095,3976,19.88,5034,4966
20000,46,17922.305474053723,10086,50.43,10025,9975
40000,46,35962.1772039963,13042,65.21,19938,20062
60000,46,53962.22852778071,19974,99.87,29979,30021
80000,46,71794.5487209174,37340,186.7,40062,39938
100000,46,89697.39295612648,32775,163.87,50193,49807
2,47,0.7062958872874101,1,0.01,2,0
3,47,2.266610479895791,2,0.01,2,1
100,47,85.15294710699754,37,0.19,51,49
200,47,186.89698093906685,78,0.39,96,104
2000,47,1797.2147308743122,1177,5.88,997,1003
10000,47,9006.617355769593,4964,24.82,4925,5075
20000,47,17948.276463457707,7759,38.8,9997,10003
40000,47,35959.17418677224,18096,90.48,19840,20160
60000,47,53928.277378434504,28053,140.26,29932,30068
80000,47,71935.29684847272,25792,128.96,39875,40125
100000,47,89934.240950543,40045,200.22,49768,50232
2,48,2.052751580299731,1,0.01,1,1
3,48,3.0226426548616008,2,0.01,1,2
100,48,94.53303678901891,44,0.22,40,60
200,48,174.70816888707049,128,0.64,106,94
2000,48,1777.8482976398611,975,4.87,1014,986
10000,48,9033.777379849153,3895,19.48,4934,5066
20000,48,17985.65216974616,10240,51.2,9976,10024
40000,48,36001.643899874514,16776,83.88,19961,20039
60000,48,53879.565359810644,26770,133.85,29890,30110
80000,48,71764.41521755139,30402,152.01,40109,39891
100000,48,89878.91063963053,42423,212.11,49913,50087
2,49,1.7203635319127444,1,0.01,1,1
3,49,3.2354564393084027,2,0.01,0,3
100,49,95.42847651211987,48,0.24,51,49
200,49,179.8833019964327,120,0.6,98,102
2000,49,1819.4796952204072,768,3.84,965,1035
10000,49,8998.904094966214,5510,27.55,4972,5028
20000,49,18001.965414949053,8475,42.38,9926,10074
40000,49,35947.57542739863,19301,96.5,20065,19935
60000,49,53931.95187910161,26406,132.03,29786,30214
80000,49,71928.79250448731,27860,139.3,39945,40055
100000,49,89917.48344722079,32106,160.53,49897,50103
2,50,2.0776973921396884,1,0.01,0,2
3,50,2.8058332591334363,2,0.01,1,2
100,50,90.72752090489773,44,0.22,47,53
200,50,179.2405941728687,105,0.53,93,107
2000,50,1784.3564425835812,1002,5.01,1029,971
10000,50,8992.29364800316,4753,23.76,4952,5048
20000,50,17982.4324640794,8702,43.51,9983,10017
40000,50,36001.4266675847,10815,54.08,19891,20109
60000,50,53768.54572229875,20460,102.3,30185,29815
80000,50,71909.13850991773,28867,144.33,39896,40104
100000,50,89697.6475106334,44983,224.91,49916,50084
2,51,1.4753815398219716,1,0.01,1,1
3,51,2.4031810439787042,2,0.01,1,2
100,51,93.2218704282417,50,0.25,48,52
200,51,173.71007731936626,124,0.62,101,99
2000,51,1791.690613435329,921,4.6,998,1002
10000,51,8961.499436730332,5163,25.81,4976,5024
20000,51,17931.36045784024,7638,38.19,10018,9982
40000,51,35894.10270101701,15472,77.36,20012,19988
60000,51,53840.24083414718,23573,117.86,30103,29897
80000,51,71768.85398476258,36370,181.85,39913,40087
100000,51,89601.64484006309,43267,216.33,50292,49708
2,52,1.9431284493812147,1,0.01,1,1
3,52,3.356425301098092,2,0.01,2,1
100,52,90.3171663246961,63,0.32,52,48
200,52,176.58041696916618,87,0.44,106,94
2000,52,1786.2032853940584,933,4.66,1013,987
10000,52,9006.581477308973,4360,21.8,4971,5029
20000,52,17887.94476230175,9379,46.9,10028,9972
40000,52,35947.31369817539,17904,89.52,19945,20055
60000,52,53881.612186863735,24031,120.15,29829,30171
80000,52,71939.56803965797,33046,165.23,39899,40101
100000,52,89838.1378826002,27395,136.97,50027,49973
2,53,1.64447884466594,1,0.01,1,1
3,53,2.189028401206865,2,0.01,2,1
100,53,93.48995716998613,44,0.22,44,56
200,53,179.89661590715812,113,0.57,96,104
2000,53,1781.8809864318575,1072,5.36,1022,978
10000,53,9032.306851325726,4783,23.91,4907,5093
20000,53,17981.17232693996,8223,41.12,9977,10023
40000,53,35881.749313341614,13868,69.34,19975,20025
60000,53,53800.45182253313,25593,127.96,30064,29936
80000,53,71734.87013082615,37230,186.15,40134,39866
100000,53,89714.06998094788,28929,144.64,50279,49721
2,54,2.125000368027765,1,0.01,1,1
3,54,2.033176250888968,2,0.01,2,1
100,54,86.79810026793592,37,0.19,54,46
200,54,180.7832740110267,71,0.36,93,107
2000,54,1773.5383488124994,929,4.64,1023,977
10000,54,9019.896777730439,5530,27.65,4923,5077
20000,54,17955.11730800101,10021,50.11,10028,9972
40000,54,35993.02820259201,19309,96.54,19954,20046
60000,54,53912.04886202715,18821,94.1,29914,30086
80000,54,71871.75084795851,33746,168.73,39976,40024
100000,54,89785.75965394493,40969,204.84,49943,50057
2,55,0.45656277774910803,1,0.01,2,0
3,55,2.9531102537715146,2,0.01,1,2
100,55,86.74234859651288,49,0.25,54,46
200,55,182.62881445354984,104,0.52,98,102
2000,55,1793.4845743612577,714,3.57,981,1019
10000,55,8968.027269289692,4657,23.28,5020,4980
20000,55,17952.903058713568,8405,42.03,9952,10048
40000,55,35916.47581768129,18410,92.05,19953,20047
60000,55,53986.29384444721,22813,114.06,29852,30148
80000,55,71824.62403861535,30793,153.96,40016,39984
100000,55,89895.99554390005,39069,195.34,49888,50112
2,56,1.840971213409131,1,0.01,1,1
3,56,2.692994933996924,2,0.01,2,1
100,56,86.64558079432688,52,0.26,51,49
200,56,179.51662709642332,109,0.55,101,99
2000,56,1791.6172276742445,968,4.84,1007,993
10000,56,8940.075763094785,3799,19.0,5026,4974
20000,56,17953.58931422296,9388,46.94,9996,10004
40000,56,35821.89708579396,20355,101.77,20054,19946
60000,56,53855.035257722564,20109,100.54,30016,29984
80000,56,71959.7083433952,20566,102.83,39969,40031
100000,56,89651.13604875658,40355,201.77,50408,49592
2,57,1.0776357851687353,1,0.01,2,0
3,57,3.217317471293433,2,0.01,0,3
100,57,93.07066432002033,55,0.28,46,54
200,57,175.69718705488268,84,0.42,106,94
2000,57,1768.4822192684833,977,4.88,1045,955
10000,57,8974.728525270179,5198,25.99,5045,4955
20000,57,17896.591063001535,9478,47.39,10080,9920
40000,57,35997.45945241582,14449,72.25,20004,19996
60000,57,53895.20237047455,24569,122.84,29922,30078
80000,57,71862.82329291415,32558,162.79,40140,39860
100000,57,89793.57459811741,39947,199.73,49931,50069
2,58,1.897747874327473,1,0.01,1,1
3,58,3.0123341255299163,2,0.01,1,2
100,58,95.02454776859351,55,0.28,42,58
200,58,187.37992565879574,109,0.55,95,105
2000,58,1776.2620247629623,1258,6.29,998,1002
10000,58,8973.796626157808,4924,24.62,4976,5024
20000,58,17868.14093713732,9830,49.15,10087,9913
40000,58,35919.56600500086,15689,78.45,19987,20013
60000,58,53809.77052383229,19551,97.75,30080,29920
80000,58,71810.25697864729,31165,155.82,40058,39942
100000,58,89772.27810900666,37730,188.65,50152,49848
2,59,1.2608586686027674,1,0.01,2,0
3,59,2.7371333492567977,2,0.01,1,2
100,59,84.99154960186208,60,0.3,58,42
200,59,174.4427919633568,80,0.4,109,91
2000,59,1808.4877161168467,945,4.72,971,1029
10000,59,8925.395984324687,3963,19.82,5017,4983
20000,59,18001.018055739405,9400,47.0,9947,10053
40000,59,35855.19138085629,12871,64.36,20124,19876
60000,59,54051.31486831968,22524,112.62,29886,30114
80000,59,71818.45434092375,28642,143.21,39937,40063
100000,59,89676.5301306454,32185,160.92,50252,49748
2,60,1.621326713556876,1,0.01,2,0
3,60,2.0861366380568365,2,0.01,2,1
100,60,94.57398963421686,52,0.26,47,53
200,60,174.17432142169406,79,0.4,113,87
2000,60,1781.6339749021977,786,3.93,1015,985
10000,60,8955.325753296866,4789,23.94,5069,4931
20000,60,17954.351070044257,9740,48.7,9982,10018
40000,60,35920.06034137345,17557,87.78,20038,19962
60000,60,53887.33168640274,24705,123.52,29904,30096
80000,60,71918.35521982751,33634,168.17,39875,40125
100000,60,89970.52379795111,38580,192.9,49713,50287
2,61,1.6078851743491673,1,0.01,1,1
3,61,2.0945514841038384,2,0.01,3,0
100,61,84.47009087798294,40,0.2,58,42
200,61,177.3490272906559,80,0.4,100,100
2000,61,1807.2487836863697,909,4.54,970,1030
10000,61,8988.310656391466,4387,21.93,4937,5063
20000,61,17927.977875277305,8163,40.82,10033,9967
40000,61,35878.23032244217,21272,106.36,20024,19976
60000,61,53797.15765395128,27575,137.87,30061,29939
80000,61,71844.51083549802,25646,128.23,40096,39904
100000,61,89694.33888432395,38626,193.13,50196,49804
2,62,1.3635698583467466,1,0.01,2,0
3,62,2.717333451867975,2,0.01,2,1
100,62,91.1438596003992,37,0.19,47,53
200,62,174.9342395507142,114,0.57,109,91
2000,62,1774.2438759554225,709,3.54,1055,945
10000,62,9002.570187691235,4811,24.05,4972,5028
20000,62,17899.191239001284,11552,57.76,10059,9941
40000,62,36010.73324560921,20026,100.13,19896,20104
60000,62,53843.32910707897,24349,121.74,30025,29975
80000,62,71721.93412527411,38768,193.84,40211,39789
100000,62,89924.34089315338,32380,161.9,49847,50153
2,63,1.9117606962546285,1,0.01,1,1
3,63,2.9584769471830814,2,0.01,1,2
100,63,88.42657203680106,46,0.23,54,46
200,63,182.86227855134234,108,0.54,98,102
2000,63,1790.9580936261088,911,4.55,975,1025
10000,63,8987.123005816067,4748,23.74,5016,4984
20000,63,17985.29495646805,8119,40.6,10009,9991
40000,63,36015.443140515665,15709,78.55,19905,20095
60000,63,53695.95684243445,29050,145.25,30235,29765
80000,63,71913.55122459153,26960,134.8,39884,40116
100000,63,89776.16373053394,32410,162.05,50021,49979
2,64,2.6753746628807384,1,0.01,0,2
3,64,2.4499138574826014,2,0.01,2,1
100,64,89.74511821807431,47,0.24,46,54
200,64,182.91686793340642,98,0.49,96,104
2000,64,1800.942086418452,858,4.29,988,1012
10000,64,8998.602529498441,3910,19.55,4971,5029
20000,64,17937.96738885925,9150,45.75,9996,10004
40000,64,35875.23164797766,17751,88.75,19962,20038
60000,64,53783.792412611925,29862,149.31,30083,29917
80000,64,71778.34370557703,30095,150.47,40088,39912
100000,64,89828.65821755868,36611,183.05,49815,50185
2,65,1.6666194221814614,1,0.01,1,1
3,65,2.860107192975592,2,0.01,2,1
100,65,88.4038144418393,37,0.19,53,47
200,65,176.4637841895779,110,0.55,105,95
2000,65,1797.9333334480373,1106,5.53,973,1027
10000,65,8931.93441470877,4492,22.46,5108,4892
20000,65,17962.995627325065,12268,61.34,9931,10069
40000,65,35941.35653453794,15995,79.97,20001,19999
60000,65,53828.324807653305,29095,145.47,29995,30005
80000,65,71910.98534744955,33877,169.38,39938,40062
100000,65,89761.69023504654,35922,179.61,49978,50022
2,66,2.084011624478882,1,0.01,1,1
3,66,3.577121221903721,2,0.01,1,2
100,66,94.87575380060453,63,0.32,48,52
200,66,179.12558246732138,134,0.67,98,102
2000,66,1783.3145542912573,1166,5.83,1022,978
10000,66,8956.179680177967,4616,23.08,5041,4959
20000,66,17953.55004691621,8460,42.3,9967,10033
40000,66,35838.70177535698,17758,88.79,20116,19884
60000,66,53878.583480462694,17574,87.87,29974,30026
80000,66,71750.40618803685,32772,163.86,40140,39860
100000,66,89574.4230663574,38804,194.02,50295,49705
2,67,1.2417046690785867,1,0.01,2,0
3,67,3.123988889371348,2,0.01,1,2
100,67,88.90305576165176,55,0.28,50,50
200,67,185.69040742322284,117,0.59,93,107
2000,67,1838.8014303658167,805,4.02,958,1042
10000,67,9043.86528382201,4170,20.85,4917,5083
20000,67,18032.01799395353,8970,44.85,9974,10026
40000,67,35829.86625958166,16148,80.74,20196,19804
60000,67,53907.13510086426,19927,99.63,29936,30064
80000,67,71942.7132915112,26707,133.53,39919,40081
100000,67,89714.96313418605,33593,167.96,50289,49711
2,68,1.5766360919542874,1,0.01,1,1
3,68,2.5781486719452733,2,0.01,2,1
100,68,93.80996847683375,56,0.28,47,53
200,68,177.1384707161371,90,0.45,103,97
2000,68,1793.0622016322081,868,4.34,1004,996
10000,68,8957.024618273059,5067,25.33,5047,4953
20000,68,17955.54462464969,9577,47.89,10003,9997
40000,68,35788.47034638631,16531,82.65,20181,19819
60000,68,53765.33767140073,24192,120.96,30271,29729
80000,68,71823.53718452033,24802,124.01,40039,39961
100000,68,89706.45539398976,36161,180.8,50117,49883
2,69,2.2559974895582586,1,0.01,0,2
3,69,2.5618011912625103,2,0.01,1,2
100,69,88.78309221027584,50,0.25,43,57
200,69,186.84227564806667,87,0.44,92,108
2000,69,1794.4262233702154,1191,5.95,993,1007
10000,69,8988.807523883035,5479,27.39,4973,5027
20000,69,17882.917460236276,9253,46.27,10107,9893
40000,69,35913.20762751686,21305,106.52,20023,19977
60000,69,53743.96857691592,22816,114.08,30199,29801
80000,69,71675.13113348003,30931,154.65,40150,39850
100000,69,89907.15647262716,36023,180.11,49873,50127
2,70,1.7789906905084194,1,0.01,1,1
3,70,3.4103634658653474,2,0.01,1,2
100,70,88.64712402104021,40,0.2,53,47
200,70,176.41898679162645,85,0.43,108,92
2000,70,1804.7041758806279,834,4.17,987,1013
10000,70,8951.673233673622,4493,22.46,5050,4950
20000,70,17981.09931304607,9569,47.85,9991,10009
40000,70,35836.71274098042,16027,80.13,20167,19833
60000,70,53750.04526856838,30421,152.1,30050,29950
80000,70,71848.77502104043,26500,132.5,39985,40015
100000,70,89772.48636522367,48963,244.81,50107,49893
2,71,2.0816773127067894,1,0.01,0,2
3,71,2.3564813558094624,2,0.01,2,1
100,71,95.53618107590732,54,0.27,40,60
200,71,188.97344778886747,98,0.49,88,112
2000,71,1800.6955011070409,1075,5.37,1002,998
10000,71,8946.124027449954,5119,25.59,5034,4966
20000,71,17915.211349684916,7897,39.49,10000,10000
40000,71,35962.41073178621,14648,73.24,19961,20039
60000,71,53958.534332898795,24897,124.48,29892,30108
80000,71,71899.10373346164,34953,174.76,39927,40073
100000,71,89781.763009945,38172,190.86,50082,49918
2,72,1.2330895390663537,1,0.01,2,0
3,72,2.3471237056322516,2,0.01,2,1
100,72,90.51393048075562,37,0.19,48,52
200,72,181.01053938294086,91,0.46,94,106
2000,72,1790.3202318183087,1156,5.78,997,1003
10000,72,8972.535051612991,4988,24.94,5014,4986
20000,72,17957.974857070356,7995,39.98,9989,10011
40000,72,35902.293846338885,17911,89.55,20094,19906
60000,72,53929.62595007919,24319,121.59,29984,30016
80000,72,71998.68458648291,30767,153.83,39718,40282
100000,72,89665.02721026052,44887,224.43,50234,49766
2,73,1.5597943027490393,1,0.01,1,1
3,73,2.7645293343972033,2,0.01,2,1
100,73,92.5574261689044,61,0.31,42,58
200,73,178.96946765706153,94,0.47,98,102
2000,73,1798.3396625002915,1084,5.42,961,1039
10000,73,8964.273801345345,4509,22.54,5032,4968
20000,73,17958.92517077271,8589,42.95,10035,9965
40000,73,35972.808896638875,15547,77.74,19986,20014
60000,73,54028.28613838715,23899,119.49,29895,30105
80000,73,71741.2910279969,30603,153.01,40057,39943
100000,73,89824.08386882729,39041,195.2,50009,49991
2,74,1.3879074394534063,1,0.01,2,0
3,74,2.7207598478459594,2,0.01,1,2
100,74,88.29623221762016,55,0.28,51,49
200,74,184.4964045191162,90,0.45,88,112
2000,74,1796.2527348757678,916,4.58,1002,998
10000,74,8976.166696187856,4097,20.49,4980,5020
20000,74,17930.249349498776,10215,51.08,10091,9909
40000,74,35811.97905477695,18107,90.53,20191,19809
60000,74,53875.292462604695,25659,128.29,30116,29884
80000,74,71712.85352561473,24195,120.97,40113,39887
100000,74,89731.30329837419,41062,205.31,50118,49882
2,75,1.3428943216659621,1,0.01,2,0
3,75,2.4748303704258285,2,0.01,2,1
100,75,89.7508856216508,52,0.26,49,51
200,75,186.69479226657572,109,0.55,88,112
2000,75,1781.6319373802385,1141,5.7,1039,961
10000,75,8998.594185429307,5214,26.07,5003,4997
20000,75,17969.023643484143,11079,55.4,9992,10008
40000,75,35946.50620067653,16342,81.71,20013,19987
60000,75,53842.475047499465,19297,96.48,30079,29921
80000,75,71910.05562469525,35732,178.66,39791,40209
100000,75,89691.82638802438,39428,197.14,50150,49850
2,76,2.480281059274758,1,0.01,0,2
3,76,2.643411258825092,2,0.01,2,1
100,76,84.98181536482151,55,0.28,60,40
200,76,176.4064491727441,86,0.43,105,95
2000,76,1820.2730829648924,932,4.66,949,1051
10000,76,8983.756799027831,5274,26.37,4984,5016
20000,76,17892.105726092268,8027,40.14,10051,9949
40000,76,35926.57633046903,15078,75.39,20017,19983
60000,76,53926.451000462104,29943,149.71,29963,30037
80000,76,71947.2872903047,32902,164.51,39905,40095
100000,76,89758.89498986086,36357,181.78,50000,50000
2,77,2.0404137234992663,1,0.01,1,1
3,77,2.7351710681713186,2,0.01,2,1
100,77,94.4770591014082,63,0.32,44,56
200,77,172.96227461081565,89,0.45,110,90
2000,77,1812.9632403538365,1136,5.68,974,1026
10000,77,8967.605883371234,4668,23.34,4974,5026
20000,77,17969.271179147974,6345,31.72,10012,9988
40000,77,35986.314698281094,16059,80.29,19859,20141
60000,77,53993.078136240074,23611,118.05,29878,30122
80000,77,71878.21041370256,34819,174.09,39926,40074
100000,77,89973.77523779898,37483,187.41,49761,50239
2,78,1.297893565171471,1,0.01,2,0
3,78,3.1629586692411227,2,0.01,1,2
100,78,89.24819182354148,63,0.32,44,56
200,78,178.32635506715076,94,0.47,106,94
2000,78,1816.7109454391755,981,4.9,961,1039
10000,78,8952.904003712498,5130,25.65,5069,4931
20000,78,17949.117884967938,8288,41.44,9951,10049
40000,78,35861.026945137026,19649,98.24,20028,19972
60000,78,53914.019056374695,25904,129.52,29860,30140
80000,78,71793.76439480505,31450,157.25,40160,39840
100000,78,89900.44083995414,34638,173.19,49940,50060
2,79,2.1114891445813475,1,0.01,1,1
3,79,3.202796097262315,2,0.01,0,3
100,79,87.49881983388144,53,0.27,56,44
200,79,179.62266656927684,112,0.56,97,103
2000,79,1790.1701151618824,957,4.78,1014,986
10000,79,8958.09154220366,3377,16.89,5005,4995
20000,79,17988.021068843387,9304,46.52,9920,10080
40000,79,35972.48745287599,12419,62.1,19828,20172
60000,79,53960.38069546055,29327,146.63,29873,30127
80000,79,71806.74009656622,36911,184.55,39979,40021
100000,79,89866.10485487011,39080,195.4,50051,49949
2,80,2.2228972206640605,1,0.01,1,1
3,80,2.2534392490079553,2,0.01,3,0
100,80,92.29060731286444,48,0.24,45,55
200,80,185.6591277765044,113,0.57,90,110
2000,80,1794.4792991943248,858,4.29,1021,979
10000,80,8977.099873148227,4959,24.79,4968,5032
20000,80,17931.143913613334,8442,42.21,10049,9951
40000,80,35770.934920896834,20198,100.99,20100,19900
60000,80,54003.03863339657,30471,152.35,29827,30173
80000,80,71915.34900895685,27123,135.61,39915,40085
100000,80,89846.26919937156,45204,226.02,49952,50048
2,81,1.972277443028836,1,0.01,1,1
3,81,2.7625880421163163,2,0.01,1,2
100,81,96.102453005849,37,0.19,42,58
200,81,177.1648346135232,69,0.35,102,98
2000,81,1777.3236590609415,732,3.66,1042,958
10000,81,8980.923626591519,5612,28.06,5052,4948
20000,81,18023.833156502922,11665,58.33,9899,10101
40000,81,35963.50965544065,12375,61.88,19978,20022
60000,81,53822.202169383534,23964,119.82,30084,29916
80000,81,71802.76566785555,25505,127.52,40190,39810
100000,81,89822.15560156728,44839,224.19,49908,50092
2,82,1.362519428218742,1,0.01,2,0
3,82,2.521411082366286,2,0.01,2,1
100,82,92.06696568831819,52,0.26,46,54
200,82,180.27979727270383,109,0.55,106,94
2000,82,1807.5362529018673,1102,5.51,1016,984
10000,82,8924.394417452875,4816,24.08,5094,4906
20000,82,18008.87118032432,9190,45.95,9939,10061
40000,82,35997.07877156375,14867,74.34,19910,20090
60000,82,53900.32775518262,25048,125.24,29956,30044
80000,82,71740.28258218241,29459,147.29,40207,39793
100000,82,89772.43506701852,36827,184.13,49825,50175
2,83,1.6759944009883654,1,0.01,1,1
3,83,2.48409743836074,2,0.01,1,2
100,83,90.93693528027961,63,0.32,41,59
200,83,181.5211788469927,106,0.53,101,99
2000,83,1739.7496703071852,1138,5.69,1071,929
10000,83,8958.38182096421,3551,17.76,5065,4935
20000,83,17942.103695564016,9217,46.09,10018,9982
40000,83,36024.3452004044,16125,80.62,19860,20140
60000,83,53898.096509493866,27940,139.7,29878,30122
80000,83,71749.02449652001,33520,167.6,40180,39820
100000,83,89734.24885707974,33643,168.21,50328,49672
2,84,1.5321706546654743,1,0.01,2,0
3,84,2.203711768104011,2,0.01,2,1
100,84,92.36981633555787,46,0.23,46,54
200,84,172.84399969510676,103,0.52,114,86
2000,84,1774.584048930545,887,4.43,1050,950
10000,84,8952.27204375709,5942,29.71,5001,4999
20000,84,18005.00557402814,7522,37.61,10042,9958
40000,84,35928.50046191978,15352,76.76,19993,20007
60000,84,53879.90426826656,26286,131.43,30055,29945
80000,84,71992.69155992942,31547,157.73,39834,40166
100000,84,89791.19783174963,32913,164.56,50114,49886
2,85,1.6085184047625058,1,0.01,1,1
3,85,1.8447402967705973,2,0.01,3,0
100,85,85.75494869559957,60,0.3,58,42
200,85,179.33246789629845,92,0.46,106,94
2000,85,1780.9967483903972,698,3.49,1012,988
10000,85,9009.398687972169,3920,19.6,4977,5023
20000,85,17898.166743299887,7336,36.68,10102,9898
40000,85,35955.74224293308,14627,73.14,20005,19995
60000,85,53884.099686209905,26112,130.56,30066,29934
80000,85,71778.45236871311,33792,168.96,40135,39865
100000,85,89866.82666190047,35017,175.08,49848,50152
2,86,2.028230897026309,1,0.01,1,1
3,86,3.214430629365789,2,0.01,0,3
100,86,89.67148479849645,45,0.23,44,56
200,86,183.12465960377105,119,0.6,102,98
2000,86,1786.9730305975525,1026,5.13,1011,989
10000,86,8959.254756149703,4942,24.71,5018,4982
20000,86,17908.007682250565,10591,52.96,10049,9951
40000,86,35948.35370984473,17990,89.95,19907,20093
60000,86,53771.80938403048,26250,131.25,30082,29918
80000,86,71788.9521490562,31658,158.29,40156,39844
100000,86,89679.472878843,40476,202.38,50008,49992
2,87,1.9792218226104605,1,0.01,0,2
3,87,2.305955295496404,2,0.01,3,0
100,87,92.10020515540963,48,0.24,49,51
200,87,177.33935992054074,80,0.4,96,104
2000,87,1783.861000196602,787,3.93,999,1001
10000,87,8970.126310046893,4049,20.25,5021,4979
20000,87,17989.28401472972,7886,39.43,9938,10062
40000,87,35956.3385814372,17327,86.63,19944,20056
60000,87,53870.368543544246,19130,95.65,30050,29950
80000,87,71738.75533668775,34619,173.09,39923,40077
100000,87,89890.14195914617,35664,178.32,49794,50206
2,88,2.3576786041829036,1,0.01,0,2
3,88,2.3650842917856956,2,0.01,3,0
100,88,89.82662719591724,47,0.24,52,48
200,88,178.6569009878635,112,0.56,104,96
2000,88,1794.042787802751,929,4.64,1011,989
10000,88,8898.9270497918,5015,25.07,5049,4951
20000,88,17926.590963636245,8047,40.24,10015,9985
40000,88,35874.55302121838,16743,83.71,20060,19940
60000,88,53907.481324892986,26942,134.71,29804,30196
80000,88,71776.65125225796,25827,129.13,40171,39829
100000,88,89942.94302699817,26070,130.35,49934,50066
2,89,1.3889059602215381,1,0.01,1,1
3,89,2.537026861555387,2,0.01,2,1
100,89,84.3759178322864,45,0.23,58,42
200,89,182.19094359784714,80,0.4,90,110
2000,89,1805.0074782794472,1100,5.5,999,1001
10000,89,9071.348947620223,4969,24.84,4906,5094
20000,89,17902.37555928084,9346,46.73,10013,9987
40000,89,36001.997036240835,14320,71.6,19933,20067
60000,89,53961.658367000025,20505,102.52,29960,30040
80000,89,71721.21505342516,29890,149.45,40133,39867
100000,89,89839.58690592146,36058,180.29,49987,50013
2,90,0.8955866528701037,1,0.01,2,0
3,90,2.4339579687488397,2,0.01,2,1
100,90,89.31450716154006,55,0.28,46,54
200,90,179.04930050204737,123,0.62,105,95
2000,90,1777.820283878663,1125,5.62,1022,978
10000,90,8974.689285602024,5104,25.52,5014,4986
20000,90,17991.447866776492,7938,39.69,9940,10060
40000,90,35919.797805278715,15327,76.64,19934,20066
60000,90,53992.14194615022,24796,123.98,29827,30173
80000,90,71760.9637173968,31735,158.67,40138,39862
100000,90,89868.57505742884,35423,177.11,49972,50028
2,91,1.1108004220467977,1,0.01,2,0
3,91,2.0187580163529084,2,0.01,3,0
100,91,91.03971124996201,62,0.31,52,48
200,91,186.8735067735436,58,0.29,94,106
2000,91,1812.1753638512125,1011,5.05,981,1019
10000,91,9016.135671500686,4625,23.12,4909,5091
20000,91,17972.375231282193,7990,39.95,10034,9966
40000,91,35870.24938582109,15040,75.2,20014,19986
60000,91,53836.31138299012,23857,119.28,30086,29914
80000,91,71751.4876674382,36011,180.05,40130,39870
100000,91,89604.86559553034,35164,175.82,50346,49654
2,92,1.6753617299758186,1,0.01,1,1
3,92,1.8900883166246758,2,0.01,3,0
100,92,88.43847375166872,39,0.2,53,47
200,92,187.3564635585463,70,0.35,89,111
2000,92,1772.4188360308522,1149,5.74,1032,968
10000,92,8990.79779325502,4519,22.59,4969,5031
20000,92,17928.240263181175,11117,55.59,10038,9962
40000,92,35975.407233693244,17936,89.68,19896,20104
60000,92,53861.09768937135,32900,164.5,29882,30118
80000,92,72000.02735398848,36368,181.84,39799,40201
100000,92,89796.29879856984,42779,213.89,49888,50112
2,93,2.4718762784578194,1,0.01,0,2
3,93,2.5458004256875673,2,0.01,3,0
100,93,90.15775775089259,43,0.22,51,49
200,93,178.82131415517463,104,0.52,95,105
2000,93,1773.5015204312901,921,4.6,1029,971
10000,93,8982.470634113732,4338,21.69,4997,5003
20000,93,17930.65235920353,8294,41.47,10016,9984
40000,93,35853.21717476333,15141,75.71,20071,19929
60000,93,53761.54682163714,28809,144.04,30213,29787
80000,93,71852.01258821877,32024,160.12,39902,40098
100000,93,89763.05992579983,40176,200.88,50185,49815
2,94,1.6791760852312627,1,0.01,2,0
3,94,3.3872415148406803,2,0.01,1,2
100,94,91.15652846550054,37,0.19,46,54
200,94,179.6708499079156,107,0.54,95,105
2000,94,1793.0307601416005,751,3.75,1012,988
10000,94,8962.527448143514,4728,23.64,4984,5016
20000,94,17938.745693690238,8446,42.23,10048,9952
40000,94,35791.52556939619,18484,92.42,20139,19861
60000,94,53790.46528908886,25421,127.1,30158,29842
80000,94,71749.18408568428,31163,155.81,40143,39857
100000,94,89687.82234148264,36275,181.37,50059,49941
2,95,1.8258754567021185,1,0.01,1,1
3,95,2.777099147397601,2,0.01,1,2
100,95,92.3452514127472,56,0.28,46,54
200,95,187.92323840003698,89,0.45,91,109
2000,95,1805.7467786005411,835,4.17,993,1007
10000,95,8949.893498252382,5311,26.55,5015,4985
20000,95,17900.224668897532,8599,43.0,10105,9895
40000,95,35934.24193533839,19683,98.41,20012,19988
60000,95,53946.00928313985,23865,119.32,29859,30141
80000,95,71892.47897920937,34389,171.94,39910,40090
100000,95,89666.55664996908,35540,177.7,50134,49866
2,96,2.2260208610935184,1,0.01,1,1
3,96,3.0506266877575112,2,0.01,1,2
100,96,91.59163569725858,49,0.25,43,57
200,96,173.48383908110685,89,0.45,108,92
2000,96,1782.4826093549577,1025,5.12,1026,974
10000,96,9012.893730361327,3556,17.78,4924,5076
20000,96,17905.13403759198,8540,42.7,10148,9852
40000,96,35958.92758893042,18596,92.98,20017,19983
60000,96,53869.67479692462,25739,128.69,30015,29985
80000,96,71872.61896312913,28728,143.64,40069,39931
100000,96,89753.74078542588,45323,226.61,50040,49960
2,97,1.3444415475214968,1,0.01,2,0
3,97,2.9083445443968916,2,0.01,1,2
100,97,91.9780124965986,39,0.2,40,60
200,97,172.93066468771215,104,0.52,114,86
2000,97,1791.6742464760102,971,4.85,1031,969
10000,97,9001.049989155195,4153,20.77,4970,5030
20000,97,17874.96971448396,8734,43.67,10086,9914
40000,97,35843.71496454938,16383,81.91,20032,19968
60000,97,53889.602542697605,23470,117.35,30046,29954
80000,97,71928.59639742551,31874,159.37,39855,40145
100000,97,89821.06842633325,39251,196.25,49953,50047
2,98,1.8212933722674984,1,0.01,0,2
3,98,2.0634315090080557,2,0.01,2,1
100,98,92.78058361203219,58,0.29,51,49
200,98,180.84136152449622,118,0.59,93,107
2000,98,1792.9711964420255,1200,6.0,1010,990
10000,98,8993.980867692384,4571,22.85,4912,5088
20000,98,17944.439114769673,10293,51.47,10019,9981
40000,98,35901.438957784645,18645,93.22,20123,19877
60000,98,53977.95185428866,19103,95.51,29924,30076
80000,98,71813.20252461507,32546,162.73,40163,39837
100000,98,89713.87536410274,44941,224.7,50139,49861
2,99,1.7930389422759907,1,0.01,1,1
3,99,2.788249370004129,2,0.01,1,2
100,99,90.85286889985527,44,0.22,47,53
200,99,184.42181037575486,97,0.49,90,110
2000,99,1811.579775108118,849,4.24,981,1019
10000,99,8981.975454435793,4561,22.8,5015,4985
20000,99,17961.484977640386,9487,47.44,9960,10040
40000,99,36007.37503878102,16150,80.75,19921,20079
60000,99,53765.13853026499,25765,128.82,30311,29689
80000,99,71808.39637613209,33057,165.28,39893,40107
100000,99,89692.06084070474,42939,214.69,50087,49913
2,100,1.8905223829996887,1,0.01,1,1
3,100,2.657973019977982,2,0.01,2,1
100,100,92.64448692542506,55,0.28,51,49
200,100,175.16728289604416,133,0.67,104,96
2000,100,1794.0190362690055,1094,5.47,991,1009
10000,100,8983.159460948158,5099,25.49,4959,5041
20000,100,17976.886792795496,9545,47.73,9950,10050
40000,100,35956.13660865973,19308,96.54,19853,20147
60000,100,53852.107793521616,26861,134.3,30120,29880
80000,100,71838.31163589904,28215,141.07,40167,39833
100000,100,89901.9962276168,40164,200.82,49946,50054
