Timestep,Iteration,Total Reward,Suboptimal Arms,Total Regret,Zeros Count,Ones Count
2,1,2.0,1,0.01,0,2
3,1,3.0,1,0.01,0,3
100,1,86.0,46,0.23,14,86
200,1,177.0,94,0.47,23,177
2000,1,1805.0,963,4.81,195,1805
10000,1,8970.0,4501,22.5,1030,8970
20000,1,17947.0,7955,39.78,2053,17947
40000,1,35964.0,15457,77.29,4036,35964
60000,1,53953.0,18056,90.28,6047,53953
80000,1,72059.0,21270,106.35,7941,72059
100000,1,90014.0,21904,109.52,9986,90014
2,2,2.0,1,0.01,0,2
3,2,3.0,1,0.01,0,3
100,2,89.0,51,0.26,11,89
200,2,174.0,100,0.5,26,174
2000,2,1793.0,858,4.29,207,1793
10000,2,8948.0,3273,16.37,1052,8948
20000,2,17947.0,8111,40.56,2053,17947
40000,2,35946.0,13128,65.64,4054,35946
60000,2,53933.0,17825,89.12,6067,53933
80000,2,71912.0,21270,106.35,8088,71912
100000,2,89932.0,27463,137.31,10068,89932
2,3,2.0,1,0.01,0,2
3,3,2.0,1,0.01,1,2
100,3,91.0,50,0.25,9,91
200,3,179.0,101,0.51,21,179
2000,3,1793.0,897,4.48,207,1793
10000,3,8975.0,3941,19.71,1025,8975
20000,3,17889.0,8061,40.31,2111,17889
40000,3,35830.0,20948,104.74,4170,35830
60000,3,53758.0,24931,124.65,6242,53758
80000,3,71758.0,27540,137.7,8242,71758
100000,3,89702.0,27699,138.49,10298,89702
2,4,2.0,1,0.01,0,2
3,4,3.0,1,0.01,0,3
100,4,93.0,50,0.25,7,93
200,4,185.0,99,0.5,15,185
2000,4,1792.0,1011,5.05,208,1792
10000,4,8975.0,5897,29.48,1025,8975
20000,4,17965.0,10758,53.79,2035,17965
40000,4,35958.0,20438,102.19,4042,35958
60000,4,53959.0,32911,164.55,6041,53959
80000,4,71951.0,36731,183.65,8049,71951
100000,4,89961.0,41038,205.19,10039,89961
2,5,2.0,1,0.01,0,2
3,5,3.0,1,0.01,0,3
100,5,92.0,48,0.24,8,92
200,5,183.0,94,0.47,17,183
2000,5,1820.0,907,4.53,180,1820
10000,5,9028.0,3379,16.9,972,9028
20000,5,18052.0,4764,23.82,1948,18052
40000,5,35970.0,12716,63.58,4030,35970
60000,5,53889.0,17198,85.99,6111,53889
80000,5,71920.0,18758,93.79,8080,71920
100000,5,89845.0,23344,116.72,10155,89845
2,6,2.0,1,0.01,0,2
3,6,3.0,1,0.01,0,3
100,6,86.0,52,0.26,14,86
200,6,180.0,105,0.53,20,180
2000,6,1784.0,1167,5.83,216,1784
10000,6,8973.0,4368,21.84,1027,8973
20000,6,17940.0,7664,38.32,2060,17940
40000,6,35855.0,15090,75.45,4145,35855
60000,6,53787.0,21698,108.49,6213,53787
80000,6,71846.0,22493,112.46,8154,71846
100000,6,89867.0,22493,112.46,10133,89867
2,7,1.0,1,0.01,1,1
3,7,2.0,1,0.01,1,2
100,7,79.0,45,0.23,21,79
200,7,168.0,81,0.41,32,168
2000,7,1782.0,713,3.56,218,1782
10000,7,8976.0,4375,21.87,1024,8976
20000,7,17975.0,7796,38.98,2025,17975
40000,7,35954.0,10547,52.74,4046,35954
60000,7,54032.0,12022,60.11,5968,54032
80000,7,72081.0,13862,69.31,7919,72081
100000,7,90081.0,15709,78.55,9919,90081
2,8,2.0,1,0.01,0,2
3,8,3.0,1,0.01,0,3
100,8,91.0,48,0.24,9,91
200,8,178.0,100,0.5,22,178
2000,8,1794.0,892,4.46,206,1794
10000,8,9005.0,2475,12.38,995,9005
20000,8,17944.0,6946,34.73,2056,17944
40000,8,35943.0,9965,49.83,4057,35943
60000,8,53929.0,15285,76.43,6071,53929
80000,8,71934.0,15929,79.65,8066,71934
100000,8,89990.0,18275,91.37,10010,89990
2,9,1.0,1,0.01,1,1
3,9,1.0,1,0.01,2,1
100,9,88.0,52,0.26,12,88
200,9,172.0,111,0.56,28,172
2000,9,1791.0,1035,5.17,209,1791
10000,9,9017.0,3716,18.58,983,9017
20000,9,18005.0,8386,41.93,1995,18005
40000,9,35913.0,16588,82.94,4087,35913
60000,9,53892.0,19339,96.69,6108,53892
80000,9,72006.0,19471,97.35,7994,72006
100000,9,89987.0,20645,103.22,10013,89987
2,10,1.0,1,0.01,1,1
3,10,2.0,2,0.01,1,2
100,10,92.0,50,0.25,8,92
200,10,178.0,96,0.48,22,178
2000,10,1784.0,905,4.52,216,1784
10000,10,8970.0,3786,18.93,1030,8970
20000,10,17941.0,8090,40.45,2059,17941
40000,10,35897.0,12736,63.68,4103,35897
60000,10,53948.0,16143,80.71,6052,53948
80000,10,71960.0,16180,80.9,8040,71960
100000,10,89962.0,22982,114.91,10038,89962
2,11,2.0,1,0.01,0,2
3,11,3.0,1,0.01,0,3
100,11,93.0,50,0.25,7,93
200,11,185.0,101,0.51,15,185
2000,11,1791.0,829,4.14,209,1791
10000,11,9004.0,3711,18.56,996,9004
20000,11,18032.0,6146,30.73,1968,18032
40000,11,35973.0,12052,60.26,4027,35973
60000,11,53939.0,13763,68.82,6061,53939
80000,11,71898.0,16272,81.36,8102,71898
100000,11,89887.0,18764,93.82,10113,89887
2,12,2.0,1,0.01,0,2
3,12,3.0,1,0.01,0,3
100,12,94.0,49,0.25,6,94
200,12,180.0,95,0.48,20,180
2000,12,1792.0,874,4.37,208,1792
10000,12,9018.0,4974,24.87,982,9018
20000,12,17999.0,9560,47.8,2001,17999
40000,12,35929.0,17682,88.41,4071,35929
60000,12,53900.0,23393,116.96,6100,53900
80000,12,71891.0,30725,153.62,8109,71891
100000,12,89846.0,36799,183.99,10154,89846
2,13,2.0,1,0.01,0,2
3,13,3.0,1,0.01,0,3
100,13,84.0,47,0.24,16,84
200,13,171.0,89,0.45,29,171
2000,13,1767.0,859,4.29,233,1767
10000,13,8982.0,2982,14.91,1018,8982
20000,13,17928.0,6899,34.49,2072,17928
40000,13,35961.0,7729,38.65,4039,35961
60000,13,54002.0,12128,60.64,5998,54002
80000,13,71919.0,14936,74.68,8081,71919
100000,13,90051.0,15599,78.0,9949,90051
2,14,1.0,1,0.01,1,1
3,14,2.0,1,0.01,1,2
100,14,87.0,47,0.24,13,87
200,14,173.0,97,0.49,27,173
2000,14,1778.0,878,4.39,222,1778
10000,14,8975.0,3240,16.2,1025,8975
20000,14,17954.0,5931,29.65,2046,17954
40000,14,35947.0,9378,46.89,4053,35947
60000,14,53952.0,10063,50.32,6048,53952
80000,14,71912.0,14104,70.52,8088,71912
100000,14,89949.0,16832,84.16,10051,89949
2,15,2.0,1,0.01,0,2
3,15,3.0,1,0.01,0,3
100,15,84.0,45,0.23,16,84
200,15,176.0,96,0.48,24,176
2000,15,1799.0,842,4.21,201,1799
10000,15,8994.0,5328,26.64,1006,8994
20000,15,17955.0,8728,43.64,2045,17955
40000,15,35934.0,18939,94.69,4066,35934
60000,15,53814.0,25004,125.02,6186,53814
80000,15,71751.0,33867,169.33,8249,71751
100000,15,89666.0,44422,222.11,10334,89666
2,16,2.0,1,0.01,0,2
3,16,3.0,1,0.01,0,3
100,16,85.0,51,0.26,15,85
200,16,170.0,101,0.51,30,170
2000,16,1793.0,998,4.99,207,1793
10000,16,8976.0,4344,21.72,1024,8976
20000,16,17957.0,6738,33.69,2043,17957
40000,16,35940.0,12692,63.46,4060,35940
60000,16,53901.0,15049,75.25,6099,53901
80000,16,71871.0,19326,96.63,8129,71871
100000,16,89914.0,21700,108.5,10086,89914
2,17,2.0,1,0.01,0,2
3,17,3.0,1,0.01,0,3
100,17,88.0,48,0.24,12,88
200,17,177.0,92,0.46,23,177
2000,17,1790.0,939,4.69,210,1790
10000,17,8999.0,4317,21.58,1001,8999
20000,17,17994.0,9257,46.29,2006,17994
40000,17,35968.0,14134,70.67,4032,35968
60000,17,53981.0,16086,80.43,6019,53981
80000,17,71946.0,20637,103.18,8054,71946
100000,17,89980.0,21979,109.89,10020,89980
2,18,2.0,1,0.01,0,2
3,18,3.0,1,0.01,0,3
100,18,86.0,52,0.26,14,86
200,18,174.0,105,0.53,26,174
2000,18,1774.0,1049,5.24,226,1774
10000,18,8997.0,3827,19.14,1003,8997
20000,18,17973.0,8494,42.47,2027,17973
40000,18,35995.0,12354,61.77,4005,35995
60000,18,53983.0,18806,94.03,6017,53983
80000,18,72020.0,20829,104.14,7980,72020
100000,18,90037.0,23111,115.55,9963,90037
2,19,2.0,1,0.01,0,2
3,19,3.0,1,0.01,0,3
100,19,89.0,52,0.26,11,89
200,19,174.0,112,0.56,26,174
2000,19,1769.0,852,4.26,231,1769
10000,19,8895.0,3410,17.05,1105,8895
20000,19,17865.0,8625,43.13,2135,17865
40000,19,35845.0,18695,93.47,4155,35845
60000,19,53819.0,22258,111.29,6181,53819
80000,19,71702.0,29237,146.18,8298,71702
100000,19,89718.0,32494,162.47,10282,89718
2,20,2.0,1,0.01,0,2
3,20,3.0,1,0.01,0,3
100,20,93.0,50,0.25,7,93
200,20,181.0,98,0.49,19,181
2000,20,1801.0,810,4.05,199,1801
10000,20,8958.0,4142,20.71,1042,8958
20000,20,17936.0,9092,45.46,2064,17936
40000,20,35940.0,14024,70.12,4060,35940
60000,20,54000.0,15925,79.63,6000,54000
80000,20,72010.0,20621,103.1,7990,72010
100000,20,89950.0,24158,120.79,10050,89950
2,21,2.0,1,0.01,0,2
3,21,3.0,1,0.01,0,3
100,21,86.0,54,0.27,14,86
200,21,176.0,102,0.51,24,176
2000,21,1739.0,1038,5.19,261,1739
10000,21,8927.0,5732,28.66,1073,8927
20000,21,17898.0,8440,42.2,2102,17898
40000,21,35900.0,14762,73.81,4100,35900
60000,21,53868.0,17869,89.34,6132,53868
80000,21,71829.0,21983,109.91,8171,71829
100000,21,89829.0,23629,118.14,10171,89829
2,22,2.0,1,0.01,0,2
3,22,3.0,1,0.01,0,3
100,22,97.0,46,0.23,3,97
200,22,182.0,100,0.5,18,182
2000,22,1790.0,925,4.62,210,1790
10000,22,8965.0,4729,23.64,1035,8965
20000,22,17947.0,7195,35.97,2053,17947
40000,22,35847.0,13172,65.86,4153,35847
60000,22,53753.0,23959,119.79,6247,53753
80000,22,71738.0,26068,130.34,8262,71738
100000,22,89704.0,29209,146.04,10296,89704
2,23,2.0,1,0.01,0,2
3,23,3.0,1,0.01,0,3
100,23,91.0,49,0.25,9,91
200,23,174.0,105,0.53,26,174
2000,23,1760.0,1283,6.41,240,1760
10000,23,8890.0,4902,24.51,1110,8890
20000,23,17849.0,6909,34.54,2151,17849
40000,23,35833.0,9319,46.6,4167,35833
60000,23,53732.0,14983,74.92,6268,53732
80000,23,71680.0,15618,78.09,8320,71680
100000,23,89677.0,19744,98.72,10323,89677
2,24,2.0,1,0.01,0,2
3,24,3.0,1,0.01,0,3
100,24,91.0,52,0.26,9,91
200,24,177.0,98,0.49,23,177
2000,24,1792.0,793,3.96,208,1792
10000,24,8976.0,2343,11.72,1024,8976
20000,24,17960.0,5353,26.76,2040,17960
40000,24,36026.0,7162,35.81,3974,36026
60000,24,53925.0,9442,47.21,6075,53925
80000,24,71955.0,10991,54.96,8045,71955
100000,24,89977.0,12506,62.53,10023,89977
2,25,1.0,1,0.01,1,1
3,25,2.0,1,0.01,1,2
100,25,90.0,46,0.23,10,90
200,25,177.0,95,0.48,23,177
2000,25,1830.0,938,4.69,170,1830
10000,25,9050.0,3883,19.42,950,9050
20000,25,18044.0,5896,29.48,1956,18044
40000,25,36031.0,11415,57.08,3969,36031
60000,25,54024.0,17624,88.12,5976,54024
80000,25,72078.0,18462,92.31,7922,72078
100000,25,90041.0,20497,102.48,9959,90041
2,26,1.0,1,0.01,1,1
3,26,1.0,2,0.01,2,1
100,26,86.0,50,0.25,14,86
200,26,179.0,102,0.51,21,179
2000,26,1783.0,1037,5.18,217,1783
10000,26,8979.0,4008,20.04,1021,8979
20000,26,17971.0,7227,36.14,2029,17971
40000,26,35858.0,14151,70.76,4142,35858
60000,26,53812.0,17189,85.94,6188,53812
80000,26,71829.0,18832,94.16,8171,71829
100000,26,89893.0,19023,95.11,10107,89893
2,27,2.0,1,0.01,0,2
3,27,2.0,1,0.01,1,2
100,27,91.0,53,0.27,9,91
200,27,182.0,107,0.54,18,182
2000,27,1786.0,987,4.93,214,1786
10000,27,8997.0,4618,23.09,1003,8997
20000,27,18005.0,6893,34.46,1995,18005
40000,27,36028.0,12074,60.37,3972,36028
60000,27,54051.0,14531,72.66,5949,54051
80000,27,72091.0,16971,84.85,7909,72091
100000,27,90104.0,18236,91.18,9896,90104
2,28,2.0,1,0.01,0,2
3,28,3.0,1,0.01,0,3
100,28,87.0,51,0.26,13,87
200,28,176.0,100,0.5,24,176
2000,28,1776.0,908,4.54,224,1776
10000,28,8998.0,2421,12.11,1002,8998
20000,28,17932.0,5820,29.1,2068,17932
40000,28,35945.0,10498,52.49,4055,35945
60000,28,53926.0,15286,76.43,6074,53926
80000,28,71928.0,17397,86.98,8072,71928
100000,28,89951.0,23330,116.65,10049,89951
2,29,2.0,1,0.01,0,2
3,29,3.0,1,0.01,0,3
100,29,93.0,51,0.26,7,93
200,29,189.0,103,0.52,11,189
2000,29,1801.0,1116,5.58,199,1801
10000,29,8968.0,4197,20.99,1032,8968
20000,29,17914.0,8864,44.32,2086,17914
40000,29,35905.0,11538,57.69,4095,35905
60000,29,53897.0,13941,69.71,6103,53897
80000,29,71876.0,18648,93.24,8124,71876
100000,29,89892.0,19298,96.49,10108,89892
2,30,2.0,1,0.01,0,2
3,30,3.0,1,0.01,0,3
100,30,91.0,50,0.25,9,91
200,30,186.0,100,0.5,14,186
2000,30,1820.0,1142,5.71,180,1820
10000,30,8990.0,4075,20.38,1010,8990
20000,30,17986.0,7731,38.66,2014,17986
40000,30,36001.0,13929,69.65,3999,36001
60000,30,54044.0,16501,82.5,5956,54044
80000,30,72047.0,19515,97.57,7953,72047
100000,30,90022.0,23521,117.6,9978,90022
2,31,2.0,1,0.01,0,2
3,31,3.0,1,0.01,0,3
100,31,88.0,53,0.27,12,88
200,31,179.0,102,0.51,21,179
2000,31,1776.0,1178,5.89,224,1776
10000,31,9024.0,2843,14.22,976,9024
20000,31,17948.0,5003,25.01,2052,17948
40000,31,35861.0,10945,54.73,4139,35861
60000,31,53845.0,13836,69.18,6155,53845
80000,31,71879.0,14467,72.34,8121,71879
100000,31,89864.0,16244,81.22,10136,89864
2,32,2.0,1,0.01,0,2
3,32,3.0,1,0.01,0,3
100,32,88.0,50,0.25,12,88
200,32,177.0,101,0.51,23,177
2000,32,1806.0,1069,5.34,194,1806
10000,32,9017.0,4083,20.42,983,9017
20000,32,17994.0,8830,44.15,2006,17994
40000,32,35929.0,15844,79.22,4071,35929
60000,32,53921.0,25176,125.88,6079,53921
80000,32,71852.0,34755,173.77,8148,71852
100000,32,89842.0,39779,198.89,10158,89842
2,33,2.0,1,0.01,0,2
3,33,3.0,1,0.01,0,3
100,33,94.0,50,0.25,6,94
200,33,184.0,109,0.55,16,184
2000,33,1784.0,1267,6.33,216,1784
10000,33,8995.0,4705,23.52,1005,8995
20000,33,17990.0,8647,43.24,2010,17990
40000,33,36031.0,11985,59.93,3969,36031
60000,33,53933.0,15602,78.01,6067,53933
80000,33,71952.0,20211,101.05,8048,71952
100000,33,89858.0,22560,112.8,10142,89858
2,34,2.0,1,0.01,0,2
3,34,2.0,1,0.01,1,2
100,34,88.0,45,0.23,12,88
200,34,179.0,86,0.43,21,179
2000,34,1832.0,742,3.71,168,1832
10000,34,8997.0,3261,16.31,1003,8997
20000,34,17952.0,5015,25.07,2048,17952
40000,34,36003.0,9862,49.31,3997,36003
60000,34,54080.0,10498,52.49,5920,54080
80000,34,72054.0,14737,73.69,7946,72054
100000,34,90082.0,17576,87.88,9918,90082
2,35,1.0,1,0.01,1,1
3,35,2.0,2,0.01,1,2
100,35,88.0,48,0.24,12,88
200,35,180.0,96,0.48,20,180
2000,35,1799.0,947,4.73,201,1799
10000,35,8972.0,5557,27.78,1028,8972
20000,35,17945.0,11469,57.35,2055,17945
40000,35,35872.0,20297,101.48,4128,35872
60000,35,53867.0,22732,113.66,6133,53867
80000,35,71858.0,24681,123.4,8142,71858
100000,35,89831.0,27042,135.21,10169,89831
2,36,2.0,1,0.01,0,2
3,36,2.0,1,0.01,1,2
100,36,94.0,50,0.25,6,94
200,36,180.0,104,0.52,20,180
2000,36,1795.0,1061,5.3,205,1795
10000,36,8996.0,4513,22.56,1004,8996
20000,36,18005.0,7042,35.21,1995,18005
40000,36,35927.0,12241,61.21,4073,35927
60000,36,53859.0,20376,101.88,6141,53859
80000,36,71777.0,24398,121.99,8223,71777
100000,36,89690.0,29672,148.36,10310,89690
2,37,2.0,1,0.01,0,2
3,37,3.0,1,0.01,0,3
100,37,91.0,48,0.24,9,91
200,37,184.0,100,0.5,16,184
2000,37,1821.0,870,4.35,179,1821
10000,37,9027.0,4093,20.47,973,9027
20000,37,18022.0,9275,46.38,1978,18022
40000,37,35937.0,15431,77.16,4063,35937
60000,37,53931.0,16644,83.22,6069,53931
80000,37,71947.0,20860,104.3,8053,71947
100000,37,89959.0,23539,117.69,10041,89959
2,38,1.0,1,0.01,1,1
3,38,2.0,1,0.01,1,2
100,38,83.0,44,0.22,17,83
200,38,173.0,87,0.44,27,173
2000,38,1806.0,785,3.92,194,1806
10000,38,8946.0,3843,19.22,1054,8946
20000,38,17979.0,6504,32.52,2021,17979
40000,38,35858.0,12241,61.21,4142,35858
60000,38,53803.0,15110,75.55,6197,53803
80000,38,71764.0,16969,84.84,8236,71764
100000,38,89745.0,17735,88.67,10255,89745
2,39,2.0,1,0.01,0,2
3,39,3.0,1,0.01,0,3
100,39,91.0,48,0.24,9,91
200,39,179.0,98,0.49,21,179
2000,39,1800.0,908,4.54,200,1800
10000,39,9003.0,3358,16.79,997,9003
20000,39,17999.0,6772,33.86,2001,17999
40000,39,35971.0,11293,56.47,4029,35971
60000,39,54019.0,13244,66.22,5981,54019
80000,39,72009.0,15027,75.14,7991,72009
100000,39,89957.0,15593,77.97,10043,89957
2,40,2.0,1,0.01,0,2
3,40,3.0,1,0.01,0,3
100,40,84.0,48,0.24,16,84
200,40,177.0,89,0.45,23,177
2000,40,1788.0,659,3.29,212,1788
10000,40,8962.0,3439,17.2,1038,8962
20000,40,17850.0,6021,30.1,2150,17850
40000,40,35888.0,8130,40.65,4112,35888
60000,40,53875.0,9824,49.12,6125,53875
80000,40,71929.0,10613,53.07,8071,71929
100000,40,89855.0,11209,56.05,10145,89855
2,41,1.0,1,0.01,1,1
3,41,2.0,1,0.01,1,2
100,41,90.0,53,0.27,10,90
200,41,182.0,107,0.54,18,182
2000,41,1803.0,724,3.62,197,1803
10000,41,8973.0,4103,20.52,1027,8973
20000,41,17910.0,8523,42.62,2090,17910
40000,41,35814.0,14817,74.09,4186,35814
60000,41,53751.0,19881,99.4,6249,53751
80000,41,71706.0,22350,111.75,8294,71706
100000,41,89691.0,26991,134.95,10309,89691
2,42,1.0,1,0.01,1,1
3,42,2.0,2,0.01,1,2
100,42,90.0,54,0.27,10,90
200,42,177.0,106,0.53,23,177
2000,42,1808.0,932,4.66,192,1808
10000,42,8990.0,5602,28.01,1010,8990
20000,42,18007.0,7131,35.65,1993,18007
40000,42,35915.0,13891,69.46,4085,35915
60000,42,53862.0,20859,104.29,6138,53862
80000,42,71853.0,22586,112.93,8147,71853
100000,42,89778.0,35670,178.35,10222,89778
2,43,2.0,1,0.01,0,2
3,43,2.0,1,0.01,1,2
100,43,88.0,52,0.26,12,88
200,43,181.0,102,0.51,19,181
2000,43,1811.0,1006,5.03,189,1811
10000,43,8981.0,4620,23.1,1019,8981
20000,43,17948.0,6981,34.9,2052,17948
40000,43,35876.0,10250,51.25,4124,35876
60000,43,53892.0,11099,55.5,6108,53892
80000,43,71798.0,13311,66.56,8202,71798
100000,43,89742.0,16210,81.05,10258,89742
2,44,2.0,1,0.01,0,2
3,44,3.0,1,0.01,0,3
100,44,86.0,53,0.27,14,86
200,44,179.0,106,0.53,21,179
2000,44,1769.0,1119,5.59,231,1769
10000,44,8943.0,4926,24.63,1057,8943
20000,44,17878.0,8897,44.49,2122,17878
40000,44,35869.0,15156,75.78,4131,35869
60000,44,53818.0,18209,91.04,6182,53818
80000,44,71830.0,18940,94.7,8170,71830
100000,44,89721.0,24730,123.65,10279,89721
2,45,2.0,1,0.01,0,2
3,45,3.0,1,0.01,0,3
100,45,93.0,49,0.25,7,93
200,45,189.0,97,0.49,11,189
2000,45,1785.0,1069,5.34,215,1785
10000,45,8977.0,4175,20.88,1023,8977
20000,45,17974.0,7405,37.03,2026,17974
40000,45,35962.0,12021,60.11,4038,35962
60000,45,53913.0,15828,79.14,6087,53913
80000,45,71912.0,17820,89.1,8088,71912
100000,45,89891.0,20694,103.47,10109,89891
2,46,2.0,1,0.01,0,2
3,46,3.0,1,0.01,0,3
100,46,91.0,52,0.26,9,91
200,46,181.0,112,0.56,19,181
2000,46,1789.0,1104,5.52,211,1789
10000,46,8930.0,4742,23.71,1070,8930
20000,46,17883.0,10975,54.88,2117,17883
40000,46,35852.0,15811,79.06,4148,35852
60000,46,53903.0,18782,93.91,6097,53903
80000,46,71957.0,18966,94.83,8043,71957
100000,46,89976.0,20178,100.89,10024,89976
2,47,2.0,1,0.01,0,2
3,47,3.0,1,0.01,0,3
100,47,97.0,50,0.25,3,97
200,47,195.0,100,0.5,5,195
2000,47,1798.0,1148,5.74,202,1798
10000,47,8977.0,6024,30.12,1023,8977
20000,47,17976.0,8566,42.83,2024,17976
40000,47,35974.0,12102,60.51,4026,35974
60000,47,53902.0,21195,105.97,6098,53902
80000,47,71963.0,21714,108.57,8037,71963
100000,47,89959.0,22761,113.8,10041,89959
2,48,2.0,1,0.01,0,2
3,48,3.0,1,0.01,0,3
100,48,90.0,51,0.26,10,90
200,48,183.0,100,0.5,17,183
2000,48,1807.0,828,4.14,193,1807
10000,48,9005.0,3599,18.0,995,9005
20000,48,17993.0,6634,33.17,2007,17993
40000,48,35955.0,10811,54.06,4045,35955
60000,48,53888.0,13602,68.01,6112,53888
80000,48,71913.0,13877,69.39,8087,71913
100000,48,89969.0,14380,71.9,10031,89969
2,49,1.0,1,0.01,1,1
3,49,2.0,1,0.01,1,2
100,49,89.0,51,0.26,11,89
200,49,180.0,98,0.49,20,180
2000,49,1796.0,786,3.93,204,1796
10000,49,9016.0,2920,14.6,984,9016
20000,49,18085.0,4139,20.7,1915,18085
40000,49,36051.0,9372,46.86,3949,36051
60000,49,54053.0,10781,53.91,5947,54053
80000,49,72059.0,12233,61.17,7941,72059
100000,49,90155.0,12298,61.49,9845,90155
2,50,2.0,1,0.01,0,2
3,50,3.0,1,0.01,0,3
100,50,90.0,51,0.26,10,90
200,50,177.0,118,0.59,23,177
2000,50,1788.0,1116,5.58,212,1788
10000,50,8990.0,5350,26.75,1010,8990
20000,50,17986.0,11137,55.69,2014,17986
40000,50,35994.0,24402,122.01,4006,35994
60000,50,54049.0,30956,154.78,5951,54049
80000,50,71995.0,38753,193.76,8005,71995
100000,50,90029.0,40671,203.35,9971,90029
2,51,2.0,1,0.01,0,2
3,51,2.0,1,0.01,1,2
100,51,88.0,52,0.26,12,88
200,51,171.0,110,0.55,29,171
2000,51,1788.0,1072,5.36,212,1788
10000,51,8984.0,4111,20.56,1016,8984
20000,51,17989.0,6516,32.58,2011,17989
40000,51,35974.0,12695,63.48,4026,35974
60000,51,54074.0,14856,74.28,5926,54074
80000,51,72078.0,16489,82.44,7922,72078
100000,51,90001.0,18438,92.19,9999,90001
2,52,2.0,1,0.01,0,2
3,52,3.0,1,0.01,0,3
100,52,89.0,51,0.26,11,89
200,52,179.0,102,0.51,21,179
2000,52,1803.0,1097,5.48,197,1803
10000,52,8979.0,3627,18.14,1021,8979
20000,52,17963.0,6756,33.78,2037,17963
40000,52,35930.0,11791,58.96,4070,35930
60000,52,53981.0,12084,60.42,6019,53981
80000,52,71938.0,22846,114.23,8062,71938
100000,52,89828.0,26774,133.87,10172,89828
2,53,2.0,1,0.01,0,2
3,53,3.0,1,0.01,0,3
100,53,93.0,50,0.25,7,93
200,53,174.0,96,0.48,26,174
2000,53,1788.0,836,4.18,212,1788
10000,53,8972.0,3582,17.91,1028,8972
20000,53,17947.0,5772,28.86,2053,17947
40000,53,35944.0,9555,47.78,4056,35944
60000,53,53966.0,17411,87.05,6034,53966
80000,53,71941.0,21108,105.54,8059,71941
100000,53,89943.0,28118,140.59,10057,89943
2,54,2.0,1,0.01,0,2
3,54,3.0,1,0.01,0,3
100,54,90.0,51,0.26,10,90
200,54,181.0,99,0.5,19,181
2000,54,1812.0,944,4.72,188,1812
10000,54,9012.0,4378,21.89,988,9012
20000,54,17944.0,7120,35.6,2056,17944
40000,54,35917.0,11578,57.89,4083,35917
60000,54,53958.0,14636,73.18,6042,53958
80000,54,71857.0,20638,103.19,8143,71857
100000,54,89906.0,20797,103.98,10094,89906
2,55,2.0,1,0.01,0,2
3,55,3.0,1,0.01,0,3
100,55,90.0,51,0.26,10,90
200,55,183.0,98,0.49,17,183
2000,55,1815.0,1117,5.58,185,1815
10000,55,8990.0,3985,19.93,1010,8990
20000,55,18008.0,6783,33.91,1992,18008
40000,55,35964.0,12237,61.19,4036,35964
60000,55,53874.0,17321,86.6,6126,53874
80000,55,71788.0,22654,113.27,8212,71788
100000,55,89736.0,27643,138.21,10264,89736
2,56,2.0,1,0.01,0,2
3,56,3.0,1,0.01,0,3
100,56,96.0,50,0.25,4,96
200,56,185.0,95,0.48,15,185
2000,56,1811.0,666,3.33,189,1811
10000,56,8967.0,4807,24.03,1033,8967
20000,56,17921.0,10653,53.27,2079,17921
40000,56,35960.0,17217,86.08,4040,35960
60000,56,53923.0,20369,101.84,6077,53923
80000,56,71890.0,23954,119.77,8110,71890
100000,56,89855.0,27836,139.18,10145,89855
2,57,2.0,1,0.01,0,2
3,57,3.0,1,0.01,0,3
100,57,94.0,49,0.25,6,94
200,57,184.0,95,0.48,16,184
2000,57,1799.0,849,4.24,201,1799
10000,57,9008.0,3271,16.36,992,9008
20000,57,17987.0,7282,36.41,2013,17987
40000,57,35985.0,17768,88.84,4015,35985
60000,57,54047.0,27655,138.27,5953,54047
80000,57,72060.0,31921,159.6,7940,72060
100000,57,89998.0,35367,176.83,10002,89998
2,58,2.0,1,0.01,0,2
3,58,3.0,1,0.01,0,3
100,58,87.0,47,0.24,13,87
200,58,180.0,93,0.47,20,180
2000,58,1817.0,903,4.51,183,1817
10000,58,9019.0,4052,20.26,981,9019
20000,58,17982.0,7638,38.19,2018,17982
40000,58,35959.0,12556,62.78,4041,35959
60000,58,53911.0,17473,87.36,6089,53911
80000,58,71978.0,17473,87.36,8022,71978
100000,58,89978.0,19708,98.54,10022,89978
2,59,1.0,1,0.01,1,1
3,59,2.0,1,0.01,1,2
100,59,89.0,48,0.24,11,89
200,59,184.0,97,0.49,16,184
2000,59,1800.0,918,4.59,200,1800
10000,59,9042.0,2685,13.43,958,9042
20000,59,17961.0,4825,24.12,2039,17961
40000,59,35939.0,8129,40.65,4061,35939
60000,59,53904.0,11004,55.02,6096,53904
80000,59,71848.0,15683,78.42,8152,71848
100000,59,89747.0,20416,102.08,10253,89747
2,60,2.0,1,0.01,0,2
3,60,3.0,1,0.01,0,3
100,60,86.0,47,0.24,14,86
200,60,178.0,96,0.48,22,178
2000,60,1810.0,947,4.73,190,1810
10000,60,9032.0,4309,21.54,968,9032
20000,60,17960.0,10030,50.15,2040,17960
40000,60,35855.0,22961,114.8,4145,35855
60000,60,53775.0,28063,140.31,6225,53775
80000,60,71809.0,28063,140.31,8191,71809
100000,60,89752.0,31456,157.28,10248,89752
2,61,2.0,1,0.01,0,2
3,61,3.0,1,0.01,0,3
100,61,84.0,55,0.28,16,84
200,61,178.0,109,0.55,22,178
2000,61,1789.0,892,4.46,211,1789
10000,61,9020.0,4230,21.15,980,9020
20000,61,17976.0,7703,38.52,2024,17976
40000,61,35926.0,12461,62.31,4074,35926
60000,61,53970.0,22895,114.47,6030,53970
80000,61,71997.0,29033,145.16,8003,71997
100000,61,89871.0,38865,194.32,10129,89871
2,62,2.0,1,0.01,0,2
3,62,3.0,1,0.01,0,3
100,62,87.0,47,0.24,13,87
200,62,168.0,94,0.47,32,168
2000,62,1798.0,1236,6.18,202,1798
10000,62,8950.0,4316,21.58,1050,8950
20000,62,17921.0,9611,48.06,2079,17921
40000,62,35913.0,12906,64.53,4087,35913
60000,62,53908.0,15046,75.23,6092,53908
80000,62,71764.0,23890,119.45,8236,71764
100000,62,89680.0,28973,144.86,10320,89680
2,63,2.0,1,0.01,0,2
3,63,3.0,1,0.01,0,3
100,63,91.0,51,0.26,9,91
200,63,178.0,102,0.51,22,178
2000,63,1809.0,1070,5.35,191,1809
10000,63,9000.0,5670,28.35,1000,9000
20000,63,18021.0,7371,36.86,1979,18021
40000,63,35912.0,15629,78.15,4088,35912
60000,63,53820.0,23061,115.3,6180,53820
80000,63,71770.0,29393,146.96,8230,71770
100000,63,89745.0,30680,153.4,10255,89745
2,64,2.0,1,0.01,0,2
3,64,3.0,1,0.01,0,3
100,64,89.0,49,0.25,11,89
200,64,182.0,100,0.5,18,182
2000,64,1796.0,804,4.02,204,1796
10000,64,8925.0,4344,21.72,1075,8925
20000,64,17914.0,11996,59.98,2086,17914
40000,64,35895.0,18466,92.33,4105,35895
60000,64,53909.0,21421,107.1,6091,53909
80000,64,71893.0,25694,128.47,8107,71893
100000,64,89897.0,27337,136.68,10103,89897
2,65,2.0,1,0.01,0,2
3,65,3.0,1,0.01,0,3
100,65,93.0,50,0.25,7,93
200,65,177.0,104,0.52,23,177
2000,65,1787.0,882,4.41,213,1787
10000,65,8960.0,5845,29.22,1040,8960
20000,65,17952.0,10541,52.71,2048,17952
40000,65,35884.0,17345,86.72,4116,35884
60000,65,53921.0,18801,94.0,6079,53921
80000,65,71865.0,22637,113.18,8135,71865
100000,65,89888.0,24867,124.33,10112,89888
2,66,2.0,1,0.01,0,2
3,66,3.0,1,0.01,0,3
100,66,94.0,50,0.25,6,94
200,66,186.0,95,0.48,14,186
2000,66,1815.0,784,3.92,185,1815
10000,66,9031.0,3607,18.04,969,9031
20000,66,17975.0,6547,32.73,2025,17975
40000,66,36006.0,11647,58.24,3994,36006
60000,66,53941.0,17346,86.73,6059,53941
80000,66,71823.0,20229,101.14,8177,71823
100000,66,89703.0,22648,113.24,10297,89703
2,67,2.0,1,0.01,0,2
3,67,3.0,1,0.01,0,3
100,67,91.0,51,0.26,9,91
200,67,181.0,107,0.54,19,181
2000,67,1795.0,1226,6.13,205,1795
10000,67,9001.0,4820,24.1,999,9001
20000,67,18038.0,8089,40.45,1962,18038
40000,67,36024.0,10945,54.73,3976,36024
60000,67,53995.0,18305,91.52,6005,53995
80000,67,71970.0,25076,125.38,8030,71970
100000,67,89911.0,29041,145.2,10089,89911
2,68,2.0,1,0.01,0,2
3,68,3.0,1,0.01,0,3
100,68,91.0,48,0.24,9,91
200,68,184.0,97,0.49,16,184
2000,68,1780.0,975,4.87,220,1780
10000,68,8942.0,3442,17.21,1058,8942
20000,68,17929.0,5754,28.77,2071,17929
40000,68,35907.0,9553,47.77,4093,35907
60000,68,53949.0,10289,51.45,6051,53949
80000,68,71911.0,11704,58.52,8089,71911
100000,68,89916.0,15921,79.61,10084,89916
2,69,2.0,1,0.01,0,2
3,69,3.0,1,0.01,0,3
100,69,88.0,55,0.28,12,88
200,69,177.0,115,0.58,23,177
2000,69,1804.0,1370,6.85,196,1804
10000,69,8982.0,7702,38.51,1018,8982
20000,69,17984.0,13661,68.31,2016,17984
40000,69,35967.0,17926,89.63,4033,35967
60000,69,53951.0,25116,125.58,6049,53951
80000,69,72042.0,28074,140.37,7958,72042
100000,69,90137.0,28271,141.35,9863,90137
2,70,2.0,1,0.01,0,2
3,70,3.0,1,0.01,0,3
100,70,96.0,50,0.25,4,96
200,70,185.0,99,0.5,15,185
2000,70,1784.0,996,4.98,216,1784
10000,70,9019.0,4500,22.5,981,9019
20000,70,17971.0,7210,36.05,2029,17971
40000,70,36000.0,13670,68.35,4000,36000
60000,70,54044.0,15463,77.32,5956,54044
80000,70,72014.0,22128,110.64,7986,72014
100000,70,90072.0,22892,114.46,9928,90072
2,71,2.0,1,0.01,0,2
3,71,3.0,1,0.01,0,3
100,71,91.0,48,0.24,9,91
200,71,183.0,95,0.48,17,183
2000,71,1798.0,875,4.37,202,1798
10000,71,9017.0,3151,15.76,983,9017
20000,71,17965.0,5254,26.27,2035,17965
40000,71,35921.0,10160,50.8,4079,35921
60000,71,53911.0,13729,68.65,6089,53911
80000,71,71852.0,21281,106.4,8148,71852
100000,71,89824.0,23128,115.64,10176,89824
2,72,2.0,1,0.01,0,2
3,72,3.0,1,0.01,0,3
100,72,95.0,50,0.25,5,95
200,72,179.0,101,0.51,21,179
2000,72,1804.0,774,3.87,196,1804
10000,72,8981.0,4051,20.26,1019,8981
20000,72,17984.0,7989,39.95,2016,17984
40000,72,35926.0,15790,78.95,4074,35926
60000,72,53941.0,17815,89.07,6059,53941
80000,72,71882.0,24135,120.67,8118,71882
100000,72,89814.0,33061,165.3,10186,89814
2,73,2.0,1,0.01,0,2
3,73,3.0,1,0.01,0,3
100,73,87.0,49,0.25,13,87
200,73,175.0,93,0.47,25,175
2000,73,1814.0,943,4.71,186,1814
10000,73,9020.0,4614,23.07,980,9020
20000,73,18027.0,8288,41.44,1973,18027
40000,73,36017.0,13152,65.76,3983,36017
60000,73,53970.0,21037,105.18,6030,53970
80000,73,71966.0,29115,145.57,8034,71966
100000,73,89939.0,34448,172.24,10061,89939
2,74,2.0,1,0.01,0,2
3,74,3.0,1,0.01,0,3
100,74,92.0,49,0.25,8,92
200,74,181.0,97,0.49,19,181
2000,74,1795.0,1214,6.07,205,1795
10000,74,8954.0,6291,31.45,1046,8954
20000,74,17925.0,10178,50.89,2075,17925
40000,74,36019.0,12054,60.27,3981,36019
60000,74,54021.0,14493,72.47,5979,54021
80000,74,72055.0,15702,78.51,7945,72055
100000,74,90055.0,16788,83.94,9945,90055
2,75,2.0,1,0.01,0,2
3,75,3.0,1,0.01,0,3
100,75,90.0,47,0.24,10,90
200,75,181.0,91,0.46,19,181
2000,75,1811.0,876,4.38,189,1811
10000,75,9016.0,3612,18.06,984,9016
20000,75,18002.0,8698,43.49,1998,18002
40000,75,35999.0,16174,80.87,4001,35999
60000,75,53986.0,23215,116.07,6014,53986
80000,75,71935.0,25511,127.55,8065,71935
100000,75,89983.0,26243,131.21,10017,89983
2,76,2.0,1,0.01,0,2
3,76,2.0,1,0.01,1,2
100,76,87.0,51,0.26,13,87
200,76,181.0,105,0.53,19,181
2000,76,1823.0,1158,5.79,177,1823
10000,76,8986.0,5009,25.04,1014,8986
20000,76,17972.0,7017,35.08,2028,17972
40000,76,35955.0,17003,85.01,4045,35955
60000,76,53877.0,24718,123.59,6123,53877
80000,76,71811.0,32006,160.03,8189,71811
100000,76,89736.0,38857,194.28,10264,89736
2,77,2.0,1,0.01,0,2
3,77,3.0,1,0.01,0,3
100,77,91.0,51,0.26,9,91
200,77,176.0,105,0.53,24,176
2000,77,1797.0,813,4.06,203,1797
10000,77,8960.0,4098,20.49,1040,8960
20000,77,17963.0,7670,38.35,2037,17963
40000,77,35996.0,12469,62.35,4004,35996
60000,77,53976.0,17868,89.34,6024,53976
80000,77,72045.0,18713,93.56,7955,72045
100000,77,90029.0,20185,100.92,9971,90029
2,78,1.0,1,0.01,1,1
3,78,2.0,2,0.01,1,2
100,78,91.0,52,0.26,9,91
200,78,182.0,98,0.49,18,182
2000,78,1806.0,1140,5.7,194,1806
10000,78,8993.0,5580,27.9,1007,8993
20000,78,17986.0,8337,41.69,2014,17986
40000,78,35806.0,14204,71.02,4194,35806
60000,78,53799.0,15770,78.85,6201,53799
80000,78,71793.0,16874,84.37,8207,71793
100000,78,89842.0,16947,84.73,10158,89842
2,79,2.0,1,0.01,0,2
3,79,3.0,1,0.01,0,3
100,79,90.0,51,0.26,10,90
200,79,178.0,104,0.52,22,178
2000,79,1799.0,1115,5.57,201,1799
10000,79,8999.0,5788,28.94,1001,8999
20000,79,17972.0,9705,48.53,2028,17972
40000,79,35904.0,16362,81.81,4096,35904
60000,79,53861.0,23758,118.79,6139,53861
80000,79,71867.0,25692,128.46,8133,71867
100000,79,89904.0,26317,131.58,10096,89904
2,80,2.0,1,0.01,0,2
3,80,2.0,1,0.01,1,2
100,80,87.0,51,0.26,13,87
200,80,178.0,100,0.5,22,178
2000,80,1786.0,944,4.72,214,1786
10000,80,9026.0,3372,16.86,974,9026
20000,80,17980.0,5121,25.6,2020,17980
40000,80,35914.0,8979,44.9,4086,35914
60000,80,53892.0,10010,50.05,6108,53892
80000,80,71909.0,11102,55.51,8091,71909
100000,80,89854.0,19267,96.33,10146,89854
2,81,2.0,1,0.01,0,2
3,81,2.0,1,0.01,1,2
100,81,90.0,51,0.26,10,90
200,81,172.0,103,0.52,28,172
2000,81,1782.0,1144,5.72,218,1782
10000,81,8936.0,4812,24.06,1064,8936
20000,81,17936.0,6693,33.46,2064,17936
40000,81,35926.0,10065,50.33,4074,35926
60000,81,53849.0,15944,79.72,6151,53849
80000,81,71947.0,15944,79.72,8053,71947
100000,81,89972.0,15944,79.72,10028,89972
2,82,2.0,1,0.01,0,2
3,82,3.0,1,0.01,0,3
100,82,89.0,49,0.25,11,89
200,82,180.0,100,0.5,20,180
2000,82,1772.0,838,4.19,228,1772
10000,82,8921.0,3123,15.62,1079,8921
20000,82,17839.0,7295,36.48,2161,17839
40000,82,35866.0,8830,44.15,4134,35866
60000,82,53871.0,11561,57.81,6129,53871
80000,82,71858.0,16736,83.68,8142,71858
100000,82,89807.0,20751,103.75,10193,89807
2,83,2.0,1,0.01,0,2
3,83,3.0,1,0.01,0,3
100,83,89.0,48,0.24,11,89
200,83,175.0,98,0.49,25,175
2000,83,1783.0,842,4.21,217,1783
10000,83,8917.0,4231,21.16,1083,8917
20000,83,17896.0,9502,47.51,2104,17896
40000,83,35872.0,13318,66.59,4128,35872
60000,83,53866.0,16881,84.4,6134,53866
80000,83,71759.0,22126,110.63,8241,71759
100000,83,89741.0,27369,136.84,10259,89741
2,84,2.0,1,0.01,0,2
3,84,3.0,1,0.01,0,3
100,84,88.0,49,0.25,12,88
200,84,184.0,95,0.48,16,184
2000,84,1820.0,916,4.58,180,1820
10000,84,8966.0,5515,27.57,1034,8966
20000,84,17932.0,9116,45.58,2068,17932
40000,84,35884.0,17040,85.2,4116,35884
60000,84,53909.0,19666,98.33,6091,53909
80000,84,71952.0,22232,111.16,8048,71952
100000,84,89945.0,24938,124.69,10055,89945
2,85,2.0,1,0.01,0,2
3,85,3.0,1,0.01,0,3
100,85,89.0,55,0.28,11,89
200,85,171.0,109,0.55,29,171
2000,85,1780.0,1142,5.71,220,1780
10000,85,8965.0,4932,24.66,1035,8965
20000,85,17940.0,9571,47.86,2060,17940
40000,85,35914.0,18354,91.77,4086,35914
60000,85,53901.0,25708,128.54,6099,53901
80000,85,71874.0,31720,158.6,8126,71874
100000,85,89891.0,32098,160.49,10109,89891
2,86,2.0,1,0.01,0,2
3,86,2.0,1,0.01,1,2
100,86,85.0,51,0.26,15,85
200,86,175.0,107,0.54,25,175
2000,86,1799.0,1252,6.26,201,1799
10000,86,8982.0,6571,32.85,1018,8982
20000,86,17960.0,12241,61.21,2040,17960
40000,86,35912.0,17916,89.58,4088,35912
60000,86,53959.0,20827,104.13,6041,53959
80000,86,71924.0,24883,124.41,8076,71924
100000,86,89900.0,29070,145.35,10100,89900
2,87,2.0,1,0.01,0,2
3,87,3.0,1,0.01,0,3
100,87,87.0,50,0.25,13,87
200,87,179.0,103,0.52,21,179
2000,87,1802.0,968,4.84,198,1802
10000,87,8974.0,4941,24.7,1026,8974
20000,87,17933.0,10486,52.43,2067,17933
40000,87,35914.0,14383,71.92,4086,35914
60000,87,53876.0,22317,111.58,6124,53876
80000,87,71811.0,31503,157.51,8189,71811
100000,87,89799.0,40876,204.38,10201,89799
2,88,2.0,1,0.01,0,2
3,88,3.0,1,0.01,0,3
100,88,87.0,50,0.25,13,87
200,88,179.0,94,0.47,21,179
2000,88,1791.0,1038,5.19,209,1791
10000,88,8959.0,4375,21.87,1041,8959
20000,88,17956.0,5982,29.91,2044,17956
40000,88,35958.0,10595,52.98,4042,35958
60000,88,53889.0,16249,81.24,6111,53889
80000,88,71950.0,17166,85.83,8050,71950
100000,88,89978.0,18254,91.27,10022,89978
2,89,2.0,1,0.01,0,2
3,89,3.0,1,0.01,0,3
100,89,88.0,52,0.26,12,88
200,89,174.0,105,0.53,26,174
2000,89,1826.0,860,4.3,174,1826
10000,89,9036.0,3084,15.42,964,9036
20000,89,18035.0,5103,25.51,1965,18035
40000,89,35993.0,7914,39.57,4007,35993
60000,89,54011.0,10987,54.94,5989,54011
80000,89,72018.0,14110,70.55,7982,72018
100000,89,89914.0,21524,107.62,10086,89914
2,90,2.0,1,0.01,0,2
3,90,3.0,1,0.01,0,3
100,90,87.0,47,0.24,13,87
200,90,175.0,91,0.46,25,175
2000,90,1805.0,801,4.0,195,1805
10000,90,9079.0,2758,13.79,921,9079
20000,90,18090.0,6288,31.44,1910,18090
40000,90,36026.0,13268,66.34,3974,36026
60000,90,54054.0,18722,93.61,5946,54054
80000,90,72039.0,23301,116.5,7961,72039
100000,90,90022.0,31716,158.58,9978,90022
2,91,2.0,1,0.01,0,2
3,91,2.0,1,0.01,1,2
100,91,90.0,50,0.25,10,90
200,91,180.0,104,0.52,20,180
2000,91,1789.0,928,4.64,211,1789
10000,91,8996.0,4000,20.0,1004,8996
20000,91,17962.0,6501,32.5,2038,17962
40000,91,35939.0,12376,61.88,4061,35939
60000,91,53929.0,14985,74.93,6071,53929
80000,91,71928.0,16982,84.91,8072,71928
100000,91,89875.0,21417,107.08,10125,89875
2,92,1.0,1,0.01,1,1
3,92,2.0,1,0.01,1,2
100,92,93.0,50,0.25,7,93
200,92,181.0,98,0.49,19,181
2000,92,1821.0,1006,5.03,179,1821
10000,92,9038.0,5028,25.14,962,9038
20000,92,18029.0,7201,36.0,1971,18029
40000,92,36031.0,10394,51.97,3969,36031
60000,92,53990.0,12792,63.96,6010,53990
80000,92,72018.0,14568,72.84,7982,72018
100000,92,90019.0,16137,80.68,9981,90019
2,93,2.0,1,0.01,0,2
3,93,2.0,1,0.01,1,2
100,93,87.0,51,0.26,13,87
200,93,172.0,96,0.48,28,172
2000,93,1773.0,798,3.99,227,1773
10000,93,8918.0,5475,27.37,1082,8918
20000,93,17852.0,9187,45.94,2148,17852
40000,93,35832.0,14641,73.21,4168,35832
60000,93,53807.0,20922,104.61,6193,53807
80000,93,71830.0,20922,104.61,8170,71830
100000,93,89813.0,23873,119.36,10187,89813
2,94,2.0,1,0.01,0,2
3,94,3.0,1,0.01,0,3
100,94,90.0,47,0.24,10,90
200,94,183.0,92,0.46,17,183
2000,94,1812.0,1252,6.26,188,1812
10000,94,8998.0,5675,28.37,1002,8998
20000,94,17988.0,9612,48.06,2012,17988
40000,94,35960.0,17106,85.53,4040,35960
60000,94,53928.0,18794,93.97,6072,53928
80000,94,71890.0,20248,101.24,8110,71890
100000,94,89865.0,29075,145.37,10135,89865
2,95,1.0,1,0.01,1,1
3,95,2.0,1,0.01,1,2
100,95,88.0,48,0.24,12,88
200,95,179.0,94,0.47,21,179
2000,95,1778.0,930,4.65,222,1778
10000,95,9006.0,2800,14.0,994,9006
20000,95,17998.0,3755,18.78,2002,17998
40000,95,35942.0,6338,31.69,4058,35942
60000,95,53951.0,7574,37.87,6049,53951
80000,95,71922.0,15677,78.39,8078,71922
100000,95,89940.0,20357,101.78,10060,89940
2,96,2.0,1,0.01,0,2
3,96,3.0,1,0.01,0,3
100,96,89.0,51,0.26,11,89
200,96,177.0,102,0.51,23,177
2000,96,1769.0,863,4.31,231,1769
10000,96,9005.0,4231,21.16,995,9005
20000,96,17918.0,8533,42.67,2082,17918
40000,96,35952.0,11339,56.7,4048,35952
60000,96,53848.0,15835,79.18,6152,53848
80000,96,71878.0,18042,90.21,8122,71878
100000,96,89885.0,18689,93.44,10115,89885
2,97,0.0,1,0.01,2,0
3,97,1.0,1,0.01,2,1
100,97,89.0,49,0.25,11,89
200,97,174.0,95,0.48,26,174
2000,97,1820.0,740,3.7,180,1820
10000,97,8950.0,3772,18.86,1050,8950
20000,97,17986.0,4768,23.84,2014,17986
40000,97,36018.0,6163,30.81,3982,36018
60000,97,53974.0,7587,37.94,6026,53974
80000,97,71891.0,13316,66.58,8109,71891
100000,97,89901.0,13790,68.95,10099,89901
2,98,2.0,1,0.01,0,2
3,98,3.0,1,0.01,0,3
100,98,92.0,51,0.26,8,92
200,98,183.0,106,0.53,17,183
2000,98,1803.0,996,4.98,197,1803
10000,98,9006.0,4970,24.85,994,9006
20000,98,17982.0,9274,46.37,2018,17982
40000,98,35991.0,17494,87.47,4009,35991
60000,98,54005.0,26110,130.55,5995,54005
80000,98,72008.0,29904,149.52,7992,72008
100000,98,90008.0,31764,158.82,9992,90008
2,99,2.0,1,0.01,0,2
3,99,3.0,1,0.01,0,3
100,99,92.0,49,0.25,8,92
200,99,180.0,89,0.45,20,180
2000,99,1805.0,1027,5.13,195,1805
10000,99,8987.0,4475,22.37,1013,8987
20000,99,17953.0,7840,39.2,2047,17953
40000,99,35998.0,13911,69.56,4002,35998
60000,99,53937.0,20175,100.87,6063,53937
80000,99,71890.0,22101,110.5,8110,71890
100000,99,89864.0,24865,124.32,10136,89864
2,100,2.0,1,0.01,0,2
3,100,3.0,1,0.01,0,3
100,100,93.0,50,0.25,7,93
200,100,181.0,95,0.48,19,181
2000,100,1770.0,899,4.49,230,1770
10000,100,8953.0,4920,24.6,1047,8953
20000,100,17941.0,7673,38.37,2059,17941
40000,100,35945.0,9493,47.47,4055,35945
60000,100,53972.0,16444,82.22,6028,53972
80000,100,71931.0,19842,99.21,8069,71931
100000,100,89901.0,22095,110.47,10099,89901
