Timestep,Iteration,Total Reward,Suboptimal Arms,Total Regret,Zeros Count,Ones Count
2,1,1.0,1,0.01,1,1
3,1,2.0,2,0.01,1,2
100,1,91.0,51,0.26,9,91
200,1,184.0,101,0.51,16,184
2000,1,1796.0,917,4.58,204,1796
10000,1,8969.0,4271,21.36,1031,8969
20000,1,17931.0,5909,29.54,2069,17931
40000,1,35915.0,9884,49.42,4085,35915
60000,1,53908.0,17051,85.25,6092,53908
80000,1,71932.0,18640,93.2,8068,71932
100000,1,89950.0,20252,101.26,10050,89950
2,2,2.0,1,0.01,0,2
3,2,3.0,2,0.01,0,3
100,2,93.0,52,0.26,7,93
200,2,187.0,93,0.47,13,187
2000,2,1810.0,1039,5.19,190,1810
10000,2,9014.0,5435,27.17,986,9014
20000,2,17970.0,9850,49.25,2030,17970
40000,2,35910.0,19462,97.31,4090,35910
60000,2,53913.0,23451,117.25,6087,53913
80000,2,71796.0,29217,146.08,8204,71796
100000,2,89839.0,30410,152.05,10161,89839
2,3,1.0,1,0.01,1,1
3,3,2.0,2,0.01,1,2
100,3,90.0,50,0.25,10,90
200,3,185.0,101,0.51,15,185
2000,3,1813.0,956,4.78,187,1813
10000,3,8975.0,3296,16.48,1025,8975
20000,3,17974.0,8232,41.16,2026,17974
40000,3,35957.0,15206,76.03,4043,35957
60000,3,53902.0,20427,102.13,6098,53902
80000,3,71851.0,22007,110.03,8149,71851
100000,3,89820.0,25612,128.06,10180,89820
2,4,2.0,1,0.01,0,2
3,4,3.0,2,0.01,0,3
100,4,91.0,53,0.27,9,91
200,4,180.0,103,0.52,20,180
2000,4,1806.0,988,4.94,194,1806
10000,4,8975.0,5548,27.74,1025,8975
20000,4,17964.0,11001,55.01,2036,17964
40000,4,35862.0,19705,98.52,4138,35862
60000,4,53817.0,28114,140.57,6183,53817
80000,4,71811.0,32204,161.02,8189,71811
100000,4,89753.0,38774,193.87,10247,89753
2,5,1.0,1,0.01,1,1
3,5,2.0,1,0.01,1,2
100,5,86.0,50,0.25,14,86
200,5,176.0,96,0.48,24,176
2000,5,1800.0,1003,5.01,200,1800
10000,5,9042.0,3762,18.81,958,9042
20000,5,18043.0,8709,43.55,1957,18043
40000,5,36030.0,21098,105.49,3970,36030
60000,5,54020.0,27981,139.9,5980,54020
80000,5,71925.0,34350,171.75,8075,71925
100000,5,89847.0,44933,224.66,10153,89847
2,6,1.0,1,0.01,1,1
3,6,2.0,2,0.01,1,2
100,6,93.0,49,0.25,7,93
200,6,183.0,111,0.56,17,183
2000,6,1809.0,1036,5.18,191,1809
10000,6,8998.0,3695,18.48,1002,8998
20000,6,17957.0,6513,32.56,2043,17957
40000,6,35852.0,14315,71.58,4148,35852
60000,6,53808.0,17896,89.48,6192,53808
80000,6,71767.0,20423,102.11,8233,71767
100000,6,89749.0,22802,114.01,10251,89749
2,7,1.0,1,0.01,1,1
3,7,2.0,1,0.01,1,2
100,7,88.0,42,0.21,12,88
200,7,180.0,87,0.44,20,180
2000,7,1797.0,728,3.64,203,1797
10000,7,8929.0,4074,20.37,1071,8929
20000,7,17897.0,7969,39.85,2103,17897
40000,7,35823.0,17286,86.43,4177,35823
60000,7,53811.0,22533,112.66,6189,53811
80000,7,71848.0,22533,112.66,8152,71848
100000,7,89772.0,23365,116.82,10228,89772
2,8,1.0,1,0.01,1,1
3,8,2.0,1,0.01,1,2
100,8,87.0,51,0.26,13,87
200,8,171.0,97,0.49,29,171
2000,8,1819.0,901,4.5,181,1819
10000,8,8929.0,3340,16.7,1071,8929
20000,8,17870.0,6249,31.24,2130,17870
40000,8,35877.0,14919,74.6,4123,35877
60000,8,53841.0,19221,96.1,6159,53841
80000,8,71888.0,21097,105.48,8112,71888
100000,8,89890.0,22323,111.61,10110,89890
2,9,1.0,1,0.01,1,1
3,9,2.0,2,0.01,1,2
100,9,88.0,53,0.27,12,88
200,9,178.0,108,0.54,22,178
2000,9,1786.0,1037,5.18,214,1786
10000,9,8961.0,3693,18.47,1039,8961
20000,9,18001.0,8232,41.16,1999,18001
40000,9,36041.0,12398,61.99,3959,36041
60000,9,54042.0,15558,77.79,5958,54042
80000,9,72070.0,20310,101.55,7930,72070
100000,9,90038.0,28170,140.85,9962,90038
2,10,2.0,1,0.01,0,2
3,10,3.0,2,0.01,0,3
100,10,86.0,50,0.25,14,86
200,10,178.0,96,0.48,22,178
2000,10,1770.0,958,4.79,230,1770
10000,10,8971.0,4437,22.18,1029,8971
20000,10,17963.0,6120,30.6,2037,17963
40000,10,35977.0,9890,49.45,4023,35977
60000,10,53953.0,13356,66.78,6047,53953
80000,10,71903.0,14646,73.23,8097,71903
100000,10,89908.0,15710,78.55,10092,89908
2,11,2.0,1,0.01,0,2
3,11,3.0,2,0.01,0,3
100,11,87.0,47,0.24,13,87
200,11,174.0,95,0.48,26,174
2000,11,1791.0,1024,5.12,209,1791
10000,11,9015.0,4609,23.04,985,9015
20000,11,18001.0,7308,36.54,1999,18001
40000,11,36075.0,9593,47.97,3925,36075
60000,11,54097.0,15383,76.92,5903,54097
80000,11,72066.0,21263,106.31,7934,72066
100000,11,90007.0,25731,128.65,9993,90007
2,12,2.0,1,0.01,0,2
3,12,3.0,2,0.01,0,3
100,12,94.0,49,0.25,6,94
200,12,184.0,91,0.46,16,184
2000,12,1799.0,1039,5.19,201,1799
10000,12,8973.0,3772,18.86,1027,8973
20000,12,17941.0,7006,35.03,2059,17941
40000,12,35963.0,9840,49.2,4037,35963
60000,12,53968.0,16670,83.35,6032,53968
80000,12,71933.0,19688,98.44,8067,71933
100000,12,89900.0,21823,109.11,10100,89900
2,13,2.0,1,0.01,0,2
3,13,3.0,2,0.01,0,3
100,13,93.0,50,0.25,7,93
200,13,184.0,94,0.47,16,184
2000,13,1802.0,929,4.64,198,1802
10000,13,8964.0,4328,21.64,1036,8964
20000,13,17894.0,8538,42.69,2106,17894
40000,13,35820.0,12106,60.53,4180,35820
60000,13,53769.0,19735,98.67,6231,53769
80000,13,71757.0,22223,111.11,8243,71757
100000,13,89789.0,22871,114.35,10211,89789
2,14,2.0,1,0.01,0,2
3,14,3.0,2,0.01,0,3
100,14,91.0,52,0.26,9,91
200,14,177.0,105,0.53,23,177
2000,14,1804.0,1067,5.33,196,1804
10000,14,8992.0,4593,22.96,1008,8992
20000,14,17959.0,9387,46.94,2041,17959
40000,14,35999.0,11884,59.42,4001,35999
60000,14,53993.0,16854,84.27,6007,53993
80000,14,72030.0,18089,90.44,7970,72030
100000,14,90036.0,20934,104.67,9964,90036
2,15,2.0,1,0.01,0,2
3,15,3.0,2,0.01,0,3
100,15,89.0,51,0.26,11,89
200,15,179.0,102,0.51,21,179
2000,15,1791.0,811,4.05,209,1791
10000,15,9019.0,3415,17.08,981,9019
20000,15,18008.0,6643,33.21,1992,18008
40000,15,36007.0,10188,50.94,3993,36007
60000,15,53984.0,13734,68.67,6016,53984
80000,15,72040.0,14687,73.44,7960,72040
100000,15,90022.0,17223,86.11,9978,90022
2,16,2.0,1,0.01,0,2
3,16,2.0,2,0.01,1,2
100,16,91.0,48,0.24,9,91
200,16,182.0,97,0.49,18,182
2000,16,1790.0,749,3.74,210,1790
10000,16,8988.0,4283,21.42,1012,8988
20000,16,17975.0,10075,50.38,2025,17975
40000,16,36020.0,14846,74.23,3980,36020
60000,16,53986.0,18237,91.18,6014,53986
80000,16,71972.0,20104,100.52,8028,71972
100000,16,89925.0,26077,130.38,10075,89925
2,17,1.0,1,0.01,1,1
3,17,2.0,1,0.01,1,2
100,17,89.0,52,0.26,11,89
200,17,178.0,98,0.49,22,178
2000,17,1813.0,841,4.2,187,1813
10000,17,8963.0,3375,16.88,1037,8963
20000,17,17940.0,6012,30.06,2060,17940
40000,17,35916.0,9898,49.49,4084,35916
60000,17,53922.0,11027,55.14,6078,53922
80000,17,71895.0,12900,64.5,8105,71895
100000,17,89890.0,13266,66.33,10110,89890
2,18,2.0,1,0.01,0,2
3,18,3.0,2,0.01,0,3
100,18,89.0,51,0.26,11,89
200,18,182.0,105,0.53,18,182
2000,18,1788.0,1062,5.31,212,1788
10000,18,8980.0,5167,25.83,1020,8980
20000,18,17996.0,7013,35.06,2004,17996
40000,18,35996.0,10696,53.48,4004,35996
60000,18,54004.0,12525,62.63,5996,54004
80000,18,71965.0,18677,93.38,8035,71965
100000,18,89958.0,19485,97.42,10042,89958
2,19,2.0,1,0.01,0,2
3,19,3.0,2,0.01,0,3
100,19,89.0,51,0.26,11,89
200,19,182.0,100,0.5,18,182
2000,19,1802.0,1045,5.22,198,1802
10000,19,8972.0,5658,28.29,1028,8972
20000,19,17974.0,10355,51.78,2026,17974
40000,19,35965.0,17641,88.2,4035,35965
60000,19,53920.0,25584,127.92,6080,53920
80000,19,71938.0,28141,140.7,8062,71938
100000,19,89885.0,30985,154.92,10115,89885
2,20,2.0,1,0.01,0,2
3,20,3.0,2,0.01,0,3
100,20,87.0,49,0.25,13,87
200,20,182.0,100,0.5,18,182
2000,20,1787.0,1001,5.0,213,1787
10000,20,8998.0,4033,20.17,1002,8998
20000,20,17961.0,7207,36.03,2039,17961
40000,20,35913.0,10566,52.83,4087,35913
60000,20,53942.0,13051,65.26,6058,53942
80000,20,71949.0,13462,67.31,8051,71949
100000,20,89920.0,17312,86.56,10080,89920
2,21,2.0,1,0.01,0,2
3,21,2.0,2,0.01,1,2
100,21,87.0,53,0.27,13,87
200,21,177.0,106,0.53,23,177
2000,21,1783.0,926,4.63,217,1783
10000,21,8978.0,3818,19.09,1022,8978
20000,21,17968.0,5579,27.89,2032,17968
40000,21,36003.0,12589,62.95,3997,36003
60000,21,53956.0,17917,89.58,6044,53956
80000,21,71904.0,23585,117.92,8096,71904
100000,21,89856.0,27571,137.85,10144,89856
2,22,1.0,1,0.01,1,1
3,22,2.0,2,0.01,1,2
100,22,84.0,48,0.24,16,84
200,22,172.0,89,0.45,28,172
2000,22,1784.0,1028,5.14,216,1784
10000,22,8943.0,3278,16.39,1057,8943
20000,22,17915.0,4974,24.87,2085,17915
40000,22,35911.0,7498,37.49,4089,35911
60000,22,53827.0,14478,72.39,6173,53827
80000,22,71748.0,18422,92.11,8252,71748
100000,22,89847.0,19437,97.18,10153,89847
2,23,2.0,1,0.01,0,2
3,23,3.0,2,0.01,0,3
100,23,94.0,51,0.26,6,94
200,23,180.0,104,0.52,20,180
2000,23,1814.0,711,3.55,186,1814
10000,23,8989.0,4966,24.83,1011,8989
20000,23,18007.0,6896,34.48,1993,18007
40000,23,36046.0,9417,47.09,3954,36046
60000,23,53996.0,13778,68.89,6004,53996
80000,23,71920.0,17174,85.87,8080,71920
100000,23,89923.0,17570,87.85,10077,89923
2,24,2.0,1,0.01,0,2
3,24,3.0,2,0.01,0,3
100,24,94.0,52,0.26,6,94
200,24,185.0,93,0.47,15,185
2000,24,1805.0,916,4.58,195,1805
10000,24,9014.0,3606,18.03,986,9014
20000,24,17975.0,6856,34.28,2025,17975
40000,24,35939.0,11268,56.34,4061,35939
60000,24,53938.0,13867,69.34,6062,53938
80000,24,71917.0,14289,71.45,8083,71917
100000,24,89816.0,16384,81.92,10184,89816
2,25,2.0,1,0.01,0,2
3,25,3.0,2,0.01,0,3
100,25,95.0,50,0.25,5,95
200,25,184.0,100,0.5,16,184
2000,25,1821.0,966,4.83,179,1821
10000,25,9004.0,4099,20.5,996,9004
20000,25,17949.0,8174,40.87,2051,17949
40000,25,35965.0,12063,60.32,4035,35965
60000,25,53882.0,19003,95.01,6118,53882
80000,25,71863.0,26774,133.87,8137,71863
100000,25,89875.0,27254,136.27,10125,89875
2,26,2.0,1,0.01,0,2
3,26,3.0,2,0.01,0,3
100,26,82.0,49,0.25,18,82
200,26,166.0,98,0.49,34,166
2000,26,1780.0,1330,6.65,220,1780
10000,26,8978.0,5092,25.46,1022,8978
20000,26,17974.0,10960,54.8,2026,17974
40000,26,35961.0,18762,93.81,4039,35961
60000,26,53968.0,21781,108.9,6032,53968
80000,26,71868.0,32926,164.63,8132,71868
100000,26,89824.0,37391,186.95,10176,89824
2,27,2.0,1,0.01,0,2
3,27,3.0,2,0.01,0,3
100,27,90.0,48,0.24,10,90
200,27,182.0,100,0.5,18,182
2000,27,1818.0,995,4.97,182,1818
10000,27,8992.0,3350,16.75,1008,8992
20000,27,17945.0,4514,22.57,2055,17945
40000,27,35867.0,10862,54.31,4133,35867
60000,27,53786.0,15565,77.83,6214,53786
80000,27,71729.0,19087,95.43,8271,71729
100000,27,89791.0,19087,95.43,10209,89791
2,28,2.0,1,0.01,0,2
3,28,3.0,2,0.01,0,3
100,28,85.0,55,0.28,15,85
200,28,175.0,112,0.56,25,175
2000,28,1800.0,1188,5.94,200,1800
10000,28,8955.0,5179,25.89,1045,8955
20000,28,17901.0,7880,39.4,2099,17901
40000,28,35898.0,9427,47.14,4102,35898
60000,28,53894.0,11509,57.55,6106,53894
80000,28,71762.0,13411,67.06,8238,71762
100000,28,89733.0,16429,82.14,10267,89733
2,29,2.0,1,0.01,0,2
3,29,3.0,2,0.01,0,3
100,29,91.0,53,0.27,9,91
200,29,186.0,110,0.55,14,186
2000,29,1790.0,1277,6.38,210,1790
10000,29,9000.0,4260,21.3,1000,9000
20000,29,17999.0,8724,43.62,2001,17999
40000,29,35921.0,15982,79.91,4079,35921
60000,29,53856.0,21770,108.85,6144,53856
80000,29,71795.0,29022,145.11,8205,71795
100000,29,89850.0,32987,164.93,10150,89850
2,30,0.0,1,0.01,2,0
3,30,1.0,2,0.01,2,1
100,30,88.0,48,0.24,12,88
200,30,180.0,96,0.48,20,180
2000,30,1769.0,868,4.34,231,1769
10000,30,8985.0,2895,14.48,1015,8985
20000,30,17974.0,5139,25.69,2026,17974
40000,30,35982.0,6995,34.97,4018,35982
60000,30,53881.0,15992,79.96,6119,53881
80000,30,71896.0,19476,97.38,8104,71896
100000,30,89869.0,20716,103.58,10131,89869
2,31,1.0,1,0.01,1,1
3,31,2.0,2,0.01,1,2
100,31,90.0,49,0.25,10,90
200,31,181.0,102,0.51,19,181
2000,31,1795.0,732,3.66,205,1795
10000,31,8978.0,3004,15.02,1022,8978
20000,31,17962.0,4151,20.76,2038,17962
40000,31,36000.0,6282,31.41,4000,36000
60000,31,53935.0,9323,46.62,6065,53935
80000,31,71949.0,13481,67.41,8051,71949
100000,31,89981.0,14666,73.33,10019,89981
2,32,2.0,1,0.01,0,2
3,32,3.0,2,0.01,0,3
100,32,90.0,47,0.24,10,90
200,32,181.0,98,0.49,19,181
2000,32,1774.0,1009,5.04,226,1774
10000,32,8971.0,4821,24.1,1029,8971
20000,32,17953.0,7248,36.24,2047,17953
40000,32,35907.0,10454,52.27,4093,35907
60000,32,53854.0,16793,83.96,6146,53854
80000,32,71758.0,21267,106.33,8242,71758
100000,32,89717.0,22461,112.3,10283,89717
2,33,2.0,1,0.01,0,2
3,33,2.0,2,0.01,1,2
100,33,87.0,50,0.25,13,87
200,33,177.0,102,0.51,23,177
2000,33,1770.0,1025,5.12,230,1770
10000,33,8933.0,5438,27.19,1067,8933
20000,33,17985.0,8218,41.09,2015,17985
40000,33,36020.0,13720,68.6,3980,36020
60000,33,54021.0,17342,86.71,5979,54021
80000,33,71931.0,20931,104.65,8069,71931
100000,33,89936.0,23488,117.44,10064,89936
2,34,2.0,1,0.01,0,2
3,34,3.0,2,0.01,0,3
100,34,88.0,50,0.25,12,88
200,34,174.0,96,0.48,26,174
2000,34,1811.0,822,4.11,189,1811
10000,34,9005.0,3815,19.08,995,9005
20000,34,17953.0,8860,44.3,2047,17953
40000,34,35912.0,13386,66.93,4088,35912
60000,34,53882.0,17942,89.71,6118,53882
80000,34,71923.0,18416,92.08,8077,71923
100000,34,89916.0,21238,106.19,10084,89916
2,35,2.0,1,0.01,0,2
3,35,3.0,2,0.01,0,3
100,35,94.0,51,0.26,6,94
200,35,183.0,105,0.53,17,183
2000,35,1793.0,900,4.5,207,1793
10000,35,8978.0,4223,21.12,1022,8978
20000,35,17915.0,9923,49.62,2085,17915
40000,35,35956.0,21743,108.71,4044,35956
60000,35,54066.0,25098,125.49,5934,54066
80000,35,72039.0,28580,142.9,7961,72039
100000,35,89943.0,34622,173.11,10057,89943
2,36,2.0,1,0.01,0,2
3,36,3.0,2,0.01,0,3
100,36,89.0,51,0.26,11,89
200,36,178.0,92,0.46,22,178
2000,36,1810.0,857,4.28,190,1810
10000,36,8992.0,2930,14.65,1008,8992
20000,36,17997.0,8711,43.56,2003,17997
40000,36,35874.0,18920,94.6,4126,35874
60000,36,53841.0,21941,109.7,6159,53841
80000,36,71846.0,23703,118.51,8154,71846
100000,36,89804.0,26665,133.32,10196,89804
2,37,2.0,1,0.01,0,2
3,37,3.0,2,0.01,0,3
100,37,91.0,51,0.26,9,91
200,37,179.0,106,0.53,21,179
2000,37,1806.0,1128,5.64,194,1806
10000,37,8988.0,6096,30.48,1012,8988
20000,37,17992.0,10005,50.03,2008,17992
40000,37,35971.0,16636,83.18,4029,35971
60000,37,53993.0,19447,97.23,6007,53993
80000,37,71952.0,24893,124.46,8048,71952
100000,37,89985.0,26838,134.19,10015,89985
2,38,2.0,1,0.01,0,2
3,38,3.0,2,0.01,0,3
100,38,92.0,52,0.26,8,92
200,38,179.0,106,0.53,21,179
2000,38,1799.0,1136,5.68,201,1799
10000,38,9011.0,3956,19.78,989,9011
20000,38,18031.0,8997,44.99,1969,18031
40000,38,36032.0,13098,65.49,3968,36032
60000,38,54028.0,19026,95.13,5972,54028
80000,38,72005.0,23824,119.12,7995,72005
100000,38,89962.0,31385,156.92,10038,89962
2,39,2.0,1,0.01,0,2
3,39,3.0,2,0.01,0,3
100,39,90.0,53,0.27,10,90
200,39,181.0,102,0.51,19,181
2000,39,1810.0,970,4.85,190,1810
10000,39,9031.0,3832,19.16,969,9031
20000,39,18019.0,7095,35.47,1981,18019
40000,39,35975.0,19224,96.12,4025,35975
60000,39,53913.0,31015,155.07,6087,53913
80000,39,71886.0,42071,210.35,8114,71886
100000,39,89913.0,42797,213.98,10087,89913
2,40,2.0,1,0.01,0,2
3,40,3.0,2,0.01,0,3
100,40,86.0,47,0.24,14,86
200,40,173.0,87,0.44,27,173
2000,40,1783.0,1046,5.23,217,1783
10000,40,8935.0,4213,21.07,1065,8935
20000,40,17925.0,8919,44.6,2075,17925
40000,40,35847.0,18009,90.04,4153,35847
60000,40,53873.0,18626,93.13,6127,53873
80000,40,71871.0,22091,110.45,8129,71871
100000,40,89947.0,22235,111.17,10053,89947
2,41,1.0,1,0.01,1,1
3,41,2.0,1,0.01,1,2
100,41,86.0,49,0.25,14,86
200,41,177.0,98,0.49,23,177
2000,41,1790.0,970,4.85,210,1790
10000,41,8959.0,4188,20.94,1041,8959
20000,41,18031.0,5335,26.67,1969,18031
40000,41,36073.0,7805,39.03,3927,36073
60000,41,53981.0,12207,61.04,6019,53981
80000,41,71980.0,19970,99.85,8020,71980
100000,41,89947.0,23725,118.62,10053,89947
2,42,1.0,1,0.01,1,1
3,42,2.0,1,0.01,1,2
100,42,86.0,49,0.25,14,86
200,42,179.0,102,0.51,21,179
2000,42,1785.0,913,4.56,215,1785
10000,42,8988.0,2721,13.61,1012,8988
20000,42,18020.0,5930,29.65,1980,18020
40000,42,35946.0,10365,51.83,4054,35946
60000,42,53980.0,14781,73.91,6020,53980
80000,42,71989.0,16924,84.62,8011,71989
100000,42,90020.0,18372,91.86,9980,90020
2,43,2.0,1,0.01,0,2
3,43,3.0,2,0.01,0,3
100,43,89.0,48,0.24,11,89
200,43,177.0,102,0.51,23,177
2000,43,1775.0,866,4.33,225,1775
10000,43,8941.0,2972,14.86,1059,8941
20000,43,17906.0,6080,30.4,2094,17906
40000,43,35844.0,11414,57.07,4156,35844
60000,43,53864.0,13380,66.9,6136,53864
80000,43,71785.0,21310,106.55,8215,71785
100000,43,89724.0,25393,126.96,10276,89724
2,44,1.0,1,0.01,1,1
3,44,2.0,2,0.01,1,2
100,44,93.0,50,0.25,7,93
200,44,184.0,101,0.51,16,184
2000,44,1810.0,875,4.37,190,1810
10000,44,9036.0,3210,16.05,964,9036
20000,44,17983.0,6489,32.44,2017,17983
40000,44,36039.0,10536,52.68,3961,36039
60000,44,54029.0,17243,86.21,5971,54029
80000,44,72041.0,24235,121.17,7959,72041
100000,44,90080.0,24823,124.11,9920,90080
2,45,1.0,1,0.01,1,1
3,45,2.0,2,0.01,1,2
100,45,88.0,52,0.26,12,88
200,45,176.0,98,0.49,24,176
2000,45,1781.0,982,4.91,219,1781
10000,45,8963.0,3586,17.93,1037,8963
20000,45,17875.0,10395,51.98,2125,17875
40000,45,35859.0,13488,67.44,4141,35859
60000,45,53829.0,17734,88.67,6171,53829
80000,45,71876.0,17740,88.7,8124,71876
100000,45,89969.0,17770,88.85,10031,89969
2,46,2.0,1,0.01,0,2
3,46,3.0,2,0.01,0,3
100,46,83.0,44,0.22,17,83
200,46,174.0,90,0.45,26,174
2000,46,1806.0,902,4.51,194,1806
10000,46,9007.0,4571,22.85,993,9007
20000,46,17996.0,7227,36.14,2004,17996
40000,46,36080.0,9052,45.26,3920,36080
60000,46,54016.0,11618,58.09,5984,54016
80000,46,71971.0,16961,84.8,8029,71971
100000,46,89992.0,20252,101.26,10008,89992
2,47,2.0,1,0.01,0,2
3,47,3.0,2,0.01,0,3
100,47,90.0,49,0.25,10,90
200,47,182.0,98,0.49,18,182
2000,47,1777.0,872,4.36,223,1777
10000,47,8963.0,2335,11.68,1037,8963
20000,47,17929.0,4634,23.17,2071,17929
40000,47,35935.0,11689,58.45,4065,35935
60000,47,53905.0,15276,76.38,6095,53905
80000,47,71908.0,18186,90.93,8092,71908
100000,47,89902.0,20065,100.32,10098,89902
2,48,2.0,1,0.01,0,2
3,48,3.0,2,0.01,0,3
100,48,90.0,51,0.26,10,90
200,48,187.0,104,0.52,13,187
2000,48,1821.0,1026,5.13,179,1821
10000,48,9024.0,3577,17.89,976,9024
20000,48,18037.0,6298,31.49,1963,18037
40000,48,36069.0,9586,47.93,3931,36069
60000,48,54030.0,13082,65.41,5970,54030
80000,48,72096.0,16476,82.38,7904,72096
100000,48,90088.0,18283,91.41,9912,90088
2,49,2.0,1,0.01,0,2
3,49,3.0,2,0.01,0,3
100,49,94.0,50,0.25,6,94
200,49,184.0,100,0.5,16,184
2000,49,1780.0,831,4.15,220,1780
10000,49,8985.0,3442,17.21,1015,8985
20000,49,17979.0,7164,35.82,2021,17979
40000,49,35948.0,13587,67.94,4052,35948
60000,49,54004.0,14894,74.47,5996,54004
80000,49,71981.0,17964,89.82,8019,71981
100000,49,89885.0,20422,102.11,10115,89885
2,50,2.0,1,0.01,0,2
3,50,3.0,2,0.01,0,3
100,50,90.0,50,0.25,10,90
200,50,179.0,98,0.49,21,179
2000,50,1788.0,980,4.9,212,1788
10000,50,8924.0,4810,24.05,1076,8924
20000,50,17909.0,7138,35.69,2091,17909
40000,50,35931.0,9770,48.85,4069,35931
60000,50,53834.0,18368,91.84,6166,53834
80000,50,71809.0,20905,104.52,8191,71809
100000,50,89826.0,21385,106.92,10174,89826
2,51,0.0,1,0.01,2,0
3,51,0.0,2,0.01,3,0
100,51,85.0,52,0.26,15,85
200,51,180.0,104,0.52,20,180
2000,51,1800.0,1070,5.35,200,1800
10000,51,8970.0,3597,17.99,1030,8970
20000,51,17911.0,7025,35.12,2089,17911
40000,51,35889.0,12298,61.49,4111,35889
60000,51,53765.0,17920,89.6,6235,53765
80000,51,71733.0,23269,116.34,8267,71733
100000,51,89631.0,31678,158.39,10369,89631
2,52,0.0,1,0.01,2,0
3,52,0.0,2,0.01,3,0
100,52,89.0,51,0.26,11,89
200,52,181.0,98,0.49,19,181
2000,52,1788.0,749,3.74,212,1788
10000,52,8979.0,2638,13.19,1021,8979
20000,52,17964.0,4180,20.9,2036,17964
40000,52,35920.0,6970,34.85,4080,35920
60000,52,53928.0,13905,69.53,6072,53928
80000,52,71853.0,15386,76.93,8147,71853
100000,52,89811.0,26447,132.23,10189,89811
2,53,2.0,1,0.01,0,2
3,53,3.0,2,0.01,0,3
100,53,90.0,50,0.25,10,90
200,53,181.0,105,0.53,19,181
2000,53,1771.0,948,4.74,229,1771
10000,53,8964.0,4016,20.08,1036,8964
20000,53,17956.0,7629,38.15,2044,17956
40000,53,35932.0,12524,62.62,4068,35932
60000,53,53886.0,18381,91.9,6114,53886
80000,53,71792.0,22783,113.91,8208,71792
100000,53,89720.0,25574,127.87,10280,89720
2,54,2.0,1,0.01,0,2
3,54,3.0,2,0.01,0,3
100,54,90.0,49,0.25,10,90
200,54,181.0,102,0.51,19,181
2000,54,1803.0,926,4.63,197,1803
10000,54,8961.0,3380,16.9,1039,8961
20000,54,17947.0,4441,22.2,2053,17947
40000,54,36005.0,6868,34.34,3995,36005
60000,54,54043.0,7549,37.75,5957,54043
80000,54,72005.0,9332,46.66,7995,72005
100000,54,89996.0,9633,48.17,10004,89996
2,55,1.0,1,0.01,1,1
3,55,2.0,1,0.01,1,2
100,55,87.0,47,0.24,13,87
200,55,176.0,95,0.48,24,176
2000,55,1779.0,798,3.99,221,1779
10000,55,8932.0,4109,20.55,1068,8932
20000,55,17936.0,10617,53.09,2064,17936
40000,55,35925.0,15241,76.21,4075,35925
60000,55,53908.0,20124,100.62,6092,53908
80000,55,71879.0,26100,130.5,8121,71879
100000,55,89786.0,35422,177.11,10214,89786
2,56,2.0,1,0.01,0,2
3,56,3.0,2,0.01,0,3
100,56,95.0,50,0.25,5,95
200,56,183.0,96,0.48,17,183
2000,56,1788.0,957,4.78,212,1788
10000,56,8997.0,4428,22.14,1003,8997
20000,56,17934.0,7405,37.03,2066,17934
40000,56,35966.0,12783,63.92,4034,35966
60000,56,53927.0,18834,94.17,6073,53927
80000,56,71946.0,23917,119.58,8054,71946
100000,56,89851.0,30395,151.97,10149,89851
2,57,2.0,1,0.01,0,2
3,57,3.0,2,0.01,0,3
100,57,89.0,51,0.26,11,89
200,57,180.0,107,0.54,20,180
2000,57,1779.0,1195,5.97,221,1779
10000,57,8960.0,5379,26.89,1040,8960
20000,57,17926.0,8465,42.33,2074,17926
40000,57,35903.0,12744,63.72,4097,35903
60000,57,53778.0,18434,92.17,6222,53778
80000,57,71742.0,21962,109.81,8258,71742
100000,57,89759.0,21962,109.81,10241,89759
2,58,1.0,1,0.01,1,1
3,58,2.0,1,0.01,1,2
100,58,93.0,50,0.25,7,93
200,58,185.0,99,0.5,15,185
2000,58,1801.0,949,4.74,199,1801
10000,58,8980.0,5498,27.49,1020,8980
20000,58,17903.0,10511,52.56,2097,17903
40000,58,35829.0,14574,72.87,4171,35829
60000,58,53801.0,15997,79.98,6199,53801
80000,58,71849.0,16155,80.77,8151,71849
100000,58,89843.0,18830,94.15,10157,89843
2,59,2.0,1,0.01,0,2
3,59,3.0,2,0.01,0,3
100,59,86.0,50,0.25,14,86
200,59,177.0,97,0.49,23,177
2000,59,1799.0,784,3.92,201,1799
10000,59,8971.0,3057,15.29,1029,8971
20000,59,17955.0,6364,31.82,2045,17955
40000,59,36026.0,9258,46.29,3974,36026
60000,59,53953.0,11172,55.86,6047,53953
80000,59,71970.0,11937,59.69,8030,71970
100000,59,89958.0,15509,77.55,10042,89958
2,60,2.0,1,0.01,0,2
3,60,3.0,2,0.01,0,3
100,60,88.0,45,0.23,12,88
200,60,181.0,91,0.46,19,181
2000,60,1820.0,1029,5.14,180,1820
10000,60,8985.0,4298,21.49,1015,8985
20000,60,17950.0,10299,51.5,2050,17950
40000,60,35862.0,16127,80.63,4138,35862
60000,60,53861.0,18837,94.18,6139,53861
80000,60,71772.0,22444,112.22,8228,71772
100000,60,89615.0,30223,151.11,10385,89615
2,61,2.0,1,0.01,0,2
3,61,3.0,2,0.01,0,3
100,61,86.0,52,0.26,14,86
200,61,177.0,105,0.53,23,177
2000,61,1792.0,877,4.38,208,1792
10000,61,8943.0,3570,17.85,1057,8943
20000,61,17937.0,8034,40.17,2063,17937
40000,61,35892.0,14101,70.51,4108,35892
60000,61,53963.0,17519,87.59,6037,53963
80000,61,72015.0,17674,88.37,7985,72015
100000,61,90009.0,22460,112.3,9991,90009
2,62,2.0,1,0.01,0,2
3,62,3.0,2,0.01,0,3
100,62,85.0,51,0.26,15,85
200,62,181.0,102,0.51,19,181
2000,62,1803.0,811,4.05,197,1803
10000,62,8930.0,4237,21.19,1070,8930
20000,62,17870.0,6634,33.17,2130,17870
40000,62,35858.0,9493,47.47,4142,35858
60000,62,53856.0,10218,51.09,6144,53856
80000,62,71949.0,10466,52.33,8051,71949
100000,62,89968.0,13324,66.62,10032,89968
2,63,2.0,1,0.01,0,2
3,63,3.0,2,0.01,0,3
100,63,89.0,48,0.24,11,89
200,63,184.0,94,0.47,16,184
2000,63,1798.0,766,3.83,202,1798
10000,63,9019.0,3814,19.07,981,9019
20000,63,18016.0,6620,33.1,1984,18016
40000,63,36096.0,8806,44.03,3904,36096
60000,63,54000.0,12832,64.16,6000,54000
80000,63,71916.0,16607,83.03,8084,71916
100000,63,89913.0,20774,103.87,10087,89913
2,64,2.0,1,0.01,0,2
3,64,3.0,2,0.01,0,3
100,64,94.0,50,0.25,6,94
200,64,187.0,101,0.51,13,187
2000,64,1820.0,996,4.98,180,1820
10000,64,8995.0,4730,23.65,1005,8995
20000,64,17946.0,8076,40.38,2054,17946
40000,64,35855.0,19465,97.32,4145,35855
60000,64,53756.0,32820,164.1,6244,53756
80000,64,71637.0,38963,194.81,8363,71637
100000,64,89524.0,43263,216.31,10476,89524
2,65,2.0,1,0.01,0,2
3,65,3.0,2,0.01,0,3
100,65,90.0,50,0.25,10,90
200,65,182.0,99,0.5,18,182
2000,65,1826.0,955,4.77,174,1826
10000,65,9009.0,5261,26.3,991,9009
20000,65,18038.0,11019,55.1,1962,18038
40000,65,36040.0,17301,86.5,3960,36040
60000,65,53987.0,24894,124.47,6013,53987
80000,65,71973.0,28387,141.93,8027,71973
100000,65,89931.0,32273,161.36,10069,89931
2,66,2.0,1,0.01,0,2
3,66,3.0,2,0.01,0,3
100,66,94.0,50,0.25,6,94
200,66,183.0,98,0.49,17,183
2000,66,1790.0,915,4.57,210,1790
10000,66,9038.0,2262,11.31,962,9038
20000,66,18028.0,5061,25.3,1972,18028
40000,66,35987.0,7103,35.51,4013,35987
60000,66,53930.0,12211,61.06,6070,53930
80000,66,72042.0,12356,61.78,7958,72042
100000,66,90094.0,13978,69.89,9906,90094
2,67,2.0,1,0.01,0,2
3,67,3.0,2,0.01,0,3
100,67,90.0,51,0.26,10,90
200,67,183.0,111,0.56,17,183
2000,67,1796.0,923,4.61,204,1796
10000,67,8986.0,5475,27.37,1014,8986
20000,67,17967.0,9871,49.36,2033,17967
40000,67,35939.0,18027,90.13,4061,35939
60000,67,53900.0,21222,106.11,6100,53900
80000,67,71946.0,22762,113.81,8054,71946
100000,67,89940.0,24448,122.24,10060,89940
2,68,2.0,1,0.01,0,2
3,68,3.0,2,0.01,0,3
100,68,91.0,48,0.24,9,91
200,68,185.0,97,0.49,15,185
2000,68,1804.0,1030,5.15,196,1804
10000,68,8997.0,4811,24.05,1003,8997
20000,68,17965.0,10322,51.61,2035,17965
40000,68,36032.0,12642,63.21,3968,36032
60000,68,54021.0,14601,73.01,5979,54021
80000,68,72029.0,16864,84.32,7971,72029
100000,68,90025.0,23577,117.88,9975,90025
2,69,1.0,1,0.01,1,1
3,69,2.0,2,0.01,1,2
100,69,91.0,52,0.26,9,91
200,69,180.0,102,0.51,20,180
2000,69,1788.0,867,4.33,212,1788
10000,69,8950.0,3386,16.93,1050,8950
20000,69,17876.0,5742,28.71,2124,17876
40000,69,35903.0,7116,35.58,4097,35903
60000,69,53855.0,12002,60.01,6145,53855
80000,69,71858.0,13892,69.46,8142,71858
100000,69,89834.0,15877,79.39,10166,89834
2,70,1.0,1,0.01,1,1
3,70,2.0,1,0.01,1,2
100,70,89.0,45,0.23,11,89
200,70,178.0,84,0.42,22,178
2000,70,1780.0,814,4.07,220,1780
10000,70,8931.0,5050,25.25,1069,8931
20000,70,17917.0,9152,45.76,2083,17917
40000,70,35838.0,14422,72.11,4162,35838
60000,70,53892.0,15611,78.06,6108,53892
80000,70,71857.0,18097,90.48,8143,71857
100000,70,89854.0,18746,93.73,10146,89854
2,71,2.0,1,0.01,0,2
3,71,3.0,2,0.01,0,3
100,71,89.0,52,0.26,11,89
200,71,178.0,108,0.54,22,178
2000,71,1797.0,966,4.83,203,1797
10000,71,8985.0,3575,17.88,1015,8985
20000,71,17968.0,7135,35.67,2032,17968
40000,71,35941.0,10556,52.78,4059,35941
60000,71,53936.0,12664,63.32,6064,53936
80000,71,71958.0,13444,67.22,8042,71958
100000,71,89909.0,14522,72.61,10091,89909
2,72,2.0,1,0.01,0,2
3,72,3.0,2,0.01,0,3
100,72,86.0,48,0.24,14,86
200,72,172.0,87,0.44,28,172
2000,72,1820.0,826,4.13,180,1820
10000,72,9017.0,3461,17.31,983,9017
20000,72,17934.0,9142,45.71,2066,17934
40000,72,35940.0,12500,62.5,4060,35940
60000,72,53912.0,19021,95.1,6088,53912
80000,72,71856.0,21494,107.47,8144,71856
100000,72,89740.0,27416,137.08,10260,89740
2,73,2.0,1,0.01,0,2
3,73,3.0,2,0.01,0,3
100,73,86.0,48,0.24,14,86
200,73,173.0,103,0.52,27,173
2000,73,1791.0,853,4.26,209,1791
10000,73,8995.0,4413,22.06,1005,8995
20000,73,17933.0,8549,42.75,2067,17933
40000,73,35901.0,17604,88.02,4099,35901
60000,73,53943.0,20144,100.72,6057,53943
80000,73,71918.0,24932,124.66,8082,71918
100000,73,89947.0,25572,127.86,10053,89947
2,74,2.0,1,0.01,0,2
3,74,3.0,2,0.01,0,3
100,74,88.0,50,0.25,12,88
200,74,171.0,103,0.52,29,171
2000,74,1788.0,844,4.22,212,1788
10000,74,8965.0,3797,18.99,1035,8965
20000,74,17960.0,7133,35.66,2040,17960
40000,74,35872.0,10048,50.24,4128,35872
60000,74,53804.0,11421,57.11,6196,53804
80000,74,71877.0,12641,63.21,8123,71877
100000,74,89859.0,17652,88.26,10141,89859
2,75,2.0,1,0.01,0,2
3,75,3.0,2,0.01,0,3
100,75,90.0,49,0.25,10,90
200,75,178.0,92,0.46,22,178
2000,75,1791.0,1049,5.24,209,1791
10000,75,8993.0,4627,23.13,1007,8993
20000,75,17967.0,8693,43.47,2033,17967
40000,75,35944.0,15450,77.25,4056,35944
60000,75,53862.0,20647,103.23,6138,53862
80000,75,71787.0,28995,144.97,8213,71787
100000,75,89788.0,29437,147.18,10212,89788
2,76,2.0,1,0.01,0,2
3,76,3.0,2,0.01,0,3
100,76,88.0,49,0.25,12,88
200,76,180.0,97,0.49,20,180
2000,76,1787.0,812,4.06,213,1787
10000,76,8970.0,3239,16.2,1030,8970
20000,76,17957.0,4522,22.61,2043,17957
40000,76,35977.0,11600,58.0,4023,35977
60000,76,54016.0,16428,82.14,5984,54016
80000,76,72130.0,16512,82.56,7870,72130
100000,76,90214.0,16569,82.84,9786,90214
2,77,2.0,1,0.01,0,2
3,77,3.0,2,0.01,0,3
100,77,89.0,51,0.26,11,89
200,77,181.0,104,0.52,19,181
2000,77,1806.0,1154,5.77,194,1806
10000,77,8935.0,4317,21.58,1065,8935
20000,77,17893.0,9999,50.0,2107,17893
40000,77,35923.0,12837,64.19,4077,35923
60000,77,53877.0,19071,95.35,6123,53877
80000,77,71861.0,24903,124.51,8139,71861
100000,77,89872.0,33049,165.24,10128,89872
2,78,1.0,1,0.01,1,1
3,78,1.0,2,0.01,2,1
100,78,85.0,51,0.26,15,85
200,78,176.0,100,0.5,24,176
2000,78,1805.0,715,3.57,195,1805
10000,78,8988.0,3692,18.46,1012,8988
20000,78,17994.0,6507,32.53,2006,17994
40000,78,35983.0,17418,87.09,4017,35983
60000,78,53961.0,23448,117.24,6039,53961
80000,78,71850.0,30123,150.61,8150,71850
100000,78,89757.0,36004,180.02,10243,89757
2,79,2.0,1,0.01,0,2
3,79,3.0,2,0.01,0,3
100,79,91.0,49,0.25,9,91
200,79,184.0,99,0.5,16,184
2000,79,1789.0,941,4.7,211,1789
10000,79,9000.0,2262,11.31,1000,9000
20000,79,17962.0,2981,14.91,2038,17962
40000,79,35879.0,6826,34.13,4121,35879
60000,79,53819.0,8845,44.23,6181,53819
80000,79,71729.0,16836,84.18,8271,71729
100000,79,89685.0,19238,96.19,10315,89685
2,80,2.0,1,0.01,0,2
3,80,3.0,2,0.01,0,3
100,80,91.0,47,0.24,9,91
200,80,185.0,93,0.47,15,185
2000,80,1798.0,611,3.05,202,1798
10000,80,8972.0,4163,20.82,1028,8972
20000,80,17938.0,9168,45.84,2062,17938
40000,80,35884.0,17332,86.66,4116,35884
60000,80,53865.0,20348,101.74,6135,53865
80000,80,71797.0,23201,116.0,8203,71797
100000,80,89753.0,25373,126.86,10247,89753
2,81,1.0,1,0.01,1,1
3,81,2.0,2,0.01,1,2
100,81,87.0,53,0.27,13,87
200,81,180.0,104,0.52,20,180
2000,81,1812.0,895,4.47,188,1812
10000,81,8995.0,2861,14.31,1005,8995
20000,81,17964.0,6304,31.52,2036,17964
40000,81,35901.0,11203,56.02,4099,35901
60000,81,53879.0,14147,70.74,6121,53879
80000,81,71848.0,16088,80.44,8152,71848
100000,81,89863.0,19398,96.99,10137,89863
2,82,2.0,1,0.01,0,2
3,82,3.0,2,0.01,0,3
100,82,90.0,49,0.25,10,90
200,82,176.0,94,0.47,24,176
2000,82,1801.0,1012,5.06,199,1801
10000,82,8984.0,3469,17.35,1016,8984
20000,82,18011.0,5335,26.67,1989,18011
40000,82,36035.0,14071,70.36,3965,36035
60000,82,53987.0,19679,98.39,6013,53987
80000,82,71956.0,26109,130.54,8044,71956
100000,82,89961.0,32512,162.56,10039,89961
2,83,2.0,1,0.01,0,2
3,83,3.0,2,0.01,0,3
100,83,89.0,49,0.25,11,89
200,83,181.0,105,0.53,19,181
2000,83,1792.0,958,4.79,208,1792
10000,83,8981.0,3622,18.11,1019,8981
20000,83,17984.0,6453,32.26,2016,17984
40000,83,35993.0,12070,60.35,4007,35993
60000,83,53935.0,15569,77.85,6065,53935
80000,83,71935.0,16588,82.94,8065,71935
100000,83,89914.0,17515,87.57,10086,89914
2,84,2.0,1,0.01,0,2
3,84,3.0,2,0.01,0,3
100,84,92.0,50,0.25,8,92
200,84,182.0,103,0.52,18,182
2000,84,1767.0,791,3.95,233,1767
10000,84,8958.0,2051,10.26,1042,8958
20000,84,17931.0,4543,22.71,2069,17931
40000,84,35897.0,12219,61.1,4103,35897
60000,84,53837.0,19783,98.91,6163,53837
80000,84,71804.0,25094,125.47,8196,71804
100000,84,89707.0,33137,165.68,10293,89707
2,85,2.0,1,0.01,0,2
3,85,3.0,2,0.01,0,3
100,85,94.0,49,0.25,6,94
200,85,184.0,103,0.52,16,184
2000,85,1778.0,880,4.4,222,1778
10000,85,8982.0,4146,20.73,1018,8982
20000,85,17966.0,9231,46.16,2034,17966
40000,85,35914.0,16606,83.03,4086,35914
60000,85,53808.0,21963,109.81,6192,53808
80000,85,71862.0,22629,113.14,8138,71862
100000,85,89861.0,26532,132.66,10139,89861
2,86,1.0,1,0.01,1,1
3,86,2.0,1,0.01,1,2
100,86,82.0,53,0.27,18,82
200,86,168.0,111,0.56,32,168
2000,86,1793.0,865,4.32,207,1793
10000,86,8983.0,4634,23.17,1017,8983
20000,86,17974.0,10515,52.58,2026,17974
40000,86,35898.0,19309,96.54,4102,35898
60000,86,53936.0,20012,100.06,6064,53936
80000,86,71903.0,26357,131.78,8097,71903
100000,86,89858.0,32401,162.0,10142,89858
2,87,2.0,1,0.01,0,2
3,87,2.0,2,0.01,1,2
100,87,89.0,51,0.26,11,89
200,87,173.0,107,0.54,27,173
2000,87,1792.0,803,4.01,208,1792
10000,87,8951.0,4030,20.15,1049,8951
20000,87,17891.0,6001,30.0,2109,17891
40000,87,35875.0,9219,46.1,4125,35875
60000,87,53799.0,11250,56.25,6201,53799
80000,87,71719.0,16930,84.65,8281,71719
100000,87,89669.0,17271,86.35,10331,89669
2,88,2.0,1,0.01,0,2
3,88,3.0,2,0.01,0,3
100,88,84.0,50,0.25,16,84
200,88,177.0,98,0.49,23,177
2000,88,1787.0,842,4.21,213,1787
10000,88,8988.0,4072,20.36,1012,8988
20000,88,17965.0,6878,34.39,2035,17965
40000,88,35920.0,11919,59.6,4080,35920
60000,88,53924.0,24400,122.0,6076,53924
80000,88,71897.0,28138,140.69,8103,71897
100000,88,89923.0,36286,181.43,10077,89923
2,89,2.0,1,0.01,0,2
3,89,3.0,2,0.01,0,3
100,89,88.0,52,0.26,12,88
200,89,172.0,110,0.55,28,172
2000,89,1794.0,1269,6.34,206,1794
10000,89,8991.0,3930,19.65,1009,8991
20000,89,18014.0,6207,31.03,1986,18014
40000,89,35990.0,14417,72.09,4010,35990
60000,89,53953.0,19976,99.88,6047,53953
80000,89,71869.0,22991,114.95,8131,71869
100000,89,89876.0,31425,157.12,10124,89876
2,90,1.0,1,0.01,1,1
3,90,2.0,1,0.01,1,2
100,90,89.0,49,0.25,11,89
200,90,179.0,98,0.49,21,179
2000,90,1810.0,896,4.48,190,1810
10000,90,8923.0,4628,23.14,1077,8923
20000,90,17916.0,9097,45.49,2084,17916
40000,90,35850.0,12168,60.84,4150,35850
60000,90,53874.0,17172,85.86,6126,53874
80000,90,71812.0,28056,140.28,8188,71812
100000,90,89763.0,39950,199.75,10237,89763
2,91,2.0,1,0.01,0,2
3,91,3.0,2,0.01,0,3
100,91,92.0,50,0.25,8,92
200,91,178.0,98,0.49,22,178
2000,91,1774.0,1148,5.74,226,1774
10000,91,8959.0,4494,22.47,1041,8959
20000,91,17961.0,5989,29.94,2039,17961
40000,91,35884.0,11318,56.59,4116,35884
60000,91,53905.0,14616,73.08,6095,53905
80000,91,71867.0,16576,82.88,8133,71867
100000,91,89795.0,19211,96.05,10205,89795
2,92,2.0,1,0.01,0,2
3,92,3.0,2,0.01,0,3
100,92,90.0,49,0.25,10,90
200,92,185.0,101,0.51,15,185
2000,92,1793.0,853,4.26,207,1793
10000,92,8989.0,4311,21.55,1011,8989
20000,92,17952.0,7298,36.49,2048,17952
40000,92,35879.0,12397,61.99,4121,35879
60000,92,53801.0,21536,107.68,6199,53801
80000,92,71781.0,25852,129.26,8219,71781
100000,92,89743.0,31407,157.03,10257,89743
2,93,2.0,1,0.01,0,2
3,93,3.0,2,0.01,0,3
100,93,89.0,48,0.24,11,89
200,93,182.0,97,0.49,18,182
2000,93,1824.0,792,3.96,176,1824
10000,93,9012.0,3260,16.3,988,9012
20000,93,18025.0,4577,22.88,1975,18025
40000,93,36029.0,8305,41.53,3971,36029
60000,93,53996.0,11719,58.6,6004,53996
80000,93,72005.0,14516,72.58,7995,72005
100000,93,90039.0,17253,86.26,9961,90039
2,94,2.0,1,0.01,0,2
3,94,3.0,2,0.01,0,3
100,94,90.0,51,0.26,10,90
200,94,181.0,105,0.53,19,181
2000,94,1786.0,1253,6.26,214,1786
10000,94,8982.0,5170,25.85,1018,8982
20000,94,17963.0,8901,44.51,2037,17963
40000,94,35926.0,17978,89.89,4074,35926
60000,94,53910.0,31937,159.68,6090,53910
80000,94,71854.0,35030,175.15,8146,71854
100000,94,89917.0,36609,183.04,10083,89917
2,95,0.0,1,0.01,2,0
3,95,1.0,2,0.01,2,1
100,95,84.0,50,0.25,16,84
200,95,176.0,93,0.47,24,176
2000,95,1809.0,746,3.73,191,1809
10000,95,9023.0,4659,23.29,977,9023
20000,95,17971.0,9373,46.87,2029,17971
40000,95,35866.0,16008,80.04,4134,35866
60000,95,53821.0,20282,101.41,6179,53821
80000,95,71860.0,24341,121.7,8140,71860
100000,95,89843.0,34303,171.51,10157,89843
2,96,2.0,1,0.01,0,2
3,96,3.0,2,0.01,0,3
100,96,86.0,51,0.26,14,86
200,96,167.0,103,0.52,33,167
2000,96,1779.0,1033,5.16,221,1779
10000,96,8964.0,3582,17.91,1036,8964
20000,96,17960.0,5022,25.11,2040,17960
40000,96,35914.0,5876,29.38,4086,35914
60000,96,53879.0,7406,37.03,6121,53879
80000,96,71849.0,8759,43.8,8151,71849
100000,96,89878.0,11953,59.77,10122,89878
2,97,2.0,1,0.01,0,2
3,97,3.0,2,0.01,0,3
100,97,93.0,52,0.26,7,93
200,97,186.0,100,0.5,14,186
2000,97,1800.0,862,4.31,200,1800
10000,97,9018.0,3819,19.1,982,9018
20000,97,18008.0,6331,31.65,1992,18008
40000,97,35995.0,12096,60.48,4005,35995
60000,97,54013.0,16042,80.21,5987,54013
80000,97,71949.0,19509,97.54,8051,71949
100000,97,89896.0,24656,123.28,10104,89896
2,98,2.0,1,0.01,0,2
3,98,3.0,2,0.01,0,3
100,98,88.0,48,0.24,12,88
200,98,178.0,92,0.46,22,178
2000,98,1809.0,1003,5.01,191,1809
10000,98,9006.0,5906,29.53,994,9006
20000,98,18040.0,11046,55.23,1960,18040
40000,98,36005.0,18202,91.01,3995,36005
60000,98,54033.0,22329,111.64,5967,54033
80000,98,72000.0,28522,142.61,8000,72000
100000,98,89958.0,33647,168.23,10042,89958
2,99,2.0,1,0.01,0,2
3,99,3.0,2,0.01,0,3
100,99,90.0,46,0.23,10,90
200,99,185.0,93,0.47,15,185
2000,99,1797.0,861,4.3,203,1797
10000,99,8987.0,3681,18.41,1013,8987
20000,99,17944.0,6447,32.23,2056,17944
40000,99,35775.0,12814,64.07,4225,35775
60000,99,53728.0,15526,77.63,6272,53728
80000,99,71767.0,15526,77.63,8233,71767
100000,99,89730.0,15980,79.9,10270,89730
2,100,2.0,1,0.01,0,2
3,100,3.0,2,0.01,0,3
100,100,94.0,50,0.25,6,94
200,100,186.0,97,0.49,14,186
2000,100,1813.0,1203,6.01,187,1813
10000,100,8972.0,5914,29.57,1028,8972
20000,100,18004.0,8686,43.43,1996,18004
40000,100,35967.0,17733,88.66,4033,35967
60000,100,53826.0,25577,127.88,6174,53826
80000,100,71761.0,31191,155.95,8239,71761
100000,100,89729.0,31734,158.67,10271,89729
