Timestep,Iteration,Total Reward,Suboptimal Arms,Total Regret,Zeros Count,Ones Count
2,1,2.0,1,0.1,0,2
3,1,3.0,1,0.1,0,3
100,1,88.0,15,1.5,12,88
200,1,178.0,53,5.3,22,178
2000,1,1807.0,111,11.1,193,1807
10000,1,9006.0,236,23.6,994,9006
20000,1,17999.0,245,24.5,2001,17999
40000,1,36005.0,315,31.5,3995,36005
60000,1,54009.0,316,31.6,5991,54009
80000,1,71979.0,327,32.7,8021,71979
100000,1,89993.0,330,33.0,10007,89993
2,2,2.0,1,0.1,0,2
3,2,3.0,1,0.1,0,3
100,2,88.0,49,4.9,12,88
200,2,177.0,78,7.8,23,177
2000,2,1774.0,211,21.1,226,1774
10000,2,8929.0,263,26.3,1071,8929
20000,2,17871.0,280,28.0,2129,17871
40000,2,35811.0,287,28.7,4189,35811
60000,2,53851.0,288,28.8,6149,53851
80000,2,71866.0,288,28.8,8134,71866
100000,2,89931.0,288,28.8,10069,89931
2,3,2.0,1,0.1,0,2
3,3,2.0,1,0.1,1,2
100,3,89.0,8,0.8,11,89
200,3,180.0,55,5.5,20,180
2000,3,1795.0,168,16.8,205,1795
10000,3,8981.0,216,21.6,1019,8981
20000,3,17942.0,219,21.9,2058,17942
40000,3,35865.0,235,23.5,4135,35865
60000,3,53838.0,243,24.3,6162,53838
80000,3,71773.0,248,24.8,8227,71773
100000,3,89760.0,257,25.7,10240,89760
2,4,1.0,1,0.1,1,1
3,4,2.0,2,0.2,1,2
100,4,81.0,66,6.6,19,81
200,4,175.0,66,6.6,25,175
2000,4,1780.0,102,10.2,220,1780
10000,4,8972.0,116,11.6,1028,8972
20000,4,17939.0,146,14.6,2061,17939
40000,4,35982.0,157,15.7,4018,35982
60000,4,54017.0,157,15.7,5983,54017
80000,4,71965.0,160,16.0,8035,71965
100000,4,89847.0,167,16.7,10153,89847
2,5,2.0,1,0.1,0,2
3,5,3.0,1,0.1,0,3
100,5,80.0,90,9.0,20,80
200,5,171.0,90,9.0,29,171
2000,5,1775.0,241,24.1,225,1775
10000,5,8981.0,439,43.9,1019,8981
20000,5,17961.0,457,45.7,2039,17961
40000,5,35922.0,481,48.1,4078,35922
60000,5,53873.0,486,48.6,6127,53873
80000,5,71901.0,489,48.9,8099,71901
100000,5,89825.0,500,50.0,10175,89825
2,6,2.0,1,0.1,0,2
3,6,3.0,1,0.1,0,3
100,6,85.0,41,4.1,15,85
200,6,178.0,42,4.2,22,178
2000,6,1777.0,107,10.7,223,1777
10000,6,8960.0,141,14.1,1040,8960
20000,6,17974.0,142,14.2,2026,17974
40000,6,35963.0,159,15.9,4037,35963
60000,6,53985.0,161,16.1,6015,53985
80000,6,72046.0,161,16.1,7954,72046
100000,6,90042.0,161,16.1,9958,90042
2,7,2.0,1,0.1,0,2
3,7,3.0,1,0.1,0,3
100,7,90.0,16,1.6,10,90
200,7,181.0,18,1.8,19,181
2000,7,1777.0,101,10.1,223,1777
10000,7,9031.0,273,27.3,969,9031
20000,7,18062.0,315,31.5,1938,18062
40000,7,36037.0,327,32.7,3963,36037
60000,7,54009.0,360,36.0,5991,54009
80000,7,71997.0,369,36.9,8003,71997
100000,7,90033.0,369,36.9,9967,90033
2,8,1.0,1,0.1,1,1
3,8,2.0,1,0.1,1,2
100,8,90.0,27,2.7,10,90
200,8,175.0,58,5.8,25,175
2000,8,1773.0,165,16.5,227,1773
10000,8,8994.0,184,18.4,1006,8994
20000,8,17991.0,201,20.1,2009,17991
40000,8,36004.0,205,20.5,3996,36004
60000,8,53969.0,206,20.6,6031,53969
80000,8,71865.0,207,20.7,8135,71865
100000,8,89876.0,207,20.7,10124,89876
2,9,2.0,1,0.1,0,2
3,9,3.0,1,0.1,0,3
100,9,90.0,20,2.0,10,90
200,9,183.0,21,2.1,17,183
2000,9,1795.0,51,5.1,205,1795
10000,9,9033.0,146,14.6,967,9033
20000,9,18004.0,360,36.0,1996,18004
40000,9,35910.0,377,37.7,4090,35910
60000,9,53889.0,395,39.5,6111,53889
80000,9,71827.0,396,39.6,8173,71827
100000,9,89819.0,396,39.6,10181,89819
2,10,2.0,1,0.1,0,2
3,10,3.0,1,0.1,0,3
100,10,90.0,16,1.6,10,90
200,10,177.0,17,1.7,23,177
2000,10,1800.0,145,14.5,200,1800
10000,10,8993.0,188,18.8,1007,8993
20000,10,18019.0,203,20.3,1981,18019
40000,10,35958.0,218,21.8,4042,35958
60000,10,53936.0,224,22.4,6064,53936
80000,10,71908.0,224,22.4,8092,71908
100000,10,89832.0,264,26.4,10168,89832
2,11,1.0,1,0.1,1,1
3,11,2.0,1,0.1,1,2
100,11,89.0,16,1.6,11,89
200,11,177.0,24,2.4,23,177
2000,11,1808.0,32,3.2,192,1808
10000,11,9018.0,55,5.5,982,9018
20000,11,17999.0,60,6.0,2001,17999
40000,11,35977.0,61,6.1,4023,35977
60000,11,54033.0,61,6.1,5967,54033
80000,11,72081.0,61,6.1,7919,72081
100000,11,90088.0,63,6.3,9912,90088
2,12,2.0,1,0.1,0,2
3,12,3.0,1,0.1,0,3
100,12,89.0,45,4.5,11,89
200,12,171.0,88,8.8,29,171
2000,12,1789.0,210,21.0,211,1789
10000,12,8977.0,259,25.9,1023,8977
20000,12,17997.0,271,27.1,2003,17997
40000,12,36005.0,294,29.4,3995,36005
60000,12,54052.0,296,29.6,5948,54052
80000,12,72032.0,299,29.9,7968,72032
100000,12,90052.0,358,35.8,9948,90052
2,13,1.0,1,0.1,1,1
3,13,2.0,1,0.1,1,2
100,13,91.0,7,0.7,9,91
200,13,182.0,7,0.7,18,182
2000,13,1819.0,44,4.4,181,1819
10000,13,9033.0,55,5.5,967,9033
20000,13,18111.0,57,5.7,1889,18111
40000,13,36115.0,80,8.0,3885,36115
60000,13,54114.0,86,8.6,5886,54114
80000,13,72175.0,86,8.6,7825,72175
100000,13,90101.0,86,8.6,9899,90101
2,14,2.0,1,0.1,0,2
3,14,2.0,1,0.1,1,2
100,14,87.0,3,0.3,13,87
200,14,176.0,26,2.6,24,176
2000,14,1812.0,55,5.5,188,1812
10000,14,9006.0,85,8.5,994,9006
20000,14,18051.0,87,8.7,1949,18051
40000,14,36140.0,90,9.0,3860,36140
60000,14,54116.0,93,9.3,5884,54116
80000,14,72160.0,93,9.3,7840,72160
100000,14,90262.0,97,9.7,9738,90262
2,15,2.0,1,0.1,0,2
3,15,3.0,1,0.1,0,3
100,15,86.0,58,5.8,14,86
200,15,167.0,99,9.9,33,167
2000,15,1765.0,195,19.5,235,1765
10000,15,8976.0,236,23.6,1024,8976
20000,15,17980.0,246,24.6,2020,17980
40000,15,35986.0,268,26.8,4014,35986
60000,15,54001.0,269,26.9,5999,54001
80000,15,72000.0,280,28.0,8000,72000
100000,15,89999.0,282,28.2,10001,89999
2,16,1.0,1,0.1,1,1
3,16,1.0,2,0.2,2,1
100,16,86.0,38,3.8,14,86
200,16,174.0,38,3.8,26,174
2000,16,1801.0,126,12.6,199,1801
10000,16,9007.0,137,13.7,993,9007
20000,16,18031.0,215,21.5,1969,18031
40000,16,36017.0,235,23.5,3983,36017
60000,16,53983.0,283,28.3,6017,53983
80000,16,71978.0,285,28.5,8022,71978
100000,16,89974.0,288,28.8,10026,89974
2,17,2.0,1,0.1,0,2
3,17,3.0,1,0.1,0,3
100,17,85.0,25,2.5,15,85
200,17,173.0,25,2.5,27,173
2000,17,1793.0,36,3.6,207,1793
10000,17,8980.0,69,6.9,1020,8980
20000,17,18048.0,107,10.7,1952,18048
40000,17,36065.0,163,16.3,3935,36065
60000,17,54143.0,164,16.4,5857,54143
80000,17,72218.0,164,16.4,7782,72218
100000,17,90184.0,167,16.7,9816,90184
2,18,2.0,1,0.1,0,2
3,18,3.0,1,0.1,0,3
100,18,82.0,23,2.3,18,82
200,18,172.0,31,3.1,28,172
2000,18,1788.0,78,7.8,212,1788
10000,18,8968.0,332,33.2,1032,8968
20000,18,17976.0,340,34.0,2024,17976
40000,18,35940.0,347,34.7,4060,35940
60000,18,53934.0,352,35.2,6066,53934
80000,18,71875.0,365,36.5,8125,71875
100000,18,89875.0,369,36.9,10125,89875
2,19,2.0,1,0.1,0,2
3,19,3.0,1,0.1,0,3
100,19,85.0,38,3.8,15,85
200,19,171.0,55,5.5,29,171
2000,19,1784.0,157,15.7,216,1784
10000,19,8936.0,195,19.5,1064,8936
20000,19,17906.0,197,19.7,2094,17906
40000,19,35920.0,203,20.3,4080,35920
60000,19,53854.0,205,20.5,6146,53854
80000,19,71875.0,209,20.9,8125,71875
100000,19,89839.0,213,21.3,10161,89839
2,20,2.0,1,0.1,0,2
3,20,3.0,1,0.1,0,3
100,20,93.0,32,3.2,7,93
200,20,186.0,72,7.2,14,186
2000,20,1789.0,157,15.7,211,1789
10000,20,8997.0,185,18.5,1003,8997
20000,20,18066.0,191,19.1,1934,18066
40000,20,36155.0,198,19.8,3845,36155
60000,20,54199.0,203,20.3,5801,54199
80000,20,72199.0,203,20.3,7801,72199
100000,20,90213.0,204,20.4,9787,90213
2,21,2.0,1,0.1,0,2
3,21,3.0,1,0.1,0,3
100,21,83.0,25,2.5,17,83
200,21,173.0,70,7.0,27,173
2000,21,1792.0,151,15.1,208,1792
10000,21,8938.0,249,24.9,1062,8938
20000,21,17894.0,267,26.7,2106,17894
40000,21,35922.0,270,27.0,4078,35922
60000,21,53900.0,273,27.3,6100,53900
80000,21,71997.0,273,27.3,8003,71997
100000,21,90038.0,274,27.4,9962,90038
2,22,2.0,1,0.1,0,2
3,22,3.0,1,0.1,0,3
100,22,83.0,33,3.3,17,83
200,22,171.0,59,5.9,29,171
2000,22,1776.0,78,7.8,224,1776
10000,22,8956.0,107,10.7,1044,8956
20000,22,17980.0,254,25.4,2020,17980
40000,22,35968.0,262,26.2,4032,35968
60000,22,53906.0,265,26.5,6094,53906
80000,22,71934.0,265,26.5,8066,71934
100000,22,89954.0,274,27.4,10046,89954
2,23,2.0,1,0.1,0,2
3,23,3.0,1,0.1,0,3
100,23,92.0,29,2.9,8,92
200,23,178.0,46,4.6,22,178
2000,23,1772.0,64,6.4,228,1772
10000,23,8946.0,74,7.4,1054,8946
20000,23,17995.0,99,9.9,2005,17995
40000,23,35923.0,106,10.6,4077,35923
60000,23,53901.0,132,13.2,6099,53901
80000,23,71887.0,133,13.3,8113,71887
100000,23,89884.0,133,13.3,10116,89884
2,24,2.0,1,0.1,0,2
3,24,2.0,1,0.1,1,2
100,24,86.0,10,1.0,14,86
200,24,178.0,10,1.0,22,178
2000,24,1788.0,25,2.5,212,1788
10000,24,8982.0,103,10.3,1018,8982
20000,24,18004.0,110,11.0,1996,18004
40000,24,35933.0,124,12.4,4067,35933
60000,24,53992.0,128,12.8,6008,53992
80000,24,72026.0,129,12.9,7974,72026
100000,24,90024.0,129,12.9,9976,90024
2,25,2.0,1,0.1,0,2
3,25,3.0,1,0.1,0,3
100,25,94.0,12,1.2,6,94
200,25,182.0,27,2.7,18,182
2000,25,1805.0,47,4.7,195,1805
10000,25,9016.0,64,6.4,984,9016
20000,25,18020.0,70,7.0,1980,18020
40000,25,36038.0,72,7.2,3962,36038
60000,25,53985.0,72,7.2,6015,53985
80000,25,71987.0,95,9.5,8013,71987
100000,25,90033.0,95,9.5,9967,90033
2,26,2.0,1,0.1,0,2
3,26,3.0,1,0.1,0,3
100,26,87.0,18,1.8,13,87
200,26,172.0,20,2.0,28,172
2000,26,1755.0,82,8.2,245,1755
10000,26,8966.0,86,8.6,1034,8966
20000,26,17970.0,87,8.7,2030,17970
40000,26,35946.0,156,15.6,4054,35946
60000,26,53946.0,156,15.6,6054,53946
80000,26,72010.0,156,15.6,7990,72010
100000,26,90036.0,157,15.7,9964,90036
2,27,1.0,1,0.1,1,1
3,27,1.0,1,0.1,2,1
100,27,94.0,4,0.4,6,94
200,27,183.0,6,0.6,17,183
2000,27,1785.0,70,7.0,215,1785
10000,27,8988.0,159,15.9,1012,8988
20000,27,17998.0,161,16.1,2002,17998
40000,27,35953.0,249,24.9,4047,35953
60000,27,53945.0,251,25.1,6055,53945
80000,27,72048.0,251,25.1,7952,72048
100000,27,90079.0,251,25.1,9921,90079
2,28,1.0,1,0.1,1,1
3,28,2.0,1,0.1,1,2
100,28,84.0,35,3.5,16,84
200,28,171.0,84,8.4,29,171
2000,28,1774.0,200,20.0,226,1774
10000,28,8916.0,236,23.6,1084,8916
20000,28,17937.0,238,23.8,2063,17937
40000,28,35950.0,239,23.9,4050,35950
60000,28,53997.0,240,24.0,6003,53997
80000,28,72046.0,240,24.0,7954,72046
100000,28,90021.0,242,24.2,9979,90021
2,29,2.0,1,0.1,0,2
3,29,3.0,1,0.1,0,3
100,29,89.0,22,2.2,11,89
200,29,177.0,44,4.4,23,177
2000,29,1796.0,73,7.3,204,1796
10000,29,8949.0,120,12.0,1051,8949
20000,29,17948.0,137,13.7,2052,17948
40000,29,35921.0,162,16.2,4079,35921
60000,29,53886.0,162,16.2,6114,53886
80000,29,71893.0,167,16.7,8107,71893
100000,29,89872.0,171,17.1,10128,89872
2,30,2.0,1,0.1,0,2
3,30,3.0,1,0.1,0,3
100,30,93.0,11,1.1,7,93
200,30,182.0,46,4.6,18,182
2000,30,1799.0,130,13.0,201,1799
10000,30,9011.0,169,16.9,989,9011
20000,30,17995.0,176,17.6,2005,17995
40000,30,35888.0,305,30.5,4112,35888
60000,30,53864.0,311,31.1,6136,53864
80000,30,71837.0,314,31.4,8163,71837
100000,30,89863.0,314,31.4,10137,89863
2,31,1.0,1,0.1,1,1
3,31,1.0,2,0.2,2,1
100,31,82.0,35,3.5,18,82
200,31,173.0,35,3.5,27,173
2000,31,1775.0,97,9.7,225,1775
10000,31,8937.0,359,35.9,1063,8937
20000,31,17917.0,394,39.4,2083,17917
40000,31,35893.0,448,44.8,4107,35893
60000,31,53957.0,450,45.0,6043,53957
80000,31,72018.0,450,45.0,7982,72018
100000,31,89965.0,476,47.6,10035,89965
2,32,2.0,1,0.1,0,2
3,32,3.0,1,0.1,0,3
100,32,90.0,19,1.9,10,90
200,32,176.0,29,2.9,24,176
2000,32,1787.0,70,7.0,213,1787
10000,32,8984.0,102,10.2,1016,8984
20000,32,17977.0,104,10.4,2023,17977
40000,32,36002.0,122,12.2,3998,36002
60000,32,53969.0,123,12.3,6031,53969
80000,32,71954.0,123,12.3,8046,71954
100000,32,89912.0,123,12.3,10088,89912
2,33,2.0,1,0.1,0,2
3,33,2.0,1,0.1,1,2
100,33,86.0,28,2.8,14,86
200,33,174.0,29,2.9,26,174
2000,33,1763.0,114,11.4,237,1763
10000,33,8963.0,116,11.6,1037,8963
20000,33,18005.0,117,11.7,1995,18005
40000,33,36033.0,130,13.0,3967,36033
60000,33,54054.0,131,13.1,5946,54054
80000,33,72089.0,131,13.1,7911,72089
100000,33,90157.0,131,13.1,9843,90157
2,34,2.0,1,0.1,0,2
3,34,3.0,1,0.1,0,3
100,34,93.0,27,2.7,7,93
200,34,178.0,43,4.3,22,178
2000,34,1784.0,97,9.7,216,1784
10000,34,8981.0,123,12.3,1019,8981
20000,34,17921.0,137,13.7,2079,17921
40000,34,35945.0,179,17.9,4055,35945
60000,34,53948.0,181,18.1,6052,53948
80000,34,71910.0,192,19.2,8090,71910
100000,34,89943.0,202,20.2,10057,89943
2,35,2.0,1,0.1,0,2
3,35,2.0,1,0.1,1,2
100,35,87.0,12,1.2,13,87
200,35,177.0,32,3.2,23,177
2000,35,1804.0,74,7.4,196,1804
10000,35,9003.0,197,19.7,997,9003
20000,35,17992.0,221,22.1,2008,17992
40000,35,36016.0,251,25.1,3984,36016
60000,35,54026.0,283,28.3,5974,54026
80000,35,71986.0,286,28.6,8014,71986
100000,35,90009.0,335,33.5,9991,90009
2,36,2.0,1,0.1,0,2
3,36,3.0,1,0.1,0,3
100,36,88.0,20,2.0,12,88
200,36,177.0,21,2.1,23,177
2000,36,1781.0,88,8.8,219,1781
10000,36,9008.0,151,15.1,992,9008
20000,36,17977.0,167,16.7,2023,17977
40000,36,36070.0,181,18.1,3930,36070
60000,36,54006.0,249,24.9,5994,54006
80000,36,72010.0,252,25.2,7990,72010
100000,36,89974.0,293,29.3,10026,89974
2,37,2.0,1,0.1,0,2
3,37,3.0,1,0.1,0,3
100,37,92.0,24,2.4,8,92
200,37,181.0,26,2.6,19,181
2000,37,1792.0,70,7.0,208,1792
10000,37,9006.0,162,16.2,994,9006
20000,37,18005.0,163,16.3,1995,18005
40000,37,36058.0,167,16.7,3942,36058
60000,37,54008.0,169,16.9,5992,54008
80000,37,71961.0,170,17.0,8039,71961
100000,37,89945.0,170,17.0,10055,89945
2,38,2.0,1,0.1,0,2
3,38,3.0,1,0.1,0,3
100,38,88.0,13,1.3,12,88
200,38,178.0,31,3.1,22,178
2000,38,1785.0,49,4.9,215,1785
10000,38,8994.0,279,27.9,1006,8994
20000,38,17957.0,291,29.1,2043,17957
40000,38,36004.0,296,29.6,3996,36004
60000,38,54012.0,298,29.8,5988,54012
80000,38,71980.0,332,33.2,8020,71980
100000,38,89942.0,336,33.6,10058,89942
2,39,2.0,1,0.1,0,2
3,39,3.0,1,0.1,0,3
100,39,91.0,6,0.6,9,91
200,39,177.0,6,0.6,23,177
2000,39,1796.0,8,0.8,204,1796
10000,39,8959.0,139,13.9,1041,8959
20000,39,17948.0,283,28.3,2052,17948
40000,39,35966.0,288,28.8,4034,35966
60000,39,53886.0,292,29.2,6114,53886
80000,39,71851.0,309,30.9,8149,71851
100000,39,89850.0,313,31.3,10150,89850
2,40,1.0,1,0.1,1,1
3,40,2.0,2,0.2,1,2
100,40,78.0,98,9.8,22,78
200,40,154.0,198,19.8,46,154
2000,40,1772.0,371,37.1,228,1772
10000,40,8949.0,371,37.1,1051,8949
20000,40,17967.0,371,37.1,2033,17967
40000,40,35926.0,371,37.1,4074,35926
60000,40,53851.0,371,37.1,6149,53851
80000,40,71825.0,371,37.1,8175,71825
100000,40,89719.0,371,37.1,10281,89719
2,41,0.0,1,0.1,2,0
3,41,1.0,1,0.1,2,1
100,41,92.0,19,1.9,8,92
200,41,176.0,75,7.5,24,176
2000,41,1779.0,161,16.1,221,1779
10000,41,8996.0,178,17.8,1004,8996
20000,41,18007.0,185,18.5,1993,18007
40000,41,35894.0,250,25.0,4106,35894
60000,41,53927.0,260,26.0,6073,53927
80000,41,71969.0,262,26.2,8031,71969
100000,41,89928.0,262,26.2,10072,89928
2,42,2.0,1,0.1,0,2
3,42,3.0,1,0.1,0,3
100,42,92.0,21,2.1,8,92
200,42,185.0,60,6.0,15,185
2000,42,1794.0,170,17.0,206,1794
10000,42,8965.0,265,26.5,1035,8965
20000,42,17939.0,267,26.7,2061,17939
40000,42,35912.0,290,29.0,4088,35912
60000,42,53830.0,352,35.2,6170,53830
80000,42,71867.0,352,35.2,8133,71867
100000,42,89867.0,356,35.6,10133,89867
2,43,1.0,1,0.1,1,1
3,43,2.0,1,0.1,1,2
100,43,86.0,10,1.0,14,86
200,43,175.0,10,1.0,25,175
2000,43,1777.0,65,6.5,223,1777
10000,43,8992.0,75,7.5,1008,8992
20000,43,17987.0,81,8.1,2013,17987
40000,43,36070.0,84,8.4,3930,36070
60000,43,54116.0,85,8.5,5884,54116
80000,43,72147.0,85,8.5,7853,72147
100000,43,90139.0,85,8.5,9861,90139
2,44,2.0,1,0.1,0,2
3,44,3.0,1,0.1,0,3
100,44,89.0,17,1.7,11,89
200,44,174.0,57,5.7,26,174
2000,44,1796.0,97,9.7,204,1796
10000,44,8990.0,141,14.1,1010,8990
20000,44,18005.0,168,16.8,1995,18005
40000,44,35975.0,174,17.4,4025,35975
60000,44,53990.0,175,17.5,6010,53990
80000,44,71987.0,177,17.7,8013,71987
100000,44,89967.0,177,17.7,10033,89967
2,45,2.0,1,0.1,0,2
3,45,3.0,1,0.1,0,3
100,45,86.0,11,1.1,14,86
200,45,174.0,21,2.1,26,174
2000,45,1764.0,131,13.1,236,1764
10000,45,8946.0,147,14.7,1054,8946
20000,45,17980.0,148,14.8,2020,17980
40000,45,36049.0,154,15.4,3951,36049
60000,45,54077.0,155,15.5,5923,54077
80000,45,72084.0,155,15.5,7916,72084
100000,45,90108.0,155,15.5,9892,90108
2,46,1.0,1,0.1,1,1
3,46,2.0,1,0.1,1,2
100,46,90.0,2,0.2,10,90
200,46,176.0,2,0.2,24,176
2000,46,1788.0,46,4.6,212,1788
10000,46,8991.0,128,12.8,1009,8991
20000,46,17986.0,130,13.0,2014,17986
40000,46,35909.0,242,24.2,4091,35909
60000,46,53967.0,242,24.2,6033,53967
80000,46,71933.0,245,24.5,8067,71933
100000,46,89944.0,246,24.6,10056,89944
2,47,2.0,1,0.1,0,2
3,47,3.0,1,0.1,0,3
100,47,87.0,33,3.3,13,87
200,47,175.0,49,4.9,25,175
2000,47,1792.0,135,13.5,208,1792
10000,47,8970.0,165,16.5,1030,8970
20000,47,17933.0,231,23.1,2067,17933
40000,47,35889.0,254,25.4,4111,35889
60000,47,53808.0,255,25.5,6192,53808
80000,47,71781.0,255,25.5,8219,71781
100000,47,89758.0,277,27.7,10242,89758
2,48,2.0,1,0.1,0,2
3,48,3.0,1,0.1,0,3
100,48,86.0,19,1.9,14,86
200,48,178.0,33,3.3,22,178
2000,48,1779.0,146,14.6,221,1779
10000,48,8927.0,163,16.3,1073,8927
20000,48,17942.0,164,16.4,2058,17942
40000,48,35866.0,184,18.4,4134,35866
60000,48,53890.0,185,18.5,6110,53890
80000,48,71774.0,186,18.6,8226,71774
100000,48,89783.0,186,18.6,10217,89783
2,49,2.0,1,0.1,0,2
3,49,3.0,1,0.1,0,3
100,49,86.0,19,1.9,14,86
200,49,170.0,30,3.0,30,170
2000,49,1760.0,101,10.1,240,1760
10000,49,8946.0,112,11.2,1054,8946
20000,49,17983.0,114,11.4,2017,17983
40000,49,35980.0,292,29.2,4020,35980
60000,49,53983.0,390,39.0,6017,53983
80000,49,71983.0,391,39.1,8017,71983
100000,49,89937.0,395,39.5,10063,89937
2,50,2.0,1,0.1,0,2
3,50,3.0,1,0.1,0,3
100,50,89.0,15,1.5,11,89
200,50,176.0,20,2.0,24,176
2000,50,1786.0,154,15.4,214,1786
10000,50,9019.0,180,18.0,981,9019
20000,50,18063.0,219,21.9,1937,18063
40000,50,36053.0,222,22.2,3947,36053
60000,50,54056.0,265,26.5,5944,54056
80000,50,72058.0,268,26.8,7942,72058
100000,50,90077.0,271,27.1,9923,90077
2,51,2.0,1,0.1,0,2
3,51,3.0,1,0.1,0,3
100,51,84.0,30,3.0,16,84
200,51,174.0,45,4.5,26,174
2000,51,1780.0,137,13.7,220,1780
10000,51,8994.0,204,20.4,1006,8994
20000,51,17997.0,214,21.4,2003,17997
40000,51,35988.0,246,24.6,4012,35988
60000,51,53896.0,258,25.8,6104,53896
80000,51,71871.0,273,27.3,8129,71871
100000,51,89896.0,273,27.3,10104,89896
2,52,2.0,1,0.1,0,2
3,52,3.0,1,0.1,0,3
100,52,90.0,34,3.4,10,90
200,52,182.0,39,3.9,18,182
2000,52,1800.0,202,20.2,200,1800
10000,52,8994.0,325,32.5,1006,8994
20000,52,18016.0,376,37.6,1984,18016
40000,52,36043.0,384,38.4,3957,36043
60000,52,54026.0,471,47.1,5974,54026
80000,52,71996.0,478,47.8,8004,71996
100000,52,89942.0,489,48.9,10058,89942
2,53,2.0,1,0.1,0,2
3,53,3.0,1,0.1,0,3
100,53,91.0,54,5.4,9,91
200,53,176.0,91,9.1,24,176
2000,53,1781.0,230,23.0,219,1781
10000,53,8984.0,278,27.8,1016,8984
20000,53,17951.0,333,33.3,2049,17951
40000,53,36030.0,337,33.7,3970,36030
60000,53,54034.0,347,34.7,5966,54034
80000,53,72031.0,348,34.8,7969,72031
100000,53,89970.0,350,35.0,10030,89970
2,54,1.0,1,0.1,1,1
3,54,2.0,2,0.2,1,2
100,54,85.0,34,3.4,15,85
200,54,172.0,34,3.4,28,172
2000,54,1781.0,234,23.4,219,1781
10000,54,9005.0,258,25.8,995,9005
20000,54,17991.0,326,32.6,2009,17991
40000,54,36040.0,327,32.7,3960,36040
60000,54,54086.0,342,34.2,5914,54086
80000,54,72097.0,467,46.7,7903,72097
100000,54,90132.0,467,46.7,9868,90132
2,55,0.0,1,0.1,2,0
3,55,1.0,1,0.1,2,1
100,55,86.0,2,0.2,14,86
200,55,177.0,2,0.2,23,177
2000,55,1779.0,244,24.4,221,1779
10000,55,8998.0,270,27.0,1002,8998
20000,55,17957.0,281,28.1,2043,17957
40000,55,36002.0,283,28.3,3998,36002
60000,55,53993.0,290,29.0,6007,53993
80000,55,72003.0,291,29.1,7997,72003
100000,55,89988.0,291,29.1,10012,89988
2,56,1.0,1,0.1,1,1
3,56,2.0,2,0.2,1,2
100,56,80.0,29,2.9,20,80
200,56,167.0,30,3.0,33,167
2000,56,1772.0,54,5.4,228,1772
10000,56,8975.0,67,6.7,1025,8975
20000,56,17962.0,68,6.8,2038,17962
40000,56,35958.0,68,6.8,4042,35958
60000,56,53943.0,70,7.0,6057,53943
80000,56,72025.0,70,7.0,7975,72025
100000,56,90059.0,70,7.0,9941,90059
2,57,2.0,1,0.1,0,2
3,57,3.0,1,0.1,0,3
100,57,91.0,5,0.5,9,91
200,57,182.0,6,0.6,18,182
2000,57,1780.0,114,11.4,220,1780
10000,57,8964.0,171,17.1,1036,8964
20000,57,17902.0,189,18.9,2098,17902
40000,57,35938.0,196,19.6,4062,35938
60000,57,53947.0,208,20.8,6053,53947
80000,57,72012.0,210,21.0,7988,72012
100000,57,90037.0,210,21.0,9963,90037
2,58,2.0,1,0.1,0,2
3,58,3.0,1,0.1,0,3
100,58,84.0,36,3.6,16,84
200,58,179.0,36,3.6,21,179
2000,58,1776.0,171,17.1,224,1776
10000,58,8981.0,233,23.3,1019,8981
20000,58,17925.0,245,24.5,2075,17925
40000,58,35898.0,249,24.9,4102,35898
60000,58,53914.0,250,25.0,6086,53914
80000,58,71921.0,250,25.0,8079,71921
100000,58,89843.0,254,25.4,10157,89843
2,59,1.0,1,0.1,1,1
3,59,2.0,1,0.1,1,2
100,59,86.0,6,0.6,14,86
200,59,173.0,9,0.9,27,173
2000,59,1793.0,49,4.9,207,1793
10000,59,8983.0,54,5.4,1017,8983
20000,59,17982.0,141,14.1,2018,17982
40000,59,35976.0,142,14.2,4024,35976
60000,59,54028.0,176,17.6,5972,54028
80000,59,71997.0,179,17.9,8003,71997
100000,59,89979.0,179,17.9,10021,89979
2,60,1.0,1,0.1,1,1
3,60,2.0,2,0.2,1,2
100,60,80.0,93,9.3,20,80
200,60,161.0,193,19.3,39,161
2000,60,1753.0,311,31.1,247,1753
10000,60,8934.0,311,31.1,1066,8934
20000,60,17895.0,311,31.1,2105,17895
40000,60,35919.0,313,31.3,4081,35919
60000,60,54016.0,315,31.5,5984,54016
80000,60,72011.0,315,31.5,7989,72011
100000,60,90024.0,319,31.9,9976,90024
2,61,2.0,1,0.1,0,2
3,61,3.0,1,0.1,0,3
100,61,93.0,34,3.4,7,93
200,61,183.0,68,6.8,17,183
2000,61,1786.0,273,27.3,214,1786
10000,61,8942.0,335,33.5,1058,8942
20000,61,17962.0,339,33.9,2038,17962
40000,61,35982.0,363,36.3,4018,35982
60000,61,53941.0,373,37.3,6059,53941
80000,61,71952.0,383,38.3,8048,71952
100000,61,89959.0,394,39.4,10041,89959
2,62,2.0,1,0.1,0,2
3,62,3.0,1,0.1,0,3
100,62,85.0,15,1.5,15,85
200,62,180.0,15,1.5,20,180
2000,62,1790.0,25,2.5,210,1790
10000,62,9004.0,91,9.1,996,9004
20000,62,17952.0,126,12.6,2048,17952
40000,62,36009.0,130,13.0,3991,36009
60000,62,53976.0,137,13.7,6024,53976
80000,62,72001.0,137,13.7,7999,72001
100000,62,89914.0,140,14.0,10086,89914
2,63,1.0,1,0.1,1,1
3,63,2.0,1,0.1,1,2
100,63,88.0,25,2.5,12,88
200,63,183.0,42,4.2,17,183
2000,63,1799.0,180,18.0,201,1799
10000,63,8957.0,315,31.5,1043,8957
20000,63,17955.0,355,35.5,2045,17955
40000,63,35989.0,431,43.1,4011,35989
60000,63,53958.0,447,44.7,6042,53958
80000,63,71977.0,448,44.8,8023,71977
100000,63,90066.0,448,44.8,9934,90066
2,64,2.0,1,0.1,0,2
3,64,3.0,1,0.1,0,3
100,64,87.0,46,4.6,13,87
200,64,174.0,80,8.0,26,174
2000,64,1760.0,234,23.4,240,1760
10000,64,8976.0,246,24.6,1024,8976
20000,64,17981.0,250,25.0,2019,17981
40000,64,36013.0,311,31.1,3987,36013
60000,64,53963.0,320,32.0,6037,53963
80000,64,71936.0,320,32.0,8064,71936
100000,64,89978.0,321,32.1,10022,89978
2,65,2.0,1,0.1,0,2
3,65,3.0,1,0.1,0,3
100,65,92.0,30,3.0,8,92
200,65,180.0,48,4.8,20,180
2000,65,1795.0,71,7.1,205,1795
10000,65,9018.0,99,9.9,982,9018
20000,65,17970.0,117,11.7,2030,17970
40000,65,35990.0,118,11.8,4010,35990
60000,65,53932.0,126,12.6,6068,53932
80000,65,71912.0,128,12.8,8088,71912
100000,65,89833.0,128,12.8,10167,89833
2,66,2.0,1,0.1,0,2
3,66,3.0,1,0.1,0,3
100,66,88.0,31,3.1,12,88
200,66,176.0,37,3.7,24,176
2000,66,1769.0,207,20.7,231,1769
10000,66,8946.0,248,24.8,1054,8946
20000,66,17959.0,361,36.1,2041,17959
40000,66,35972.0,374,37.4,4028,35972
60000,66,53922.0,385,38.5,6078,53922
80000,66,71885.0,388,38.8,8115,71885
100000,66,89930.0,394,39.4,10070,89930
2,67,2.0,1,0.1,0,2
3,67,3.0,1,0.1,0,3
100,67,85.0,46,4.6,15,85
200,67,174.0,47,4.7,26,174
2000,67,1781.0,100,10.0,219,1781
10000,67,8907.0,175,17.5,1093,8907
20000,67,17893.0,191,19.1,2107,17893
40000,67,35950.0,191,19.1,4050,35950
60000,67,54016.0,193,19.3,5984,54016
80000,67,72015.0,193,19.3,7985,72015
100000,67,90065.0,194,19.4,9935,90065
2,68,2.0,1,0.1,0,2
3,68,3.0,1,0.1,0,3
100,68,87.0,44,4.4,13,87
200,68,167.0,92,9.2,33,167
2000,68,1794.0,169,16.9,206,1794
10000,68,8993.0,270,27.0,1007,8993
20000,68,17973.0,276,27.6,2027,17973
40000,68,35906.0,347,34.7,4094,35906
60000,68,53929.0,351,35.1,6071,53929
80000,68,71951.0,355,35.5,8049,71951
100000,68,90012.0,356,35.6,9988,90012
2,69,2.0,1,0.1,0,2
3,69,3.0,1,0.1,0,3
100,69,86.0,32,3.2,14,86
200,69,176.0,37,3.7,24,176
2000,69,1789.0,46,4.6,211,1789
10000,69,8977.0,52,5.2,1023,8977
20000,69,18033.0,155,15.5,1967,18033
40000,69,36025.0,156,15.6,3975,36025
60000,69,54075.0,195,19.5,5925,54075
80000,69,72100.0,195,19.5,7900,72100
100000,69,90098.0,198,19.8,9902,90098
2,70,2.0,1,0.1,0,2
3,70,3.0,1,0.1,0,3
100,70,80.0,43,4.3,20,80
200,70,173.0,43,4.3,27,173
2000,70,1789.0,91,9.1,211,1789
10000,70,8988.0,237,23.7,1012,8988
20000,70,17971.0,288,28.8,2029,17971
40000,70,35906.0,297,29.7,4094,35906
60000,70,53889.0,313,31.3,6111,53889
80000,70,71920.0,314,31.4,8080,71920
100000,70,89870.0,314,31.4,10130,89870
2,71,2.0,1,0.1,0,2
3,71,3.0,1,0.1,0,3
100,71,89.0,39,3.9,11,89
200,71,178.0,89,8.9,22,178
2000,71,1782.0,203,20.3,218,1782
10000,71,8981.0,231,23.1,1019,8981
20000,71,17999.0,240,24.0,2001,17999
40000,71,35996.0,296,29.6,4004,35996
60000,71,54066.0,306,30.6,5934,54066
80000,71,72051.0,341,34.1,7949,72051
100000,71,90071.0,341,34.1,9929,90071
2,72,2.0,1,0.1,0,2
3,72,3.0,1,0.1,0,3
100,72,91.0,21,2.1,9,91
200,72,180.0,65,6.5,20,180
2000,72,1798.0,152,15.2,202,1798
10000,72,8988.0,184,18.4,1012,8988
20000,72,18009.0,188,18.8,1991,18009
40000,72,36083.0,189,18.9,3917,36083
60000,72,54108.0,190,19.0,5892,54108
80000,72,72190.0,190,19.0,7810,72190
100000,72,90243.0,192,19.2,9757,90243
2,73,2.0,1,0.1,0,2
3,73,3.0,1,0.1,0,3
100,73,81.0,14,1.4,19,81
200,73,166.0,16,1.6,34,166
2000,73,1780.0,76,7.6,220,1780
10000,73,9025.0,118,11.8,975,9025
20000,73,18038.0,128,12.8,1962,18038
40000,73,36010.0,129,12.9,3990,36010
60000,73,54008.0,134,13.4,5992,54008
80000,73,71998.0,135,13.5,8002,71998
100000,73,89987.0,135,13.5,10013,89987
2,74,2.0,1,0.1,0,2
3,74,3.0,1,0.1,0,3
100,74,91.0,82,8.2,9,91
200,74,176.0,161,16.1,24,176
2000,74,1760.0,474,47.4,240,1760
10000,74,8951.0,594,59.4,1049,8951
20000,74,17903.0,639,63.9,2097,17903
40000,74,35883.0,675,67.5,4117,35883
60000,74,53837.0,679,67.9,6163,53837
80000,74,71843.0,680,68.0,8157,71843
100000,74,89798.0,680,68.0,10202,89798
2,75,2.0,1,0.1,0,2
3,75,3.0,1,0.1,0,3
100,75,80.0,86,8.6,20,80
200,75,166.0,87,8.7,34,166
2000,75,1780.0,101,10.1,220,1780
10000,75,8960.0,177,17.7,1040,8960
20000,75,17963.0,179,17.9,2037,17963
40000,75,36010.0,187,18.7,3990,36010
60000,75,54055.0,190,19.0,5945,54055
80000,75,72105.0,192,19.2,7895,72105
100000,75,90097.0,192,19.2,9903,90097
2,76,2.0,1,0.1,0,2
3,76,3.0,1,0.1,0,3
100,76,89.0,46,4.6,11,89
200,76,181.0,61,6.1,19,181
2000,76,1794.0,150,15.0,206,1794
10000,76,8983.0,292,29.2,1017,8983
20000,76,17924.0,337,33.7,2076,17924
40000,76,35859.0,378,37.8,4141,35859
60000,76,53799.0,388,38.8,6201,53799
80000,76,71781.0,441,44.1,8219,71781
100000,76,89738.0,446,44.6,10262,89738
2,77,2.0,1,0.1,0,2
3,77,3.0,1,0.1,0,3
100,77,85.0,35,3.5,15,85
200,77,177.0,37,3.7,23,177
2000,77,1762.0,117,11.7,238,1762
10000,77,8955.0,147,14.7,1045,8955
20000,77,17887.0,227,22.7,2113,17887
40000,77,35872.0,232,23.2,4128,35872
60000,77,53862.0,232,23.2,6138,53862
80000,77,71892.0,234,23.4,8108,71892
100000,77,89823.0,234,23.4,10177,89823
2,78,2.0,1,0.1,0,2
3,78,3.0,1,0.1,0,3
100,78,83.0,71,7.1,17,83
200,78,174.0,114,11.4,26,174
2000,78,1801.0,184,18.4,199,1801
10000,78,9042.0,285,28.5,958,9042
20000,78,18067.0,294,29.4,1933,18067
40000,78,36043.0,310,31.0,3957,36043
60000,78,54096.0,328,32.8,5904,54096
80000,78,72101.0,329,32.9,7899,72101
100000,78,90163.0,329,32.9,9837,90163
2,79,2.0,1,0.1,0,2
3,79,3.0,1,0.1,0,3
100,79,86.0,30,3.0,14,86
200,79,174.0,45,4.5,26,174
2000,79,1765.0,135,13.5,235,1765
10000,79,8966.0,139,13.9,1034,8966
20000,79,17959.0,164,16.4,2041,17959
40000,79,35891.0,184,18.4,4109,35891
60000,79,53822.0,199,19.9,6178,53822
80000,79,71783.0,222,22.2,8217,71783
100000,79,89811.0,232,23.2,10189,89811
2,80,2.0,1,0.1,0,2
3,80,3.0,1,0.1,0,3
100,80,87.0,35,3.5,13,87
200,80,173.0,52,5.2,27,173
2000,80,1778.0,126,12.6,222,1778
10000,80,8959.0,313,31.3,1041,8959
20000,80,17944.0,320,32.0,2056,17944
40000,80,35973.0,322,32.2,4027,35973
60000,80,53946.0,362,36.2,6054,53946
80000,80,71924.0,362,36.2,8076,71924
100000,80,89884.0,365,36.5,10116,89884
2,81,2.0,1,0.1,0,2
3,81,3.0,1,0.1,0,3
100,81,92.0,27,2.7,8,92
200,81,179.0,64,6.4,21,179
2000,81,1786.0,146,14.6,214,1786
10000,81,9029.0,207,20.7,971,9029
20000,81,18025.0,262,26.2,1975,18025
40000,81,36012.0,377,37.7,3988,36012
60000,81,54029.0,382,38.2,5971,54029
80000,81,71977.0,383,38.3,8023,71977
100000,81,90033.0,383,38.3,9967,90033
2,82,2.0,1,0.1,0,2
3,82,3.0,1,0.1,0,3
100,82,86.0,7,0.7,14,86
200,82,174.0,8,0.8,26,174
2000,82,1812.0,9,0.9,188,1812
10000,82,8977.0,86,8.6,1023,8977
20000,82,17978.0,87,8.7,2022,17978
40000,82,35949.0,93,9.3,4051,35949
60000,82,53939.0,93,9.3,6061,53939
80000,82,71943.0,106,10.6,8057,71943
100000,82,90044.0,106,10.6,9956,90044
2,83,2.0,1,0.1,0,2
3,83,3.0,1,0.1,0,3
100,83,90.0,7,0.7,10,90
200,83,188.0,7,0.7,12,188
2000,83,1796.0,38,3.8,204,1796
10000,83,8999.0,171,17.1,1001,8999
20000,83,18001.0,175,17.5,1999,18001
40000,83,35952.0,223,22.3,4048,35952
60000,83,53905.0,239,23.9,6095,53905
80000,83,71925.0,268,26.8,8075,71925
100000,83,89942.0,268,26.8,10058,89942
2,84,2.0,1,0.1,0,2
3,84,3.0,1,0.1,0,3
100,84,87.0,12,1.2,13,87
200,84,177.0,16,1.6,23,177
2000,84,1821.0,38,3.8,179,1821
10000,84,8979.0,78,7.8,1021,8979
20000,84,17929.0,120,12.0,2071,17929
40000,84,35947.0,122,12.2,4053,35947
60000,84,53954.0,145,14.5,6046,53954
80000,84,71896.0,151,15.1,8104,71896
100000,84,89866.0,151,15.1,10134,89866
2,85,1.0,1,0.1,1,1
3,85,1.0,2,0.2,2,1
100,85,84.0,27,2.7,16,84
200,85,175.0,27,2.7,25,175
2000,85,1784.0,77,7.7,216,1784
10000,85,8995.0,88,8.8,1005,8995
20000,85,17992.0,111,11.1,2008,17992
40000,85,35968.0,146,14.6,4032,35968
60000,85,53968.0,147,14.7,6032,53968
80000,85,71997.0,147,14.7,8003,71997
100000,85,90019.0,147,14.7,9981,90019
2,86,0.0,1,0.1,2,0
3,86,1.0,1,0.1,2,1
100,86,80.0,39,3.9,20,80
200,86,166.0,45,4.5,34,166
2000,86,1777.0,182,18.2,223,1777
10000,86,8990.0,364,36.4,1010,8990
20000,86,17944.0,446,44.6,2056,17944
40000,86,35947.0,450,45.0,4053,35947
60000,86,53944.0,454,45.4,6056,53944
80000,86,71944.0,461,46.1,8056,71944
100000,86,89930.0,464,46.4,10070,89930
2,87,2.0,1,0.1,0,2
3,87,3.0,1,0.1,0,3
100,87,90.0,60,6.0,10,90
200,87,172.0,100,10.0,28,172
2000,87,1764.0,167,16.7,236,1764
10000,87,8977.0,253,25.3,1023,8977
20000,87,18046.0,284,28.4,1954,18046
40000,87,36104.0,287,28.7,3896,36104
60000,87,54113.0,294,29.4,5887,54113
80000,87,72128.0,295,29.5,7872,72128
100000,87,90128.0,341,34.1,9872,90128
2,88,2.0,1,0.1,0,2
3,88,3.0,1,0.1,0,3
100,88,86.0,32,3.2,14,86
200,88,179.0,64,6.4,21,179
2000,88,1800.0,138,13.8,200,1800
10000,88,9005.0,166,16.6,995,9005
20000,88,17988.0,287,28.7,2012,17988
40000,88,36061.0,298,29.8,3939,36061
60000,88,53966.0,341,34.1,6034,53966
80000,88,71976.0,341,34.1,8024,71976
100000,88,89964.0,360,36.0,10036,89964
2,89,1.0,1,0.1,1,1
3,89,2.0,1,0.1,1,2
100,89,92.0,3,0.3,8,92
200,89,185.0,3,0.3,15,185
2000,89,1801.0,30,3.0,199,1801
10000,89,9081.0,31,3.1,919,9081
20000,89,18111.0,32,3.2,1889,18111
40000,89,36106.0,38,3.8,3894,36106
60000,89,54153.0,38,3.8,5847,54153
80000,89,72163.0,38,3.8,7837,72163
100000,89,90078.0,40,4.0,9922,90078
2,90,0.0,1,0.1,2,0
3,90,1.0,1,0.1,2,1
100,90,85.0,10,1.0,15,85
200,90,180.0,10,1.0,20,180
2000,90,1775.0,134,13.4,225,1775
10000,90,8964.0,177,17.7,1036,8964
20000,90,17984.0,179,17.9,2016,17984
40000,90,35970.0,199,19.9,4030,35970
60000,90,53945.0,202,20.2,6055,53945
80000,90,71976.0,204,20.4,8024,71976
100000,90,89998.0,204,20.4,10002,89998
2,91,1.0,1,0.1,1,1
3,91,2.0,1,0.1,1,2
100,91,94.0,4,0.4,6,94
200,91,183.0,12,1.2,17,183
2000,91,1782.0,66,6.6,218,1782
10000,91,8972.0,72,7.2,1028,8972
20000,91,18009.0,72,7.2,1991,18009
40000,91,36069.0,74,7.4,3931,36069
60000,91,54114.0,89,8.9,5886,54114
80000,91,72128.0,104,10.4,7872,72128
100000,91,90088.0,155,15.5,9912,90088
2,92,0.0,1,0.1,2,0
3,92,1.0,1,0.1,2,1
100,92,88.0,2,0.2,12,88
200,92,182.0,2,0.2,18,182
2000,92,1790.0,3,0.3,210,1790
10000,92,8965.0,3,0.3,1035,8965
20000,92,18005.0,4,0.4,1995,18005
40000,92,36032.0,4,0.4,3968,36032
60000,92,54035.0,4,0.4,5965,54035
80000,92,72044.0,4,0.4,7956,72044
100000,92,90058.0,4,0.4,9942,90058
2,93,1.0,1,0.1,1,1
3,93,2.0,2,0.2,1,2
100,93,85.0,40,4.0,15,85
200,93,175.0,40,4.0,25,175
2000,93,1803.0,96,9.6,197,1803
10000,93,9017.0,200,20.0,983,9017
20000,93,17982.0,239,23.9,2018,17982
40000,93,35940.0,263,26.3,4060,35940
60000,93,53941.0,268,26.8,6059,53941
80000,93,71902.0,304,30.4,8098,71902
100000,93,90024.0,304,30.4,9976,90024
2,94,2.0,1,0.1,0,2
3,94,2.0,1,0.1,1,2
100,94,88.0,47,4.7,12,88
200,94,180.0,47,4.7,20,180
2000,94,1807.0,219,21.9,193,1807
10000,94,9036.0,258,25.8,964,9036
20000,94,17995.0,294,29.4,2005,17995
40000,94,35963.0,312,31.2,4037,35963
60000,94,53969.0,315,31.5,6031,53969
80000,94,71939.0,404,40.4,8061,71939
100000,94,89867.0,405,40.5,10133,89867
2,95,2.0,1,0.1,0,2
3,95,3.0,1,0.1,0,3
100,95,84.0,26,2.6,16,84
200,95,168.0,50,5.0,32,168
2000,95,1765.0,82,8.2,235,1765
10000,95,8993.0,106,10.6,1007,8993
20000,95,17988.0,118,11.8,2012,17988
40000,95,35863.0,281,28.1,4137,35863
60000,95,53881.0,282,28.2,6119,53881
80000,95,71843.0,282,28.2,8157,71843
100000,95,89868.0,284,28.4,10132,89868
2,96,1.0,1,0.1,1,1
3,96,2.0,1,0.1,1,2
100,96,87.0,2,0.2,13,87
200,96,182.0,2,0.2,18,182
2000,96,1821.0,30,3.0,179,1821
10000,96,9025.0,58,5.8,975,9025
20000,96,18054.0,61,6.1,1946,18054
40000,96,36143.0,62,6.2,3857,36143
60000,96,54163.0,62,6.2,5837,54163
80000,96,72208.0,155,15.5,7792,72208
100000,96,90135.0,155,15.5,9865,90135
2,97,2.0,1,0.1,0,2
3,97,3.0,1,0.1,0,3
100,97,86.0,19,1.9,14,86
200,97,181.0,19,1.9,19,181
2000,97,1772.0,224,22.4,228,1772
10000,97,8967.0,287,28.7,1033,8967
20000,97,17960.0,318,31.8,2040,17960
40000,97,35974.0,374,37.4,4026,35974
60000,97,53945.0,403,40.3,6055,53945
80000,97,71923.0,416,41.6,8077,71923
100000,97,90001.0,416,41.6,9999,90001
2,98,1.0,1,0.1,1,1
3,98,1.0,1,0.1,2,1
100,98,84.0,23,2.3,16,84
200,98,172.0,33,3.3,28,172
2000,98,1775.0,64,6.4,225,1775
10000,98,8943.0,68,6.8,1057,8943
20000,98,17996.0,69,6.9,2004,17996
40000,98,35919.0,71,7.1,4081,35919
60000,98,53953.0,71,7.1,6047,53953
80000,98,71993.0,71,7.1,8007,71993
100000,98,89985.0,75,7.5,10015,89985
2,99,2.0,1,0.1,0,2
3,99,3.0,1,0.1,0,3
100,99,90.0,14,1.4,10,90
200,99,183.0,18,1.8,17,183
2000,99,1800.0,142,14.2,200,1800
10000,99,8980.0,306,30.6,1020,8980
20000,99,17935.0,316,31.6,2065,17935
40000,99,35941.0,321,32.1,4059,35941
60000,99,53975.0,323,32.3,6025,53975
80000,99,71958.0,339,33.9,8042,71958
100000,99,89951.0,345,34.5,10049,89951
2,100,2.0,1,0.1,0,2
3,100,3.0,1,0.1,0,3
100,100,87.0,19,1.9,13,87
200,100,171.0,26,2.6,29,171
2000,100,1785.0,35,3.5,215,1785
10000,100,8998.0,62,6.2,1002,8998
20000,100,17992.0,141,14.1,2008,17992
40000,100,35962.0,147,14.7,4038,35962
60000,100,54011.0,151,15.1,5989,54011
80000,100,72074.0,151,15.1,7926,72074
100000,100,90056.0,154,15.4,9944,90056
