Timestep,Iteration,Total Reward,Suboptimal Arms,Total Regret,Zeros Count,Ones Count
2,1,2.0,1,0.1,0,2
3,1,3.0,2,0.2,0,3
100,1,88.0,54,5.4,12,88
200,1,168.0,74,7.4,32,168
2000,1,1777.0,119,11.9,223,1777
10000,1,8971.0,153,15.3,1029,8971
20000,1,18012.0,183,18.3,1988,18012
40000,1,36006.0,187,18.7,3994,36006
60000,1,53977.0,188,18.8,6023,53977
80000,1,72003.0,292,29.2,7997,72003
100000,1,89960.0,294,29.4,10040,89960
2,2,1.0,1,0.1,1,1
3,2,1.0,2,0.2,2,1
100,2,87.0,35,3.5,13,87
200,2,178.0,35,3.5,22,178
2000,2,1787.0,156,15.6,213,1787
10000,2,8990.0,244,24.4,1010,8990
20000,2,17977.0,256,25.6,2023,17977
40000,2,35989.0,307,30.7,4011,35989
60000,2,54005.0,382,38.2,5995,54005
80000,2,72041.0,390,39.0,7959,72041
100000,2,90074.0,390,39.0,9926,90074
2,3,2.0,1,0.1,0,2
3,3,3.0,2,0.2,0,3
100,3,85.0,18,1.8,15,85
200,3,173.0,19,1.9,27,173
2000,3,1792.0,75,7.5,208,1792
10000,3,8990.0,111,11.1,1010,8990
20000,3,17990.0,173,17.3,2010,17990
40000,3,36018.0,175,17.5,3982,36018
60000,3,54068.0,184,18.4,5932,54068
80000,3,72106.0,188,18.8,7894,72106
100000,3,90109.0,193,19.3,9891,90109
2,4,2.0,1,0.1,0,2
3,4,3.0,2,0.2,0,3
100,4,86.0,33,3.3,14,86
200,4,173.0,45,4.5,27,173
2000,4,1789.0,155,15.5,211,1789
10000,4,9029.0,168,16.8,971,9029
20000,4,17976.0,207,20.7,2024,17976
40000,4,35999.0,211,21.1,4001,35999
60000,4,54021.0,214,21.4,5979,54021
80000,4,72027.0,222,22.2,7973,72027
100000,4,90093.0,222,22.2,9907,90093
2,5,2.0,1,0.1,0,2
3,5,3.0,2,0.2,0,3
100,5,88.0,52,5.2,12,88
200,5,178.0,70,7.0,22,178
2000,5,1777.0,143,14.3,223,1777
10000,5,8973.0,182,18.2,1027,8973
20000,5,17985.0,270,27.0,2015,17985
40000,5,36011.0,275,27.5,3989,36011
60000,5,54006.0,284,28.4,5994,54006
80000,5,72040.0,286,28.6,7960,72040
100000,5,90005.0,297,29.7,9995,90005
2,6,2.0,1,0.1,0,2
3,6,3.0,2,0.2,0,3
100,6,90.0,61,6.1,10,90
200,6,176.0,95,9.5,24,176
2000,6,1752.0,195,19.5,248,1752
10000,6,8947.0,217,21.7,1053,8947
20000,6,17922.0,249,24.9,2078,17922
40000,6,35901.0,256,25.6,4099,35901
60000,6,53929.0,260,26.0,6071,53929
80000,6,71945.0,263,26.3,8055,71945
100000,6,89921.0,267,26.7,10079,89921
2,7,2.0,1,0.1,0,2
3,7,3.0,2,0.2,0,3
100,7,88.0,15,1.5,12,88
200,7,173.0,24,2.4,27,173
2000,7,1774.0,58,5.8,226,1774
10000,7,8957.0,172,17.2,1043,8957
20000,7,17941.0,185,18.5,2059,17941
40000,7,35949.0,195,19.5,4051,35949
60000,7,53936.0,195,19.5,6064,53936
80000,7,71977.0,197,19.7,8023,71977
100000,7,89952.0,197,19.7,10048,89952
2,8,2.0,1,0.1,0,2
3,8,3.0,2,0.2,0,3
100,8,89.0,46,4.6,11,89
200,8,176.0,63,6.3,24,176
2000,8,1787.0,138,13.8,213,1787
10000,8,9008.0,191,19.1,992,9008
20000,8,17999.0,217,21.7,2001,17999
40000,8,36029.0,222,22.2,3971,36029
60000,8,54033.0,228,22.8,5967,54033
80000,8,72028.0,272,27.2,7972,72028
100000,8,90000.0,273,27.3,10000,90000
2,9,1.0,1,0.1,1,1
3,9,2.0,1,0.1,1,2
100,9,87.0,2,0.2,13,87
200,9,177.0,2,0.2,23,177
2000,9,1805.0,20,2.0,195,1805
10000,9,9015.0,103,10.3,985,9015
20000,9,17972.0,109,10.9,2028,17972
40000,9,35951.0,110,11.0,4049,35951
60000,9,53878.0,113,11.3,6122,53878
80000,9,71824.0,113,11.3,8176,71824
100000,9,89837.0,120,12.0,10163,89837
2,10,2.0,1,0.1,0,2
3,10,3.0,2,0.2,0,3
100,10,88.0,26,2.6,12,88
200,10,175.0,56,5.6,25,175
2000,10,1801.0,209,20.9,199,1801
10000,10,9027.0,282,28.2,973,9027
20000,10,18018.0,296,29.6,1982,18018
40000,10,36011.0,318,31.8,3989,36011
60000,10,54061.0,320,32.0,5939,54061
80000,10,72081.0,323,32.3,7919,72081
100000,10,90069.0,325,32.5,9931,90069
2,11,2.0,1,0.1,0,2
3,11,3.0,2,0.2,0,3
100,11,79.0,37,3.7,21,79
200,11,169.0,37,3.7,31,169
2000,11,1795.0,41,4.1,205,1795
10000,11,9023.0,87,8.7,977,9023
20000,11,18010.0,88,8.8,1990,18010
40000,11,36011.0,94,9.4,3989,36011
60000,11,54029.0,94,9.4,5971,54029
80000,11,72016.0,95,9.5,7984,72016
100000,11,90007.0,95,9.5,9993,90007
2,12,2.0,1,0.1,0,2
3,12,3.0,2,0.2,0,3
100,12,82.0,84,8.4,18,82
200,12,169.0,84,8.4,31,169
2000,12,1769.0,206,20.6,231,1769
10000,12,8978.0,327,32.7,1022,8978
20000,12,17964.0,336,33.6,2036,17964
40000,12,35973.0,427,42.7,4027,35973
60000,12,54000.0,435,43.5,6000,54000
80000,12,72004.0,437,43.7,7996,72004
100000,12,89962.0,474,47.4,10038,89962
2,13,2.0,1,0.1,0,2
3,13,3.0,2,0.2,0,3
100,13,89.0,29,2.9,11,89
200,13,179.0,35,3.5,21,179
2000,13,1800.0,73,7.3,200,1800
10000,13,9019.0,83,8.3,981,9019
20000,13,18007.0,103,10.3,1993,18007
40000,13,36010.0,130,13.0,3990,36010
60000,13,54015.0,131,13.1,5985,54015
80000,13,72012.0,131,13.1,7988,72012
100000,13,90056.0,131,13.1,9944,90056
2,14,2.0,1,0.1,0,2
3,14,3.0,2,0.2,0,3
100,14,86.0,30,3.0,14,86
200,14,174.0,44,4.4,26,174
2000,14,1783.0,237,23.7,217,1783
10000,14,8982.0,292,29.2,1018,8982
20000,14,18038.0,300,30.0,1962,18038
40000,14,35994.0,365,36.5,4006,35994
60000,14,54055.0,367,36.7,5945,54055
80000,14,72003.0,368,36.8,7997,72003
100000,14,89989.0,370,37.0,10011,89989
2,15,2.0,1,0.1,0,2
3,15,3.0,2,0.2,0,3
100,15,90.0,9,0.9,10,90
200,15,180.0,13,1.3,20,180
2000,15,1777.0,206,20.6,223,1777
10000,15,8968.0,320,32.0,1032,8968
20000,15,17980.0,327,32.7,2020,17980
40000,15,35979.0,331,33.1,4021,35979
60000,15,53946.0,371,37.1,6054,53946
80000,15,71873.0,374,37.4,8127,71873
100000,15,89846.0,391,39.1,10154,89846
2,16,2.0,1,0.1,0,2
3,16,3.0,2,0.2,0,3
100,16,88.0,25,2.5,12,88
200,16,173.0,66,6.6,27,173
2000,16,1810.0,114,11.4,190,1810
10000,16,9011.0,153,15.3,989,9011
20000,16,17980.0,162,16.2,2020,17980
40000,16,35995.0,168,16.8,4005,35995
60000,16,54004.0,170,17.0,5996,54004
80000,16,71962.0,327,32.7,8038,71962
100000,16,89948.0,330,33.0,10052,89948
2,17,2.0,1,0.1,0,2
3,17,3.0,2,0.2,0,3
100,17,89.0,12,1.2,11,89
200,17,179.0,23,2.3,21,179
2000,17,1800.0,107,10.7,200,1800
10000,17,8961.0,160,16.0,1039,8961
20000,17,17942.0,206,20.6,2058,17942
40000,17,35941.0,237,23.7,4059,35941
60000,17,53930.0,239,23.9,6070,53930
80000,17,71973.0,239,23.9,8027,71973
100000,17,90046.0,240,24.0,9954,90046
2,18,1.0,1,0.1,1,1
3,18,2.0,2,0.2,1,2
100,18,89.0,24,2.4,11,89
200,18,176.0,24,2.4,24,176
2000,18,1786.0,88,8.8,214,1786
10000,18,8992.0,112,11.2,1008,8992
20000,18,18005.0,117,11.7,1995,18005
40000,18,36035.0,128,12.8,3965,36035
60000,18,53972.0,130,13.0,6028,53972
80000,18,71949.0,130,13.0,8051,71949
100000,18,89984.0,130,13.0,10016,89984
2,19,2.0,1,0.1,0,2
3,19,3.0,2,0.2,0,3
100,19,91.0,15,1.5,9,91
200,19,180.0,17,1.7,20,180
2000,19,1785.0,46,4.6,215,1785
10000,19,8995.0,51,5.1,1005,8995
20000,19,18006.0,51,5.1,1994,18006
40000,19,35954.0,57,5.7,4046,35954
60000,19,53801.0,84,8.4,6199,53801
80000,19,71806.0,84,8.4,8194,71806
100000,19,89838.0,84,8.4,10162,89838
2,20,2.0,1,0.1,0,2
3,20,3.0,2,0.2,0,3
100,20,88.0,8,0.8,12,88
200,20,173.0,19,1.9,27,173
2000,20,1811.0,97,9.7,189,1811
10000,20,8995.0,117,11.7,1005,8995
20000,20,18039.0,140,14.0,1961,18039
40000,20,36042.0,188,18.8,3958,36042
60000,20,54034.0,197,19.7,5966,54034
80000,20,72028.0,200,20.0,7972,72028
100000,20,90061.0,202,20.2,9939,90061
2,21,2.0,1,0.1,0,2
3,21,3.0,2,0.2,0,3
100,21,93.0,42,4.2,7,93
200,21,181.0,59,5.9,19,181
2000,21,1791.0,176,17.6,209,1791
10000,21,8993.0,224,22.4,1007,8993
20000,21,17982.0,265,26.5,2018,17982
40000,21,35928.0,328,32.8,4072,35928
60000,21,53862.0,355,35.5,6138,53862
80000,21,71880.0,358,35.8,8120,71880
100000,21,89982.0,358,35.8,10018,89982
2,22,2.0,1,0.1,0,2
3,22,3.0,2,0.2,0,3
100,22,89.0,9,0.9,11,89
200,22,175.0,53,5.3,25,175
2000,22,1749.0,378,37.8,251,1749
10000,22,8995.0,389,38.9,1005,8995
20000,22,17993.0,452,45.2,2007,17993
40000,22,36075.0,457,45.7,3925,36075
60000,22,54085.0,461,46.1,5915,54085
80000,22,72128.0,462,46.2,7872,72128
100000,22,90169.0,496,49.6,9831,90169
2,23,2.0,1,0.1,0,2
3,23,3.0,2,0.2,0,3
100,23,89.0,25,2.5,11,89
200,23,181.0,27,2.7,19,181
2000,23,1813.0,56,5.6,187,1813
10000,23,9046.0,76,7.6,954,9046
20000,23,18071.0,131,13.1,1929,18071
40000,23,36116.0,143,14.3,3884,36116
60000,23,54089.0,159,15.9,5911,54089
80000,23,72108.0,161,16.1,7892,72108
100000,23,90082.0,161,16.1,9918,90082
2,24,1.0,1,0.1,1,1
3,24,2.0,2,0.2,1,2
100,24,85.0,41,4.1,15,85
200,24,179.0,41,4.1,21,179
2000,24,1789.0,127,12.7,211,1789
10000,24,9032.0,172,17.2,968,9032
20000,24,17997.0,280,28.0,2003,17997
40000,24,35994.0,325,32.5,4006,35994
60000,24,53999.0,345,34.5,6001,53999
80000,24,72090.0,345,34.5,7910,72090
100000,24,90119.0,346,34.6,9881,90119
2,25,2.0,1,0.1,0,2
3,25,3.0,2,0.2,0,3
100,25,89.0,27,2.7,11,89
200,25,177.0,33,3.3,23,177
2000,25,1800.0,60,6.0,200,1800
10000,25,8993.0,125,12.5,1007,8993
20000,25,17973.0,141,14.1,2027,17973
40000,25,35961.0,152,15.2,4039,35961
60000,25,53938.0,156,15.6,6062,53938
80000,25,71987.0,156,15.6,8013,71987
100000,25,89993.0,159,15.9,10007,89993
2,26,2.0,1,0.1,0,2
3,26,3.0,2,0.2,0,3
100,26,86.0,30,3.0,14,86
200,26,178.0,39,3.9,22,178
2000,26,1781.0,80,8.0,219,1781
10000,26,9002.0,125,12.5,998,9002
20000,26,18016.0,131,13.1,1984,18016
40000,26,36014.0,155,15.5,3986,36014
60000,26,54055.0,165,16.5,5945,54055
80000,26,72005.0,212,21.2,7995,72005
100000,26,90087.0,212,21.2,9913,90087
2,27,2.0,1,0.1,0,2
3,27,3.0,2,0.2,0,3
100,27,85.0,25,2.5,15,85
200,27,175.0,27,2.7,25,175
2000,27,1783.0,109,10.9,217,1783
10000,27,8990.0,150,15.0,1010,8990
20000,27,18037.0,163,16.3,1963,18037
40000,27,36048.0,189,18.9,3952,36048
60000,27,53995.0,194,19.4,6005,53995
80000,27,71932.0,196,19.6,8068,71932
100000,27,89967.0,196,19.6,10033,89967
2,28,2.0,1,0.1,0,2
3,28,2.0,2,0.2,1,2
100,28,78.0,88,8.8,22,78
200,28,160.0,186,18.6,40,160
2000,28,1767.0,243,24.3,233,1767
10000,28,8931.0,290,29.0,1069,8931
20000,28,17916.0,307,30.7,2084,17916
40000,28,35907.0,353,35.3,4093,35907
60000,28,53882.0,396,39.6,6118,53882
80000,28,71878.0,396,39.6,8122,71878
100000,28,89874.0,413,41.3,10126,89874
2,29,2.0,1,0.1,0,2
3,29,3.0,2,0.2,0,3
100,29,87.0,35,3.5,13,87
200,29,178.0,46,4.6,22,178
2000,29,1817.0,66,6.6,183,1817
10000,29,9069.0,122,12.2,931,9069
20000,29,18075.0,138,13.8,1925,18075
40000,29,36071.0,189,18.9,3929,36071
60000,29,54123.0,199,19.9,5877,54123
80000,29,72058.0,200,20.0,7942,72058
100000,29,90081.0,202,20.2,9919,90081
2,30,1.0,1,0.1,1,1
3,30,2.0,2,0.2,1,2
100,30,86.0,46,4.6,14,86
200,30,179.0,46,4.6,21,179
2000,30,1758.0,143,14.3,242,1758
10000,30,8948.0,151,15.1,1052,8948
20000,30,17907.0,152,15.2,2093,17907
40000,30,35908.0,157,15.7,4092,35908
60000,30,53890.0,158,15.8,6110,53890
80000,30,71860.0,158,15.8,8140,71860
100000,30,89866.0,158,15.8,10134,89866
2,31,2.0,1,0.1,0,2
3,31,3.0,2,0.2,0,3
100,31,89.0,30,3.0,11,89
200,31,178.0,56,5.6,22,178
2000,31,1793.0,153,15.3,207,1793
10000,31,9028.0,285,28.5,972,9028
20000,31,18010.0,305,30.5,1990,18010
40000,31,36065.0,309,30.9,3935,36065
60000,31,54041.0,311,31.1,5959,54041
80000,31,72125.0,311,31.1,7875,72125
100000,31,90099.0,312,31.2,9901,90099
2,32,2.0,1,0.1,0,2
3,32,3.0,2,0.2,0,3
100,32,85.0,7,0.7,15,85
200,32,175.0,10,1.0,25,175
2000,32,1793.0,30,3.0,207,1793
10000,32,8938.0,142,14.2,1062,8938
20000,32,17919.0,165,16.5,2081,17919
40000,32,35940.0,183,18.3,4060,35940
60000,32,53958.0,183,18.3,6042,53958
80000,32,71951.0,352,35.2,8049,71951
100000,32,89927.0,352,35.2,10073,89927
2,33,2.0,1,0.1,0,2
3,33,3.0,2,0.2,0,3
100,33,84.0,25,2.5,16,84
200,33,171.0,84,8.4,29,171
2000,33,1778.0,184,18.4,222,1778
10000,33,9026.0,306,30.6,974,9026
20000,33,18053.0,322,32.2,1947,18053
40000,33,36071.0,329,32.9,3929,36071
60000,33,54101.0,347,34.7,5899,54101
80000,33,72087.0,348,34.8,7913,72087
100000,33,90153.0,348,34.8,9847,90153
2,34,2.0,1,0.1,0,2
3,34,3.0,2,0.2,0,3
100,34,88.0,57,5.7,12,88
200,34,174.0,78,7.8,26,174
2000,34,1781.0,297,29.7,219,1781
10000,34,9034.0,323,32.3,966,9034
20000,34,17965.0,351,35.1,2035,17965
40000,34,35921.0,393,39.3,4079,35921
60000,34,53919.0,407,40.7,6081,53919
80000,34,71992.0,409,40.9,8008,71992
100000,34,89977.0,409,40.9,10023,89977
2,35,1.0,1,0.1,1,1
3,35,2.0,1,0.1,1,2
100,35,89.0,7,0.7,11,89
200,35,181.0,10,1.0,19,181
2000,35,1794.0,44,4.4,206,1794
10000,35,8986.0,183,18.3,1014,8986
20000,35,17999.0,242,24.2,2001,17999
40000,35,36029.0,246,24.6,3971,36029
60000,35,54062.0,247,24.7,5938,54062
80000,35,72048.0,247,24.7,7952,72048
100000,35,90021.0,250,25.0,9979,90021
2,36,2.0,1,0.1,0,2
3,36,3.0,2,0.2,0,3
100,36,93.0,9,0.9,7,93
200,36,185.0,13,1.3,15,185
2000,36,1803.0,21,2.1,197,1803
10000,36,8986.0,57,5.7,1014,8986
20000,36,17979.0,61,6.1,2021,17979
40000,36,35972.0,73,7.3,4028,35972
60000,36,53960.0,74,7.4,6040,53960
80000,36,71952.0,74,7.4,8048,71952
100000,36,89962.0,74,7.4,10038,89962
2,37,1.0,1,0.1,1,1
3,37,2.0,2,0.2,1,2
100,37,84.0,19,1.9,16,84
200,37,176.0,19,1.9,24,176
2000,37,1796.0,20,2.0,204,1796
10000,37,8978.0,23,2.3,1022,8978
20000,37,17996.0,23,2.3,2004,17996
40000,37,35971.0,23,2.3,4029,35971
60000,37,53927.0,25,2.5,6073,53927
80000,37,71928.0,25,2.5,8072,71928
100000,37,89954.0,25,2.5,10046,89954
2,38,2.0,1,0.1,0,2
3,38,3.0,2,0.2,0,3
100,38,92.0,37,3.7,8,92
200,38,180.0,46,4.6,20,180
2000,38,1804.0,89,8.9,196,1804
10000,38,8986.0,218,21.8,1014,8986
20000,38,17992.0,228,22.8,2008,17992
40000,38,35968.0,240,24.0,4032,35968
60000,38,54010.0,253,25.3,5990,54010
80000,38,72000.0,253,25.3,8000,72000
100000,38,90023.0,257,25.7,9977,90023
2,39,2.0,1,0.1,0,2
3,39,3.0,2,0.2,0,3
100,39,92.0,23,2.3,8,92
200,39,183.0,28,2.8,17,183
2000,39,1786.0,206,20.6,214,1786
10000,39,8978.0,287,28.7,1022,8978
20000,39,17979.0,326,32.6,2021,17979
40000,39,36044.0,335,33.5,3956,36044
60000,39,54030.0,347,34.7,5970,54030
80000,39,72079.0,349,34.9,7921,72079
100000,39,90074.0,353,35.3,9926,90074
2,40,2.0,1,0.1,0,2
3,40,3.0,2,0.2,0,3
100,40,87.0,40,4.0,13,87
200,40,174.0,45,4.5,26,174
2000,40,1762.0,128,12.8,238,1762
10000,40,8981.0,134,13.4,1019,8981
20000,40,17966.0,142,14.2,2034,17966
40000,40,36026.0,148,14.8,3974,36026
60000,40,54044.0,152,15.2,5956,54044
80000,40,72117.0,160,16.0,7883,72117
100000,40,90109.0,160,16.0,9891,90109
2,41,2.0,1,0.1,0,2
3,41,3.0,2,0.2,0,3
100,41,86.0,13,1.3,14,86
200,41,173.0,19,1.9,27,173
2000,41,1783.0,34,3.4,217,1783
10000,41,8986.0,164,16.4,1014,8986
20000,41,17974.0,178,17.8,2026,17974
40000,41,35994.0,181,18.1,4006,35994
60000,41,53962.0,202,20.2,6038,53962
80000,41,71982.0,203,20.3,8018,71982
100000,41,89976.0,203,20.3,10024,89976
2,42,2.0,1,0.1,0,2
3,42,2.0,2,0.2,1,2
100,42,90.0,26,2.6,10,90
200,42,186.0,39,3.9,14,186
2000,42,1796.0,232,23.2,204,1796
10000,42,8979.0,349,34.9,1021,8979
20000,42,17903.0,365,36.5,2097,17903
40000,42,35919.0,400,40.0,4081,35919
60000,42,53897.0,415,41.5,6103,53897
80000,42,71914.0,416,41.6,8086,71914
100000,42,89912.0,416,41.6,10088,89912
2,43,2.0,1,0.1,0,2
3,43,3.0,2,0.2,0,3
100,43,83.0,44,4.4,17,83
200,43,177.0,45,4.5,23,177
2000,43,1795.0,66,6.6,205,1795
10000,43,8992.0,118,11.8,1008,8992
20000,43,18023.0,119,11.9,1977,18023
40000,43,35891.0,135,13.5,4109,35891
60000,43,53837.0,142,14.2,6163,53837
80000,43,71902.0,142,14.2,8098,71902
100000,43,89937.0,142,14.2,10063,89937
2,44,2.0,1,0.1,0,2
3,44,3.0,2,0.2,0,3
100,44,84.0,30,3.0,16,84
200,44,175.0,30,3.0,25,175
2000,44,1786.0,125,12.5,214,1786
10000,44,8966.0,193,19.3,1034,8966
20000,44,17905.0,288,28.8,2095,17905
40000,44,35943.0,292,29.2,4057,35943
60000,44,53917.0,327,32.7,6083,53917
80000,44,71904.0,332,33.2,8096,71904
100000,44,89892.0,357,35.7,10108,89892
2,45,2.0,1,0.1,0,2
3,45,3.0,2,0.2,0,3
100,45,90.0,61,6.1,10,90
200,45,181.0,73,7.3,19,181
2000,45,1770.0,206,20.6,230,1770
10000,45,8988.0,227,22.7,1012,8988
20000,45,17987.0,276,27.6,2013,17987
40000,45,36010.0,280,28.0,3990,36010
60000,45,54032.0,334,33.4,5968,54032
80000,45,72016.0,356,35.6,7984,72016
100000,45,90022.0,378,37.8,9978,90022
2,46,1.0,1,0.1,1,1
3,46,2.0,1,0.1,1,2
100,46,90.0,18,1.8,10,90
200,46,182.0,19,1.9,18,182
2000,46,1776.0,100,10.0,224,1776
10000,46,8931.0,190,19.0,1069,8931
20000,46,17946.0,192,19.2,2054,17946
40000,46,35899.0,197,19.7,4101,35899
60000,46,53882.0,211,21.1,6118,53882
80000,46,71895.0,211,21.1,8105,71895
100000,46,89905.0,213,21.3,10095,89905
2,47,2.0,1,0.1,0,2
3,47,2.0,2,0.2,1,2
100,47,88.0,3,0.3,12,88
200,47,176.0,13,1.3,24,176
2000,47,1794.0,24,2.4,206,1794
10000,47,8992.0,30,3.0,1008,8992
20000,47,18007.0,188,18.8,1993,18007
40000,47,36044.0,205,20.5,3956,36044
60000,47,54036.0,208,20.8,5964,54036
80000,47,72067.0,208,20.8,7933,72067
100000,47,90035.0,216,21.6,9965,90035
2,48,2.0,1,0.1,0,2
3,48,2.0,2,0.2,1,2
100,48,88.0,5,0.5,12,88
200,48,182.0,5,0.5,18,182
2000,48,1784.0,45,4.5,216,1784
10000,48,8984.0,47,4.7,1016,8984
20000,48,17954.0,57,5.7,2046,17954
40000,48,36001.0,57,5.7,3999,36001
60000,48,53946.0,81,8.1,6054,53946
80000,48,71976.0,81,8.1,8024,71976
100000,48,89982.0,83,8.3,10018,89982
2,49,2.0,1,0.1,0,2
3,49,3.0,2,0.2,0,3
100,49,87.0,13,1.3,13,87
200,49,175.0,48,4.8,25,175
2000,49,1775.0,152,15.2,225,1775
10000,49,8931.0,165,16.5,1069,8931
20000,49,17933.0,172,17.2,2067,17933
40000,49,35981.0,174,17.4,4019,35981
60000,49,54026.0,175,17.5,5974,54026
80000,49,72066.0,175,17.5,7934,72066
100000,49,90020.0,197,19.7,9980,90020
2,50,2.0,1,0.1,0,2
3,50,3.0,2,0.2,0,3
100,50,88.0,27,2.7,12,88
200,50,172.0,33,3.3,28,172
2000,50,1804.0,75,7.5,196,1804
10000,50,8969.0,104,10.4,1031,8969
20000,50,17990.0,108,10.8,2010,17990
40000,50,35953.0,128,12.8,4047,35953
60000,50,53919.0,130,13.0,6081,53919
80000,50,71901.0,130,13.0,8099,71901
100000,50,89873.0,133,13.3,10127,89873
2,51,1.0,1,0.1,1,1
3,51,2.0,1,0.1,1,2
100,51,91.0,3,0.3,9,91
200,51,172.0,17,1.7,28,172
2000,51,1795.0,20,2.0,205,1795
10000,51,9045.0,88,8.8,955,9045
20000,51,18042.0,118,11.8,1958,18042
40000,51,36012.0,149,14.9,3988,36012
60000,51,54132.0,154,15.4,5868,54132
80000,51,72084.0,230,23.0,7916,72084
100000,51,90109.0,230,23.0,9891,90109
2,52,1.0,1,0.1,1,1
3,52,2.0,1,0.1,1,2
100,52,86.0,60,6.0,14,86
200,52,173.0,123,12.3,27,173
2000,52,1807.0,194,19.4,193,1807
10000,52,8923.0,324,32.4,1077,8923
20000,52,17926.0,360,36.0,2074,17926
40000,52,35951.0,397,39.7,4049,35951
60000,52,53918.0,399,39.9,6082,53918
80000,52,71920.0,405,40.5,8080,71920
100000,52,89918.0,489,48.9,10082,89918
2,53,2.0,1,0.1,0,2
3,53,2.0,2,0.2,1,2
100,53,87.0,12,1.2,13,87
200,53,172.0,13,1.3,28,172
2000,53,1779.0,178,17.8,221,1779
10000,53,8968.0,222,22.2,1032,8968
20000,53,17959.0,309,30.9,2041,17959
40000,53,35944.0,320,32.0,4056,35944
60000,53,53865.0,336,33.6,6135,53865
80000,53,71901.0,336,33.6,8099,71901
100000,53,89918.0,336,33.6,10082,89918
2,54,0.0,1,0.1,2,0
3,54,1.0,2,0.2,2,1
100,54,90.0,55,5.5,10,90
200,54,181.0,55,5.5,19,181
2000,54,1760.0,226,22.6,240,1760
10000,54,8960.0,303,30.3,1040,8960
20000,54,17973.0,311,31.1,2027,17973
40000,54,35966.0,313,31.3,4034,35966
60000,54,53960.0,338,33.8,6040,53960
80000,54,71978.0,345,34.5,8022,71978
100000,54,90006.0,345,34.5,9994,90006
2,55,2.0,1,0.1,0,2
3,55,3.0,2,0.2,0,3
100,55,84.0,23,2.3,16,84
200,55,172.0,29,2.9,28,172
2000,55,1768.0,47,4.7,232,1768
10000,55,8909.0,56,5.6,1091,8909
20000,55,17947.0,58,5.8,2053,17947
40000,55,35950.0,58,5.8,4050,35950
60000,55,53871.0,74,7.4,6129,53871
80000,55,71891.0,74,7.4,8109,71891
100000,55,89864.0,74,7.4,10136,89864
2,56,2.0,1,0.1,0,2
3,56,3.0,2,0.2,0,3
100,56,91.0,22,2.2,9,91
200,56,182.0,44,4.4,18,182
2000,56,1794.0,69,6.9,206,1794
10000,56,9008.0,79,7.9,992,9008
20000,56,18038.0,83,8.3,1962,18038
40000,56,36044.0,84,8.4,3956,36044
60000,56,53993.0,87,8.7,6007,53993
80000,56,72001.0,238,23.8,7999,72001
100000,56,89988.0,239,23.9,10012,89988
2,57,2.0,1,0.1,0,2
3,57,3.0,2,0.2,0,3
100,57,87.0,30,3.0,13,87
200,57,173.0,42,4.2,27,173
2000,57,1804.0,52,5.2,196,1804
10000,57,9032.0,85,8.5,968,9032
20000,57,18036.0,87,8.7,1964,18036
40000,57,36117.0,91,9.1,3883,36117
60000,57,54102.0,104,10.4,5898,54102
80000,57,72139.0,104,10.4,7861,72139
100000,57,90070.0,105,10.5,9930,90070
2,58,2.0,1,0.1,0,2
3,58,3.0,2,0.2,0,3
100,58,86.0,27,2.7,14,86
200,58,169.0,79,7.9,31,169
2000,58,1751.0,238,23.8,249,1751
10000,58,8904.0,288,28.8,1096,8904
20000,58,17935.0,288,28.8,2065,17935
40000,58,35865.0,364,36.4,4135,35865
60000,58,53864.0,365,36.5,6136,53864
80000,58,71816.0,365,36.5,8184,71816
100000,58,89769.0,372,37.2,10231,89769
2,59,1.0,1,0.1,1,1
3,59,2.0,2,0.2,1,2
100,59,80.0,98,9.8,20,80
200,59,156.0,198,19.8,44,156
2000,59,1777.0,330,33.0,223,1777
10000,59,9008.0,330,33.0,992,9008
20000,59,18017.0,330,33.0,1983,18017
40000,59,35994.0,330,33.0,4006,35994
60000,59,54004.0,330,33.0,5996,54004
80000,59,72015.0,330,33.0,7985,72015
100000,59,90061.0,330,33.0,9939,90061
2,60,2.0,1,0.1,0,2
3,60,3.0,2,0.2,0,3
100,60,96.0,31,3.1,4,96
200,60,183.0,45,4.5,17,183
2000,60,1808.0,98,9.8,192,1808
10000,60,8972.0,261,26.1,1028,8972
20000,60,17972.0,269,26.9,2028,17972
40000,60,36032.0,273,27.3,3968,36032
60000,60,54044.0,274,27.4,5956,54044
80000,60,72054.0,274,27.4,7946,72054
100000,60,89983.0,295,29.5,10017,89983
2,61,1.0,1,0.1,1,1
3,61,2.0,1,0.1,1,2
100,61,87.0,36,3.6,13,87
200,61,178.0,67,6.7,22,178
2000,61,1774.0,216,21.6,226,1774
10000,61,8970.0,301,30.1,1030,8970
20000,61,17975.0,381,38.1,2025,17975
40000,61,35883.0,461,46.1,4117,35883
60000,61,53897.0,472,47.2,6103,53897
80000,61,71777.0,478,47.8,8223,71777
100000,61,89710.0,481,48.1,10290,89710
2,62,2.0,1,0.1,0,2
3,62,2.0,2,0.2,1,2
100,62,89.0,24,2.4,11,89
200,62,176.0,26,2.6,24,176
2000,62,1808.0,35,3.5,192,1808
10000,62,9026.0,197,19.7,974,9026
20000,62,17987.0,226,22.6,2013,17987
40000,62,36048.0,228,22.8,3952,36048
60000,62,54054.0,229,22.9,5946,54054
80000,62,72143.0,229,22.9,7857,72143
100000,62,90141.0,246,24.6,9859,90141
2,63,2.0,1,0.1,0,2
3,63,3.0,2,0.2,0,3
100,63,85.0,58,5.8,15,85
200,63,166.0,95,9.5,34,166
2000,63,1775.0,142,14.2,225,1775
10000,63,8945.0,206,20.6,1055,8945
20000,63,17958.0,368,36.8,2042,17958
40000,63,35934.0,372,37.2,4066,35934
60000,63,53883.0,375,37.5,6117,53883
80000,63,71816.0,380,38.0,8184,71816
100000,63,89907.0,388,38.8,10093,89907
2,64,2.0,1,0.1,0,2
3,64,2.0,2,0.2,1,2
100,64,92.0,3,0.3,8,92
200,64,181.0,8,0.8,19,181
2000,64,1760.0,157,15.7,240,1760
10000,64,8982.0,169,16.9,1018,8982
20000,64,17980.0,195,19.5,2020,17980
40000,64,35982.0,350,35.0,4018,35982
60000,64,53990.0,358,35.8,6010,53990
80000,64,72055.0,358,35.8,7945,72055
100000,64,90014.0,361,36.1,9986,90014
2,65,2.0,1,0.1,0,2
3,65,3.0,2,0.2,0,3
100,65,87.0,10,1.0,13,87
200,65,175.0,10,1.0,25,175
2000,65,1776.0,73,7.3,224,1776
10000,65,8998.0,75,7.5,1002,8998
20000,65,17954.0,79,7.9,2046,17954
40000,65,35929.0,169,16.9,4071,35929
60000,65,53908.0,169,16.9,6092,53908
80000,65,71897.0,191,19.1,8103,71897
100000,65,89991.0,191,19.1,10009,89991
2,66,1.0,1,0.1,1,1
3,66,2.0,2,0.2,1,2
100,66,89.0,59,5.9,11,89
200,66,178.0,60,6.0,22,178
2000,66,1786.0,266,26.6,214,1786
10000,66,9004.0,309,30.9,996,9004
20000,66,18030.0,327,32.7,1970,18030
40000,66,36067.0,340,34.0,3933,36067
60000,66,53993.0,359,35.9,6007,53993
80000,66,71950.0,360,36.0,8050,71950
100000,66,89991.0,360,36.0,10009,89991
2,67,2.0,1,0.1,0,2
3,67,3.0,2,0.2,0,3
100,67,85.0,18,1.8,15,85
200,67,168.0,37,3.7,32,168
2000,67,1787.0,80,8.0,213,1787
10000,67,9020.0,107,10.7,980,9020
20000,67,18066.0,112,11.2,1934,18066
40000,67,36031.0,116,11.6,3969,36031
60000,67,54055.0,116,11.6,5945,54055
80000,67,72045.0,119,11.9,7955,72045
100000,67,90054.0,119,11.9,9946,90054
2,68,2.0,1,0.1,0,2
3,68,2.0,2,0.2,1,2
100,68,86.0,12,1.2,14,86
200,68,174.0,14,1.4,26,174
2000,68,1801.0,77,7.7,199,1801
10000,68,9023.0,81,8.1,977,9023
20000,68,17994.0,82,8.2,2006,17994
40000,68,35947.0,224,22.4,4053,35947
60000,68,53817.0,257,25.7,6183,53817
80000,68,71832.0,260,26.0,8168,71832
100000,68,89908.0,260,26.0,10092,89908
2,69,1.0,1,0.1,1,1
3,69,2.0,1,0.1,1,2
100,69,91.0,3,0.3,9,91
200,69,177.0,31,3.1,23,177
2000,69,1803.0,65,6.5,197,1803
10000,69,8990.0,108,10.8,1010,8990
20000,69,17977.0,110,11.0,2023,17977
40000,69,35945.0,196,19.6,4055,35945
60000,69,53975.0,196,19.6,6025,53975
80000,69,71994.0,203,20.3,8006,71994
100000,69,89942.0,203,20.3,10058,89942
2,70,2.0,1,0.1,0,2
3,70,3.0,2,0.2,0,3
100,70,86.0,35,3.5,14,86
200,70,181.0,35,3.5,19,181
2000,70,1793.0,51,5.1,207,1793
10000,70,9016.0,194,19.4,984,9016
20000,70,17982.0,219,21.9,2018,17982
40000,70,35994.0,231,23.1,4006,35994
60000,70,53969.0,247,24.7,6031,53969
80000,70,71967.0,249,24.9,8033,71967
100000,70,89999.0,249,24.9,10001,89999
2,71,1.0,1,0.1,1,1
3,71,2.0,1,0.1,1,2
100,71,87.0,23,2.3,13,87
200,71,176.0,34,3.4,24,176
2000,71,1790.0,81,8.1,210,1790
10000,71,8973.0,181,18.1,1027,8973
20000,71,17957.0,225,22.5,2043,17957
40000,71,35874.0,242,24.2,4126,35874
60000,71,53856.0,243,24.3,6144,53856
80000,71,71870.0,243,24.3,8130,71870
100000,71,89804.0,254,25.4,10196,89804
2,72,1.0,1,0.1,1,1
3,72,2.0,1,0.1,1,2
100,72,92.0,15,1.5,8,92
200,72,175.0,30,3.0,25,175
2000,72,1810.0,49,4.9,190,1810
10000,72,9016.0,70,7.0,984,9016
20000,72,18086.0,71,7.1,1914,18086
40000,72,36064.0,74,7.4,3936,36064
60000,72,54013.0,146,14.6,5987,54013
80000,72,72055.0,147,14.7,7945,72055
100000,72,90064.0,147,14.7,9936,90064
2,73,2.0,1,0.1,0,2
3,73,3.0,2,0.2,0,3
100,73,87.0,7,0.7,13,87
200,73,172.0,56,5.6,28,172
2000,73,1780.0,132,13.2,220,1780
10000,73,8944.0,204,20.4,1056,8944
20000,73,17917.0,242,24.2,2083,17917
40000,73,35820.0,251,25.1,4180,35820
60000,73,53861.0,251,25.1,6139,53861
80000,73,71841.0,252,25.2,8159,71841
100000,73,89804.0,252,25.2,10196,89804
2,74,2.0,1,0.1,0,2
3,74,3.0,2,0.2,0,3
100,74,88.0,19,1.9,12,88
200,74,181.0,19,1.9,19,181
2000,74,1798.0,102,10.2,202,1798
10000,74,8967.0,161,16.1,1033,8967
20000,74,17915.0,200,20.0,2085,17915
40000,74,35925.0,205,20.5,4075,35925
60000,74,53867.0,206,20.6,6133,53867
80000,74,71841.0,210,21.0,8159,71841
100000,74,89811.0,213,21.3,10189,89811
2,75,2.0,1,0.1,0,2
3,75,2.0,2,0.2,1,2
100,75,89.0,7,0.7,11,89
200,75,176.0,10,1.0,24,176
2000,75,1801.0,59,5.9,199,1801
10000,75,9013.0,137,13.7,987,9013
20000,75,18059.0,141,14.1,1941,18059
40000,75,36033.0,143,14.3,3967,36033
60000,75,54037.0,146,14.6,5963,54037
80000,75,72041.0,148,14.8,7959,72041
100000,75,90059.0,148,14.8,9941,90059
2,76,2.0,1,0.1,0,2
3,76,3.0,2,0.2,0,3
100,76,85.0,10,1.0,15,85
200,76,174.0,10,1.0,26,174
2000,76,1802.0,92,9.2,198,1802
10000,76,9081.0,116,11.6,919,9081
20000,76,18038.0,268,26.8,1962,18038
40000,76,36078.0,278,27.8,3922,36078
60000,76,54138.0,281,28.1,5862,54138
80000,76,72113.0,283,28.3,7887,72113
100000,76,90097.0,414,41.4,9903,90097
2,77,1.0,1,0.1,1,1
3,77,1.0,1,0.1,2,1
100,77,90.0,5,0.5,10,90
200,77,180.0,5,0.5,20,180
2000,77,1796.0,9,0.9,204,1796
10000,77,8980.0,10,1.0,1020,8980
20000,77,17993.0,10,1.0,2007,17993
40000,77,36057.0,16,1.6,3943,36057
60000,77,54058.0,37,3.7,5942,54058
80000,77,72004.0,37,3.7,7996,72004
100000,77,90022.0,37,3.7,9978,90022
2,78,2.0,1,0.1,0,2
3,78,3.0,2,0.2,0,3
100,78,93.0,42,4.2,7,93
200,78,174.0,68,6.8,26,174
2000,78,1798.0,298,29.8,202,1798
10000,78,8978.0,540,54.0,1022,8978
20000,78,17940.0,593,59.3,2060,17940
40000,78,35936.0,622,62.2,4064,35936
60000,78,53960.0,631,63.1,6040,53960
80000,78,72001.0,640,64.0,7999,72001
100000,78,89964.0,650,65.0,10036,89964
2,79,1.0,1,0.1,1,1
3,79,1.0,1,0.1,2,1
100,79,89.0,3,0.3,11,89
200,79,179.0,4,0.4,21,179
2000,79,1766.0,102,10.2,234,1766
10000,79,8977.0,105,10.5,1023,8977
20000,79,17960.0,119,11.9,2040,17960
40000,79,35962.0,127,12.7,4038,35962
60000,79,53958.0,127,12.7,6042,53958
80000,79,71955.0,210,21.0,8045,71955
100000,79,89999.0,210,21.0,10001,89999
2,80,1.0,1,0.1,1,1
3,80,2.0,1,0.1,1,2
100,80,91.0,15,1.5,9,91
200,80,183.0,20,2.0,17,183
2000,80,1793.0,107,10.7,207,1793
10000,80,9009.0,119,11.9,991,9009
20000,80,17938.0,126,12.6,2062,17938
40000,80,35930.0,128,12.8,4070,35930
60000,80,53922.0,139,13.9,6078,53922
80000,80,71924.0,141,14.1,8076,71924
100000,80,89942.0,141,14.1,10058,89942
2,81,2.0,1,0.1,0,2
3,81,3.0,2,0.2,0,3
100,81,91.0,20,2.0,9,91
200,81,177.0,44,4.4,23,177
2000,81,1764.0,193,19.3,236,1764
10000,81,8927.0,218,21.8,1073,8927
20000,81,17935.0,220,22.0,2065,17935
40000,81,35982.0,220,22.0,4018,35982
60000,81,53923.0,225,22.5,6077,53923
80000,81,71962.0,225,22.5,8038,71962
100000,81,89956.0,228,22.8,10044,89956
2,82,2.0,1,0.1,0,2
3,82,2.0,2,0.2,1,2
100,82,87.0,3,0.3,13,87
200,82,175.0,4,0.4,25,175
2000,82,1791.0,144,14.4,209,1791
10000,82,8978.0,168,16.8,1022,8978
20000,82,17975.0,225,22.5,2025,17975
40000,82,36019.0,270,27.0,3981,36019
60000,82,53997.0,344,34.4,6003,53997
80000,82,71969.0,345,34.5,8031,71969
100000,82,89991.0,345,34.5,10009,89991
2,83,2.0,1,0.1,0,2
3,83,3.0,2,0.2,0,3
100,83,89.0,28,2.8,11,89
200,83,170.0,48,4.8,30,170
2000,83,1772.0,149,14.9,228,1772
10000,83,8970.0,180,18.0,1030,8970
20000,83,17976.0,186,18.6,2024,17976
40000,83,36007.0,188,18.8,3993,36007
60000,83,53996.0,203,20.3,6004,53996
80000,83,71945.0,254,25.4,8055,71945
100000,83,89962.0,254,25.4,10038,89962
2,84,2.0,1,0.1,0,2
3,84,2.0,2,0.2,1,2
100,84,89.0,34,3.4,11,89
200,84,173.0,36,3.6,27,173
2000,84,1759.0,249,24.9,241,1759
10000,84,8967.0,276,27.6,1033,8967
20000,84,17959.0,277,27.7,2041,17959
40000,84,35917.0,302,30.2,4083,35917
60000,84,53933.0,302,30.2,6067,53933
80000,84,71851.0,310,31.0,8149,71851
100000,84,89806.0,325,32.5,10194,89806
2,85,2.0,1,0.1,0,2
3,85,3.0,2,0.2,0,3
100,85,83.0,17,1.7,17,83
200,85,164.0,21,2.1,36,164
2000,85,1767.0,34,3.4,233,1767
10000,85,9002.0,130,13.0,998,9002
20000,85,17962.0,138,13.8,2038,17962
40000,85,35898.0,144,14.4,4102,35898
60000,85,53869.0,144,14.4,6131,53869
80000,85,71931.0,145,14.5,8069,71931
100000,85,89900.0,145,14.5,10100,89900
2,86,2.0,1,0.1,0,2
3,86,3.0,2,0.2,0,3
100,86,89.0,31,3.1,11,89
200,86,179.0,67,6.7,21,179
2000,86,1791.0,135,13.5,209,1791
10000,86,8957.0,187,18.7,1043,8957
20000,86,17948.0,190,19.0,2052,17948
40000,86,35971.0,208,20.8,4029,35971
60000,86,54012.0,208,20.8,5988,54012
80000,86,72133.0,208,20.8,7867,72133
100000,86,90176.0,238,23.8,9824,90176
2,87,1.0,1,0.1,1,1
3,87,2.0,1,0.1,1,2
100,87,95.0,6,0.6,5,95
200,87,182.0,26,2.6,18,182
2000,87,1804.0,45,4.5,196,1804
10000,87,9029.0,60,6.0,971,9029
20000,87,18010.0,128,12.8,1990,18010
40000,87,36067.0,156,15.6,3933,36067
60000,87,54086.0,171,17.1,5914,54086
80000,87,72087.0,186,18.6,7913,72087
100000,87,90113.0,186,18.6,9887,90113
2,88,2.0,1,0.1,0,2
3,88,3.0,2,0.2,0,3
100,88,90.0,12,1.2,10,90
200,88,186.0,12,1.2,14,186
2000,88,1825.0,17,1.7,175,1825
10000,88,8988.0,108,10.8,1012,8988
20000,88,17964.0,146,14.6,2036,17964
40000,88,36005.0,148,14.8,3995,36005
60000,88,53992.0,149,14.9,6008,53992
80000,88,71948.0,149,14.9,8052,71948
100000,88,90002.0,151,15.1,9998,90002
2,89,1.0,1,0.1,1,1
3,89,2.0,1,0.1,1,2
100,89,83.0,2,0.2,17,83
200,89,174.0,2,0.2,26,174
2000,89,1789.0,62,6.2,211,1789
10000,89,9019.0,114,11.4,981,9019
20000,89,18040.0,121,12.1,1960,18040
40000,89,36062.0,125,12.5,3938,36062
60000,89,54085.0,297,29.7,5915,54085
80000,89,72037.0,304,30.4,7963,72037
100000,89,90003.0,304,30.4,9997,90003
2,90,2.0,1,0.1,0,2
3,90,3.0,2,0.2,0,3
100,90,92.0,37,3.7,8,92
200,90,178.0,73,7.3,22,178
2000,90,1768.0,167,16.7,232,1768
10000,90,8978.0,191,19.1,1022,8978
20000,90,17997.0,214,21.4,2003,17997
40000,90,36025.0,234,23.4,3975,36025
60000,90,54058.0,237,23.7,5942,54058
80000,90,72063.0,238,23.8,7937,72063
100000,90,90070.0,238,23.8,9930,90070
2,91,2.0,1,0.1,0,2
3,91,3.0,2,0.2,0,3
100,91,88.0,24,2.4,12,88
200,91,176.0,28,2.8,24,176
2000,91,1796.0,59,5.9,204,1796
10000,91,8940.0,118,11.8,1060,8940
20000,91,17951.0,199,19.9,2049,17951
40000,91,35952.0,204,20.4,4048,35952
60000,91,53924.0,205,20.5,6076,53924
80000,91,71913.0,205,20.5,8087,71913
100000,91,89874.0,208,20.8,10126,89874
2,92,2.0,1,0.1,0,2
3,92,3.0,2,0.2,0,3
100,92,94.0,11,1.1,6,94
200,92,183.0,31,3.1,17,183
2000,92,1790.0,113,11.3,210,1790
10000,92,9003.0,135,13.5,997,9003
20000,92,18022.0,143,14.3,1978,18022
40000,92,35916.0,151,15.1,4084,35916
60000,92,53888.0,160,16.0,6112,53888
80000,92,71884.0,160,16.0,8116,71884
100000,92,89874.0,165,16.5,10126,89874
2,93,2.0,1,0.1,0,2
3,93,2.0,2,0.2,1,2
100,93,84.0,97,9.7,16,84
200,93,178.0,109,10.9,22,178
2000,93,1807.0,167,16.7,193,1807
10000,93,9024.0,253,25.3,976,9024
20000,93,17992.0,295,29.5,2008,17992
40000,93,35924.0,378,37.8,4076,35924
60000,93,53927.0,379,37.9,6073,53927
80000,93,72011.0,380,38.0,7989,72011
100000,93,90014.0,380,38.0,9986,90014
2,94,2.0,1,0.1,0,2
3,94,2.0,2,0.2,1,2
100,94,87.0,18,1.8,13,87
200,94,173.0,36,3.6,27,173
2000,94,1811.0,48,4.8,189,1811
10000,94,9017.0,75,7.5,983,9017
20000,94,18093.0,83,8.3,1907,18093
40000,94,36130.0,96,9.6,3870,36130
60000,94,54180.0,98,9.8,5820,54180
80000,94,72144.0,98,9.8,7856,72144
100000,94,90092.0,113,11.3,9908,90092
2,95,2.0,1,0.1,0,2
3,95,3.0,2,0.2,0,3
100,95,86.0,21,2.1,14,86
200,95,175.0,35,3.5,25,175
2000,95,1812.0,95,9.5,188,1812
10000,95,8989.0,130,13.0,1011,8989
20000,95,18009.0,136,13.6,1991,18009
40000,95,36008.0,159,15.9,3992,36008
60000,95,54004.0,161,16.1,5996,54004
80000,95,71971.0,161,16.1,8029,71971
100000,95,89947.0,166,16.6,10053,89947
2,96,2.0,1,0.1,0,2
3,96,3.0,2,0.2,0,3
100,96,88.0,24,2.4,12,88
200,96,177.0,34,3.4,23,177
2000,96,1790.0,50,5.0,210,1790
10000,96,8998.0,69,6.9,1002,8998
20000,96,18007.0,72,7.2,1993,18007
40000,96,35987.0,279,27.9,4013,35987
60000,96,54003.0,322,32.2,5997,54003
80000,96,72023.0,322,32.2,7977,72023
100000,96,90038.0,323,32.3,9962,90038
2,97,2.0,1,0.1,0,2
3,97,3.0,2,0.2,0,3
100,97,88.0,41,4.1,12,88
200,97,179.0,45,4.5,21,179
2000,97,1800.0,77,7.7,200,1800
10000,97,9003.0,91,9.1,997,9003
20000,97,18027.0,94,9.4,1973,18027
40000,97,36080.0,145,14.5,3920,36080
60000,97,54073.0,159,15.9,5927,54073
80000,97,72055.0,160,16.0,7945,72055
100000,97,90121.0,160,16.0,9879,90121
2,98,2.0,1,0.1,0,2
3,98,3.0,2,0.2,0,3
100,98,92.0,15,1.5,8,92
200,98,179.0,18,1.8,21,179
2000,98,1782.0,102,10.2,218,1782
10000,98,8992.0,123,12.3,1008,8992
20000,98,17955.0,128,12.8,2045,17955
40000,98,35943.0,141,14.1,4057,35943
60000,98,53867.0,155,15.5,6133,53867
80000,98,71911.0,155,15.5,8089,71911
100000,98,89912.0,156,15.6,10088,89912
2,99,2.0,1,0.1,0,2
3,99,3.0,2,0.2,0,3
100,99,88.0,23,2.3,12,88
200,99,179.0,44,4.4,21,179
2000,99,1781.0,154,15.4,219,1781
10000,99,8959.0,202,20.2,1041,8959
20000,99,17973.0,292,29.2,2027,17973
40000,99,35960.0,302,30.2,4040,35960
60000,99,53965.0,303,30.3,6035,53965
80000,99,71961.0,304,30.4,8039,71961
100000,99,89977.0,304,30.4,10023,89977
2,100,2.0,1,0.1,0,2
3,100,2.0,2,0.2,1,2
100,100,86.0,28,2.8,14,86
200,100,179.0,30,3.0,21,179
2000,100,1808.0,68,6.8,192,1808
10000,100,8992.0,228,22.8,1008,8992
20000,100,17991.0,237,23.7,2009,17991
40000,100,36025.0,242,24.2,3975,36025
60000,100,54107.0,245,24.5,5893,54107
80000,100,72075.0,246,24.6,7925,72075
100000,100,90041.0,260,26.0,9959,90041
