Timestep,Iteration,Total Reward,Suboptimal Arms,Total Regret,Zeros Count,Ones Count
2,1,2.0,1,0.01,0,2
3,1,3.0,1,0.01,0,3
100,1,87.0,40,0.2,13,87
200,1,177.0,113,0.57,23,177
2000,1,1794.0,1073,5.36,206,1794
10000,1,8973.0,4188,20.94,1027,8973
20000,1,17934.0,9873,49.37,2066,17934
40000,1,35842.0,19215,96.07,4158,35842
60000,1,53801.0,21984,109.92,6199,53801
80000,1,71822.0,26401,132.0,8178,71822
100000,1,89824.0,35295,176.47,10176,89824
2,2,2.0,1,0.01,0,2
3,2,3.0,1,0.01,0,3
100,2,87.0,11,0.06,13,87
200,2,178.0,11,0.06,22,178
2000,2,1788.0,862,4.31,212,1788
10000,2,8998.0,2297,11.49,1002,8998
20000,2,17993.0,2684,13.42,2007,17993
40000,2,36015.0,3262,16.31,3985,36015
60000,2,53984.0,3781,18.91,6016,53984
80000,2,71975.0,4031,20.16,8025,71975
100000,2,90030.0,4064,20.32,9970,90030
2,3,2.0,1,0.01,0,2
3,3,3.0,1,0.01,0,3
100,3,87.0,49,0.25,13,87
200,3,178.0,133,0.67,22,178
2000,3,1783.0,1129,5.64,217,1783
10000,3,8976.0,3250,16.25,1024,8976
20000,3,17949.0,6844,34.22,2051,17949
40000,3,35860.0,11097,55.49,4140,35860
60000,3,53924.0,11097,55.49,6076,53924
80000,3,71962.0,11101,55.51,8038,71962
100000,3,89955.0,11501,57.51,10045,89955
2,4,1.0,1,0.01,1,1
3,4,2.0,2,0.01,1,2
100,4,87.0,51,0.26,13,87
200,4,179.0,72,0.36,21,179
2000,4,1800.0,978,4.89,200,1800
10000,4,9066.0,4458,22.29,934,9066
20000,4,18065.0,7379,36.9,1935,18065
40000,4,36004.0,13257,66.29,3996,36004
60000,4,53983.0,18872,94.36,6017,53983
80000,4,72088.0,25268,126.34,7912,72088
100000,4,90101.0,25587,127.93,9899,90101
2,5,2.0,1,0.01,0,2
3,5,3.0,1,0.01,0,3
100,5,94.0,31,0.16,6,94
200,5,183.0,75,0.38,17,183
2000,5,1811.0,874,4.37,189,1811
10000,5,8990.0,3701,18.51,1010,8990
20000,5,18003.0,7019,35.09,1997,18003
40000,5,36020.0,17213,86.06,3980,36020
60000,5,53901.0,23556,117.78,6099,53901
80000,5,71867.0,25769,128.84,8133,71867
100000,5,89880.0,28131,140.65,10120,89880
2,6,2.0,1,0.01,0,2
3,6,3.0,1,0.01,0,3
100,6,90.0,61,0.31,10,90
200,6,178.0,125,0.63,22,178
2000,6,1791.0,947,4.73,209,1791
10000,6,8950.0,4360,21.8,1050,8950
20000,6,17932.0,11121,55.61,2068,17932
40000,6,35845.0,24557,122.78,4155,35845
60000,6,53752.0,34525,172.62,6248,53752
80000,6,71692.0,35956,179.78,8308,71692
100000,6,89727.0,36585,182.92,10273,89727
2,7,2.0,1,0.01,0,2
3,7,3.0,1,0.01,0,3
100,7,95.0,21,0.11,5,95
200,7,183.0,34,0.17,17,183
2000,7,1796.0,461,2.3,204,1796
10000,7,8985.0,3980,19.9,1015,8985
20000,7,17974.0,6514,32.57,2026,17974
40000,7,35978.0,14795,73.98,4022,35978
60000,7,53991.0,18563,92.81,6009,53991
80000,7,71955.0,23399,116.99,8045,71955
100000,7,89906.0,26553,132.76,10094,89906
2,8,2.0,1,0.01,0,2
3,8,3.0,1,0.01,0,3
100,8,89.0,29,0.15,11,89
200,8,169.0,55,0.28,31,169
2000,8,1779.0,820,4.1,221,1779
10000,8,8958.0,4443,22.21,1042,8958
20000,8,17991.0,4802,24.01,2009,17991
40000,8,35940.0,9417,47.09,4060,35940
60000,8,53862.0,14784,73.92,6138,53862
80000,8,71874.0,14922,74.61,8126,71874
100000,8,89924.0,15922,79.61,10076,89924
2,9,1.0,1,0.01,1,1
3,9,2.0,1,0.01,1,2
100,9,87.0,62,0.31,13,87
200,9,175.0,162,0.81,25,175
2000,9,1785.0,1163,5.81,215,1785
10000,9,8909.0,4597,22.98,1091,8909
20000,9,17885.0,8367,41.84,2115,17885
40000,9,35920.0,11454,57.27,4080,35920
60000,9,53835.0,19375,96.87,6165,53835
80000,9,71772.0,25589,127.94,8228,71772
100000,9,89741.0,34557,172.78,10259,89741
2,10,1.0,1,0.01,1,1
3,10,2.0,1,0.01,1,2
100,10,88.0,41,0.21,12,88
200,10,182.0,93,0.47,18,182
2000,10,1833.0,716,3.58,167,1833
10000,10,8950.0,3464,17.32,1050,8950
20000,10,17971.0,4298,21.49,2029,17971
40000,10,36003.0,5808,29.04,3997,36003
60000,10,54043.0,6432,32.16,5957,54043
80000,10,72010.0,10034,50.17,7990,72010
100000,10,90077.0,10036,50.18,9923,90077
2,11,1.0,1,0.01,1,1
3,11,2.0,2,0.01,1,2
100,11,81.0,90,0.45,19,81
200,11,165.0,168,0.84,35,165
2000,11,1780.0,257,1.28,220,1780
10000,11,8926.0,1846,9.23,1074,8926
20000,11,17966.0,1935,9.68,2034,17966
40000,11,35943.0,2351,11.76,4057,35943
60000,11,53931.0,4419,22.09,6069,53931
80000,11,71869.0,4920,24.6,8131,71869
100000,11,89814.0,10236,51.18,10186,89814
2,12,2.0,1,0.01,0,2
3,12,3.0,1,0.01,0,3
100,12,85.0,9,0.05,15,85
200,12,175.0,9,0.05,25,175
2000,12,1804.0,694,3.47,196,1804
10000,12,8986.0,3542,17.71,1014,8986
20000,12,17945.0,8111,40.56,2055,17945
40000,12,35927.0,18000,90.0,4073,35927
60000,12,53882.0,24900,124.5,6118,53882
80000,12,71840.0,28427,142.13,8160,71840
100000,12,89823.0,30546,152.73,10177,89823
2,13,2.0,1,0.01,0,2
3,13,3.0,1,0.01,0,3
100,13,89.0,26,0.13,11,89
200,13,177.0,89,0.45,23,177
2000,13,1807.0,722,3.61,193,1807
10000,13,8962.0,4052,20.26,1038,8962
20000,13,17937.0,7023,35.11,2063,17937
40000,13,35873.0,16338,81.69,4127,35873
60000,13,53895.0,17599,87.99,6105,53895
80000,13,71796.0,19590,97.95,8204,71796
100000,13,89790.0,24284,121.42,10210,89790
2,14,2.0,1,0.01,0,2
3,14,3.0,1,0.01,0,3
100,14,91.0,9,0.05,9,91
200,14,180.0,17,0.09,20,180
2000,14,1779.0,939,4.69,221,1779
10000,14,8965.0,4904,24.52,1035,8965
20000,14,17946.0,7151,35.75,2054,17946
40000,14,35928.0,9095,45.48,4072,35928
60000,14,53818.0,10692,53.46,6182,53818
80000,14,71939.0,10692,53.46,8061,71939
100000,14,89934.0,10692,53.46,10066,89934
2,15,2.0,1,0.01,0,2
3,15,3.0,1,0.01,0,3
100,15,90.0,66,0.33,10,90
200,15,181.0,145,0.73,19,181
2000,15,1803.0,1284,6.42,197,1803
10000,15,9003.0,4571,22.85,997,9003
20000,15,17966.0,8199,41.0,2034,17966
40000,15,35950.0,14510,72.55,4050,35950
60000,15,53911.0,20164,100.82,6089,53911
80000,15,71905.0,26684,133.42,8095,71905
100000,15,89904.0,26783,133.91,10096,89904
2,16,2.0,1,0.01,0,2
3,16,3.0,1,0.01,0,3
100,16,87.0,52,0.26,13,87
200,16,179.0,140,0.7,21,179
2000,16,1790.0,742,3.71,210,1790
10000,16,8993.0,4420,22.1,1007,8993
20000,16,17995.0,7977,39.89,2005,17995
40000,16,35850.0,13849,69.25,4150,35850
60000,16,53846.0,16043,80.21,6154,53846
80000,16,71819.0,17028,85.14,8181,71819
100000,16,89719.0,22751,113.75,10281,89719
2,17,1.0,1,0.01,1,1
3,17,2.0,2,0.01,1,2
100,17,87.0,85,0.43,13,87
200,17,175.0,163,0.82,25,175
2000,17,1791.0,467,2.33,209,1791
10000,17,9008.0,4184,20.92,992,9008
20000,17,17970.0,9528,47.64,2030,17970
40000,17,35917.0,17701,88.5,4083,35917
60000,17,53905.0,22068,110.34,6095,53905
80000,17,71995.0,22068,110.34,8005,71995
100000,17,89981.0,22071,110.35,10019,89981
2,18,2.0,1,0.01,0,2
3,18,3.0,1,0.01,0,3
100,18,89.0,13,0.07,11,89
200,18,185.0,13,0.07,15,185
2000,18,1802.0,1040,5.2,198,1802
10000,18,8970.0,5962,29.81,1030,8970
20000,18,18014.0,7191,35.95,1986,18014
40000,18,36020.0,10524,52.62,3980,36020
60000,18,53959.0,13816,69.08,6041,53959
80000,18,71902.0,26518,132.59,8098,71902
100000,18,89933.0,27230,136.15,10067,89933
2,19,2.0,1,0.01,0,2
3,19,3.0,1,0.01,0,3
100,19,90.0,46,0.23,10,90
200,19,180.0,73,0.37,20,180
2000,19,1782.0,843,4.21,218,1782
10000,19,8958.0,6121,30.6,1042,8958
20000,19,17935.0,8821,44.11,2065,17935
40000,19,35832.0,14937,74.69,4168,35832
60000,19,53879.0,16787,83.93,6121,53879
80000,19,71871.0,16787,83.93,8129,71871
100000,19,89764.0,20584,102.92,10236,89764
2,20,2.0,1,0.01,0,2
3,20,3.0,1,0.01,0,3
100,20,94.0,41,0.21,6,94
200,20,186.0,70,0.35,14,186
2000,20,1795.0,756,3.78,205,1795
10000,20,8961.0,3623,18.12,1039,8961
20000,20,17882.0,6535,32.67,2118,17882
40000,20,35983.0,6598,32.99,4017,35983
60000,20,54008.0,7909,39.55,5992,54008
80000,20,72014.0,8546,42.73,7986,72014
100000,20,90041.0,9235,46.18,9959,90041
2,21,2.0,1,0.01,0,2
3,21,3.0,1,0.01,0,3
100,21,91.0,43,0.22,9,91
200,21,182.0,93,0.47,18,182
2000,21,1782.0,796,3.98,218,1782
10000,21,8902.0,2565,12.83,1098,8902
20000,21,17847.0,4632,23.16,2153,17847
40000,21,35908.0,4640,23.2,4092,35908
60000,21,53852.0,11831,59.16,6148,53852
80000,21,71783.0,12584,62.92,8217,71783
100000,21,89785.0,20465,102.32,10215,89785
2,22,2.0,1,0.01,0,2
3,22,3.0,1,0.01,0,3
100,22,89.0,10,0.05,11,89
200,22,180.0,40,0.2,20,180
2000,22,1801.0,724,3.62,199,1801
10000,22,8972.0,2606,13.03,1028,8972
20000,22,17959.0,7995,39.98,2041,17959
40000,22,35886.0,18709,93.54,4114,35886
60000,22,53895.0,24345,121.72,6105,53895
80000,22,71916.0,29555,147.77,8084,71916
100000,22,89939.0,33386,166.93,10061,89939
2,23,2.0,1,0.01,0,2
3,23,3.0,1,0.01,0,3
100,23,92.0,38,0.19,8,92
200,23,180.0,98,0.49,20,180
2000,23,1810.0,840,4.2,190,1810
10000,23,8984.0,5753,28.76,1016,8984
20000,23,17960.0,8128,40.64,2040,17960
40000,23,35924.0,12192,60.96,4076,35924
60000,23,53838.0,17333,86.66,6162,53838
80000,23,71786.0,25810,129.05,8214,71786
100000,23,89786.0,25860,129.3,10214,89786
2,24,2.0,1,0.01,0,2
3,24,3.0,1,0.01,0,3
100,24,89.0,32,0.16,11,89
200,24,176.0,92,0.46,24,176
2000,24,1803.0,1097,5.48,197,1803
10000,24,8941.0,6011,30.05,1059,8941
20000,24,17924.0,9160,45.8,2076,17924
40000,24,35884.0,14527,72.64,4116,35884
60000,24,53875.0,16115,80.57,6125,53875
80000,24,71934.0,16115,80.57,8066,71934
100000,24,89879.0,25029,125.14,10121,89879
2,25,2.0,1,0.01,0,2
3,25,3.0,1,0.01,0,3
100,25,92.0,12,0.06,8,92
200,25,180.0,19,0.1,20,180
2000,25,1815.0,1059,5.29,185,1815
10000,25,8971.0,4291,21.46,1029,8971
20000,25,17960.0,10392,51.96,2040,17960
40000,25,35937.0,16756,83.78,4063,35937
60000,25,53907.0,19944,99.72,6093,53907
80000,25,71896.0,23582,117.91,8104,71896
100000,25,89861.0,28594,142.97,10139,89861
2,26,2.0,1,0.01,0,2
3,26,3.0,1,0.01,0,3
100,26,96.0,53,0.27,4,96
200,26,188.0,115,0.58,12,188
2000,26,1811.0,735,3.67,189,1811
10000,26,9003.0,4179,20.9,997,9003
20000,26,17946.0,8459,42.3,2054,17946
40000,26,35915.0,12557,62.79,4085,35915
60000,26,53946.0,12749,63.75,6054,53946
80000,26,71908.0,14703,73.52,8092,71908
100000,26,89835.0,24608,123.04,10165,89835
2,27,2.0,1,0.01,0,2
3,27,3.0,1,0.01,0,3
100,27,92.0,60,0.3,8,92
200,27,181.0,146,0.73,19,181
2000,27,1789.0,1110,5.55,211,1789
10000,27,8960.0,3793,18.97,1040,8960
20000,27,17906.0,6727,33.63,2094,17906
40000,27,35803.0,14611,73.06,4197,35803
60000,27,53854.0,15114,75.57,6146,53854
80000,27,71825.0,15114,75.57,8175,71825
100000,27,89869.0,15127,75.64,10131,89869
2,28,1.0,1,0.01,1,1
3,28,2.0,2,0.01,1,2
100,28,92.0,97,0.49,8,92
200,28,184.0,197,0.99,16,184
2000,28,1800.0,1111,5.55,200,1800
10000,28,8972.0,3953,19.77,1028,8972
20000,28,17942.0,8014,40.07,2058,17942
40000,28,35998.0,8426,42.13,4002,35998
60000,28,53998.0,14752,73.76,6002,53998
80000,28,71951.0,16822,84.11,8049,71951
100000,28,89928.0,20679,103.39,10072,89928
2,29,2.0,1,0.01,0,2
3,29,3.0,1,0.01,0,3
100,29,90.0,65,0.33,10,90
200,29,180.0,93,0.47,20,180
2000,29,1786.0,1074,5.37,214,1786
10000,29,8971.0,2658,13.29,1029,8971
20000,29,17956.0,5487,27.43,2044,17956
40000,29,35887.0,14944,74.72,4113,35887
60000,29,53866.0,17711,88.55,6134,53866
80000,29,71870.0,18143,90.71,8130,71870
100000,29,89912.0,18143,90.71,10088,89912
2,30,2.0,1,0.01,0,2
3,30,3.0,1,0.01,0,3
100,30,91.0,59,0.3,9,91
200,30,182.0,90,0.45,18,182
2000,30,1788.0,914,4.57,212,1788
10000,30,8994.0,4871,24.35,1006,8994
20000,30,17988.0,7056,35.28,2012,17988
40000,30,35995.0,10227,51.14,4005,35995
60000,30,53948.0,11150,55.75,6052,53948
80000,30,71925.0,15082,75.41,8075,71925
100000,30,89899.0,17575,87.87,10101,89899
2,31,2.0,1,0.01,0,2
3,31,3.0,1,0.01,0,3
100,31,89.0,55,0.28,11,89
200,31,180.0,137,0.69,20,180
2000,31,1825.0,821,4.1,175,1825
10000,31,8966.0,2667,13.34,1034,8966
20000,31,17907.0,4049,20.25,2093,17907
40000,31,35872.0,5531,27.65,4128,35872
60000,31,53926.0,6032,30.16,6074,53926
80000,31,71903.0,6109,30.54,8097,71903
100000,31,89878.0,6283,31.41,10122,89878
2,32,2.0,1,0.01,0,2
3,32,3.0,1,0.01,0,3
100,32,85.0,81,0.41,15,85
200,32,173.0,179,0.9,27,173
2000,32,1815.0,888,4.44,185,1815
10000,32,9000.0,4542,22.71,1000,9000
20000,32,17985.0,8488,42.44,2015,17985
40000,32,35954.0,11039,55.2,4046,35954
60000,32,54017.0,13317,66.59,5983,54017
80000,32,71932.0,14911,74.56,8068,71932
100000,32,89904.0,15498,77.49,10096,89904
2,33,2.0,1,0.01,0,2
3,33,3.0,1,0.01,0,3
100,33,90.0,39,0.2,10,90
200,33,181.0,84,0.42,19,181
2000,33,1794.0,1024,5.12,206,1794
10000,33,8996.0,3062,15.31,1004,8996
20000,33,17993.0,3822,19.11,2007,17993
40000,33,35994.0,6193,30.96,4006,35994
60000,33,53936.0,8497,42.49,6064,53936
80000,33,71965.0,8776,43.88,8035,71965
100000,33,90013.0,9196,45.98,9987,90013
2,34,2.0,1,0.01,0,2
3,34,3.0,1,0.01,0,3
100,34,93.0,61,0.31,7,93
200,34,186.0,90,0.45,14,186
2000,34,1801.0,814,4.07,199,1801
10000,34,8979.0,4085,20.43,1021,8979
20000,34,17948.0,7760,38.8,2052,17948
40000,34,35911.0,11104,55.52,4089,35911
60000,34,54008.0,11116,55.58,5992,54008
80000,34,71984.0,19115,95.57,8016,71984
100000,34,89970.0,25924,129.62,10030,89970
2,35,1.0,1,0.01,1,1
3,35,2.0,1,0.01,1,2
100,35,93.0,15,0.08,7,93
200,35,184.0,86,0.43,16,184
2000,35,1795.0,1023,5.11,205,1795
10000,35,9033.0,1756,8.78,967,9033
20000,35,18025.0,2749,13.75,1975,18025
40000,35,35940.0,7464,37.32,4060,35940
60000,35,53879.0,10766,53.83,6121,53879
80000,35,71829.0,13575,67.88,8171,71829
100000,35,89842.0,14632,73.16,10158,89842
2,36,1.0,1,0.01,1,1
3,36,2.0,2,0.01,1,2
100,36,87.0,98,0.49,13,87
200,36,176.0,198,0.99,24,176
2000,36,1813.0,1120,5.6,187,1813
10000,36,8975.0,4730,23.65,1025,8975
20000,36,17924.0,9406,47.03,2076,17924
40000,36,35929.0,14412,72.06,4071,35929
60000,36,53931.0,15968,79.84,6069,53931
80000,36,71989.0,18163,90.81,8011,71989
100000,36,89974.0,18839,94.19,10026,89974
2,37,2.0,1,0.01,0,2
3,37,3.0,1,0.01,0,3
100,37,91.0,7,0.04,9,91
200,37,174.0,9,0.05,26,174
2000,37,1789.0,558,2.79,211,1789
10000,37,8963.0,3997,19.99,1037,8963
20000,37,17942.0,6691,33.45,2058,17942
40000,37,36012.0,9197,45.99,3988,36012
60000,37,54026.0,10589,52.95,5974,54026
80000,37,72024.0,12682,63.41,7976,72024
100000,37,90022.0,13558,67.79,9978,90022
2,38,2.0,1,0.01,0,2
3,38,3.0,1,0.01,0,3
100,38,91.0,46,0.23,9,91
200,38,183.0,75,0.38,17,183
2000,38,1792.0,975,4.87,208,1792
10000,38,8958.0,4246,21.23,1042,8958
20000,38,17903.0,9252,46.26,2097,17903
40000,38,35811.0,14610,73.05,4189,35811
60000,38,53797.0,26507,132.53,6203,53797
80000,38,71757.0,26572,132.86,8243,71757
100000,38,89781.0,26573,132.86,10219,89781
2,39,2.0,1,0.01,0,2
3,39,2.0,1,0.01,1,2
100,39,87.0,96,0.48,13,87
200,39,172.0,196,0.98,28,172
2000,39,1808.0,1995,9.98,192,1808
10000,39,8956.0,9995,49.98,1044,8956
20000,39,17965.0,19995,99.97,2035,17965
40000,39,35864.0,24454,122.27,4136,35864
60000,39,53882.0,25527,127.63,6118,53882
80000,39,71832.0,28195,140.97,8168,71832
100000,39,89809.0,37359,186.79,10191,89809
2,40,2.0,1,0.01,0,2
3,40,3.0,1,0.01,0,3
100,40,88.0,36,0.18,12,88
200,40,179.0,119,0.6,21,179
2000,40,1790.0,604,3.02,210,1790
10000,40,8997.0,6009,30.04,1003,8997
20000,40,17982.0,11582,57.91,2018,17982
40000,40,35975.0,19396,96.98,4025,35975
60000,40,53878.0,24329,121.64,6122,53878
80000,40,71869.0,27343,136.71,8131,71869
100000,40,89722.0,36266,181.33,10278,89722
2,41,2.0,1,0.01,0,2
3,41,3.0,1,0.01,0,3
100,41,94.0,88,0.44,6,94
200,41,185.0,181,0.91,15,185
2000,41,1794.0,1195,5.97,206,1794
10000,41,9004.0,3545,17.73,996,9004
20000,41,18008.0,5269,26.34,1992,18008
40000,41,36006.0,8468,42.34,3994,36006
60000,41,53976.0,10878,54.39,6024,53976
80000,41,71948.0,17410,87.05,8052,71948
100000,41,89968.0,20293,101.46,10032,89968
2,42,1.0,1,0.01,1,1
3,42,2.0,1,0.01,1,2
100,42,89.0,41,0.21,11,89
200,42,179.0,114,0.57,21,179
2000,42,1803.0,899,4.49,197,1803
10000,42,9016.0,1969,9.85,984,9016
20000,42,18030.0,3499,17.5,1970,18030
40000,42,35999.0,5350,26.75,4001,35999
60000,42,53995.0,9483,47.42,6005,53995
80000,42,71936.0,17345,86.72,8064,71936
100000,42,89874.0,23969,119.84,10126,89874
2,43,1.0,1,0.01,1,1
3,43,2.0,1,0.01,1,2
100,43,93.0,4,0.02,7,93
200,43,182.0,45,0.23,18,182
2000,43,1811.0,600,3.0,189,1811
10000,43,8993.0,2824,14.12,1007,8993
20000,43,17965.0,5987,29.93,2035,17965
40000,43,35930.0,13381,66.91,4070,35930
60000,43,53946.0,14595,72.98,6054,53946
80000,43,71944.0,16813,84.06,8056,71944
100000,43,89964.0,17762,88.81,10036,89964
2,44,2.0,1,0.01,0,2
3,44,3.0,1,0.01,0,3
100,44,87.0,48,0.24,13,87
200,44,179.0,61,0.31,21,179
2000,44,1786.0,1432,7.16,214,1786
10000,44,8944.0,4599,22.99,1056,8944
20000,44,17874.0,7443,37.22,2126,17874
40000,44,35818.0,9645,48.23,4182,35818
60000,44,53755.0,13498,67.49,6245,53755
80000,44,71782.0,13498,67.49,8218,71782
100000,44,89788.0,13500,67.5,10212,89788
2,45,2.0,1,0.01,0,2
3,45,3.0,1,0.01,0,3
100,45,91.0,19,0.1,9,91
200,45,180.0,24,0.12,20,180
2000,45,1795.0,540,2.7,205,1795
10000,45,9029.0,2619,13.1,971,9029
20000,45,17996.0,4826,24.13,2004,17996
40000,45,35969.0,10525,52.63,4031,35969
60000,45,53977.0,12624,63.12,6023,53977
80000,45,71943.0,13435,67.18,8057,71943
100000,45,89897.0,24803,124.01,10103,89897
2,46,2.0,1,0.01,0,2
3,46,2.0,1,0.01,1,2
100,46,81.0,5,0.03,19,81
200,46,168.0,5,0.03,32,168
2000,46,1793.0,6,0.03,207,1793
10000,46,8975.0,5128,25.64,1025,8975
20000,46,17975.0,9240,46.2,2025,17975
40000,46,35946.0,13574,67.87,4054,35946
60000,46,53991.0,15030,75.15,6009,53991
80000,46,71989.0,18350,91.75,8011,71989
100000,46,90007.0,20606,103.03,9993,90007
2,47,2.0,1,0.01,0,2
3,47,3.0,1,0.01,0,3
100,47,82.0,54,0.27,18,82
200,47,177.0,154,0.77,23,177
2000,47,1800.0,1188,5.94,200,1800
10000,47,9009.0,5685,28.42,991,9009
20000,47,18014.0,10457,52.29,1986,18014
40000,47,35933.0,14328,71.64,4067,35933
60000,47,53945.0,14788,73.94,6055,53945
80000,47,71885.0,24489,122.44,8115,71885
100000,47,89826.0,26654,133.27,10174,89826
2,48,2.0,1,0.01,0,2
3,48,3.0,1,0.01,0,3
100,48,90.0,40,0.2,10,90
200,48,179.0,97,0.49,21,179
2000,48,1801.0,927,4.63,199,1801
10000,48,8968.0,4849,24.24,1032,8968
20000,48,17944.0,7316,36.58,2056,17944
40000,48,35904.0,15441,77.21,4096,35904
60000,48,53896.0,15882,79.41,6104,53896
80000,48,71810.0,17431,87.15,8190,71810
100000,48,89845.0,17526,87.63,10155,89845
2,49,2.0,1,0.01,0,2
3,49,3.0,1,0.01,0,3
100,49,90.0,56,0.28,10,90
200,49,176.0,127,0.64,24,176
2000,49,1802.0,562,2.81,198,1802
10000,49,8966.0,5432,27.16,1034,8966
20000,49,17930.0,13550,67.75,2070,17930
40000,49,35803.0,24586,122.93,4197,35803
60000,49,53796.0,29142,145.71,6204,53796
80000,49,71820.0,29142,145.71,8180,71820
100000,49,89833.0,29142,145.71,10167,89833
2,50,2.0,1,0.01,0,2
3,50,3.0,1,0.01,0,3
100,50,85.0,80,0.4,15,85
200,50,174.0,145,0.73,26,174
2000,50,1798.0,1013,5.06,202,1798
10000,50,8979.0,5411,27.05,1021,8979
20000,50,17904.0,7947,39.74,2096,17904
40000,50,35813.0,19381,96.9,4187,35813
60000,50,53863.0,19381,96.9,6137,53863
80000,50,71880.0,19381,96.9,8120,71880
100000,50,89900.0,19381,96.9,10100,89900
2,51,2.0,1,0.01,0,2
3,51,3.0,1,0.01,0,3
100,51,94.0,58,0.29,6,94
200,51,180.0,93,0.47,20,180
2000,51,1787.0,533,2.66,213,1787
10000,51,8968.0,3854,19.27,1032,8968
20000,51,17981.0,4244,21.22,2019,17981
40000,51,35913.0,9172,45.86,4087,35913
60000,51,53925.0,9373,46.87,6075,53925
80000,51,71904.0,10133,50.67,8096,71904
100000,51,89996.0,10133,50.67,10004,89996
2,52,1.0,1,0.01,1,1
3,52,1.0,1,0.01,2,1
100,52,92.0,31,0.16,8,92
200,52,186.0,131,0.66,14,186
2000,52,1804.0,1360,6.8,196,1804
10000,52,9027.0,3854,19.27,973,9027
20000,52,18050.0,9238,46.19,1950,18050
40000,52,36027.0,15076,75.38,3973,36027
60000,52,53953.0,25196,125.98,6047,53953
80000,52,71835.0,31403,157.01,8165,71835
100000,52,89807.0,33771,168.85,10193,89807
2,53,2.0,1,0.01,0,2
3,53,3.0,1,0.01,0,3
100,53,90.0,38,0.19,10,90
200,53,184.0,93,0.47,16,184
2000,53,1810.0,607,3.03,190,1810
10000,53,8996.0,5262,26.31,1004,8996
20000,53,17964.0,9380,46.9,2036,17964
40000,53,35902.0,14727,73.64,4098,35902
60000,53,53860.0,28689,143.44,6140,53860
80000,53,71835.0,42531,212.65,8165,71835
100000,53,89805.0,44179,220.89,10195,89805
2,54,2.0,1,0.01,0,2
3,54,3.0,1,0.01,0,3
100,54,86.0,51,0.26,14,86
200,54,182.0,151,0.76,18,182
2000,54,1795.0,846,4.23,205,1795
10000,54,9005.0,5137,25.68,995,9005
20000,54,18029.0,8978,44.89,1971,18029
40000,54,35964.0,10887,54.44,4036,35964
60000,54,53915.0,12580,62.9,6085,53915
80000,54,71870.0,13641,68.21,8130,71870
100000,54,89879.0,13670,68.35,10121,89879
2,55,2.0,1,0.01,0,2
3,55,3.0,1,0.01,0,3
100,55,94.0,50,0.25,6,94
200,55,185.0,91,0.46,15,185
2000,55,1811.0,1062,5.31,189,1811
10000,55,9020.0,6162,30.81,980,9020
20000,55,18005.0,8924,44.62,1995,18005
40000,55,35974.0,16631,83.15,4026,35974
60000,55,54013.0,18027,90.13,5987,54013
80000,55,72032.0,19860,99.3,7968,72032
100000,55,90058.0,21769,108.84,9942,90058
2,56,2.0,1,0.01,0,2
3,56,3.0,1,0.01,0,3
100,56,88.0,25,0.13,12,88
200,56,174.0,66,0.33,26,174
2000,56,1787.0,906,4.53,213,1787
10000,56,8949.0,3378,16.89,1051,8949
20000,56,17973.0,3605,18.03,2027,17973
40000,56,35892.0,10416,52.08,4108,35892
60000,56,53786.0,14767,73.84,6214,53786
80000,56,71819.0,14774,73.87,8181,71819
100000,56,89756.0,18482,92.41,10244,89756
2,57,2.0,1,0.01,0,2
3,57,3.0,1,0.01,0,3
100,57,91.0,66,0.33,9,91
200,57,178.0,143,0.72,22,178
2000,57,1780.0,1020,5.1,220,1780
10000,57,8948.0,4692,23.46,1052,8948
20000,57,17938.0,10560,52.8,2062,17938
40000,57,35903.0,14566,72.83,4097,35903
60000,57,53867.0,22945,114.72,6133,53867
80000,57,71795.0,27949,139.74,8205,71795
100000,57,89815.0,27949,139.74,10185,89815
2,58,1.0,1,0.01,1,1
3,58,2.0,1,0.01,1,2
100,58,85.0,2,0.01,15,85
200,58,171.0,2,0.01,29,171
2000,58,1786.0,930,4.65,214,1786
10000,58,9001.0,3108,15.54,999,9001
20000,58,17988.0,7167,35.83,2012,17988
40000,58,35978.0,12808,64.04,4022,35978
60000,58,53942.0,19441,97.2,6058,53942
80000,58,72014.0,19441,97.2,7986,72014
100000,58,89994.0,20338,101.69,10006,89994
2,59,2.0,1,0.01,0,2
3,59,2.0,1,0.01,1,2
100,59,87.0,47,0.24,13,87
200,59,180.0,84,0.42,20,180
2000,59,1796.0,619,3.09,204,1796
10000,59,9003.0,5241,26.2,997,9003
20000,59,18019.0,9707,48.54,1981,18019
40000,59,35996.0,20411,102.05,4004,35996
60000,59,53996.0,25135,125.67,6004,53996
80000,59,71948.0,38650,193.25,8052,71948
100000,59,89841.0,47509,237.54,10159,89841
2,60,2.0,1,0.01,0,2
3,60,3.0,1,0.01,0,3
100,60,92.0,58,0.29,8,92
200,60,179.0,120,0.6,21,179
2000,60,1804.0,769,3.84,196,1804
10000,60,8989.0,2578,12.89,1011,8989
20000,60,17965.0,3639,18.2,2035,17965
40000,60,35942.0,5383,26.91,4058,35942
60000,60,53880.0,6578,32.89,6120,53880
80000,60,71872.0,6757,33.78,8128,71872
100000,60,89803.0,8165,40.83,10197,89803
2,61,2.0,1,0.01,0,2
3,61,3.0,1,0.01,0,3
100,61,95.0,49,0.25,5,95
200,61,188.0,97,0.49,12,188
2000,61,1816.0,603,3.01,184,1816
10000,61,9007.0,2998,14.99,993,9007
20000,61,18006.0,7441,37.21,1994,18006
40000,61,35919.0,14422,72.11,4081,35919
60000,61,53918.0,19951,99.75,6082,53918
80000,61,71897.0,22574,112.87,8103,71897
100000,61,89911.0,22574,112.87,10089,89911
2,62,2.0,1,0.01,0,2
3,62,2.0,1,0.01,1,2
100,62,92.0,43,0.22,8,92
200,62,179.0,118,0.59,21,179
2000,62,1772.0,931,4.65,228,1772
10000,62,8976.0,2592,12.96,1024,8976
20000,62,17934.0,4595,22.97,2066,17934
40000,62,35901.0,8655,43.28,4099,35901
60000,62,53888.0,9377,46.89,6112,53888
80000,62,71874.0,11813,59.07,8126,71874
100000,62,89842.0,13893,69.47,10158,89842
2,63,2.0,1,0.01,0,2
3,63,3.0,1,0.01,0,3
100,63,86.0,68,0.34,14,86
200,63,179.0,85,0.43,21,179
2000,63,1788.0,1062,5.31,212,1788
10000,63,8955.0,6055,30.27,1045,8955
20000,63,17916.0,9213,46.07,2084,17916
40000,63,35866.0,15307,76.54,4134,35866
60000,63,53840.0,28672,143.36,6160,53840
80000,63,71820.0,31177,155.88,8180,71820
100000,63,89750.0,33192,165.96,10250,89750
2,64,2.0,1,0.01,0,2
3,64,3.0,1,0.01,0,3
100,64,93.0,59,0.3,7,93
200,64,186.0,87,0.44,14,186
2000,64,1817.0,964,4.82,183,1817
10000,64,9016.0,3667,18.34,984,9016
20000,64,18026.0,6515,32.57,1974,18026
40000,64,36035.0,9449,47.25,3965,36035
60000,64,54023.0,12983,64.92,5977,54023
80000,64,71976.0,16414,82.07,8024,71976
100000,64,89947.0,17397,86.98,10053,89947
2,65,2.0,1,0.01,0,2
3,65,3.0,1,0.01,0,3
100,65,90.0,42,0.21,10,90
200,65,177.0,90,0.45,23,177
2000,65,1805.0,488,2.44,195,1805
10000,65,9010.0,3184,15.92,990,9010
20000,65,17976.0,6408,32.04,2024,17976
40000,65,35981.0,7110,35.55,4019,35981
60000,65,53926.0,13764,68.82,6074,53926
80000,65,71974.0,13928,69.64,8026,71974
100000,65,89912.0,14247,71.24,10088,89912
2,66,1.0,1,0.01,1,1
3,66,2.0,2,0.01,1,2
100,66,85.0,43,0.22,15,85
200,66,174.0,55,0.28,26,174
2000,66,1794.0,612,3.06,206,1794
10000,66,8975.0,2869,14.35,1025,8975
20000,66,17941.0,8278,41.39,2059,17941
40000,66,35867.0,11865,59.33,4133,35867
60000,66,53836.0,14744,73.72,6164,53836
80000,66,71839.0,16944,84.72,8161,71839
100000,66,89817.0,23102,115.51,10183,89817
2,67,1.0,1,0.01,1,1
3,67,2.0,1,0.01,1,2
100,67,90.0,2,0.01,10,90
200,67,179.0,2,0.01,21,179
2000,67,1809.0,3,0.02,191,1809
10000,67,9027.0,3,0.02,973,9027
20000,67,18008.0,197,0.99,1992,18008
40000,67,35983.0,15142,75.71,4017,35983
60000,67,53930.0,23971,119.85,6070,53930
80000,67,71907.0,26137,130.68,8093,71907
100000,67,89855.0,28381,141.9,10145,89855
2,68,2.0,1,0.01,0,2
3,68,3.0,1,0.01,0,3
100,68,84.0,39,0.2,16,84
200,68,176.0,39,0.2,24,176
2000,68,1782.0,1277,6.38,218,1782
10000,68,8917.0,3524,17.62,1083,8917
20000,68,17920.0,11766,58.83,2080,17920
40000,68,35887.0,20541,102.7,4113,35887
60000,68,53830.0,25432,127.16,6170,53830
80000,68,71801.0,29502,147.51,8199,71801
100000,68,89833.0,29502,147.51,10167,89833
2,69,1.0,1,0.01,1,1
3,69,2.0,1,0.01,1,2
100,69,88.0,2,0.01,12,88
200,69,180.0,2,0.01,20,180
2000,69,1781.0,3,0.02,219,1781
10000,69,8978.0,3,0.02,1022,8978
20000,69,18023.0,3,0.02,1977,18023
40000,69,36004.0,4,0.02,3996,36004
60000,69,53970.0,4,0.02,6030,53970
80000,69,71958.0,4,0.02,8042,71958
100000,69,90051.0,4,0.02,9949,90051
2,70,2.0,1,0.01,0,2
3,70,3.0,1,0.01,0,3
100,70,92.0,28,0.14,8,92
200,70,183.0,58,0.29,17,183
2000,70,1799.0,410,2.05,201,1799
10000,70,9014.0,2524,12.62,986,9014
20000,70,17977.0,3012,15.06,2023,17977
40000,70,35940.0,4684,23.42,4060,35940
60000,70,53975.0,5312,26.56,6025,53975
80000,70,71965.0,5617,28.08,8035,71965
100000,70,89929.0,9587,47.94,10071,89929
2,71,2.0,1,0.01,0,2
3,71,3.0,1,0.01,0,3
100,71,89.0,49,0.25,11,89
200,71,181.0,109,0.55,19,181
2000,71,1806.0,964,4.82,194,1806
10000,71,9028.0,3951,19.76,972,9028
20000,71,18010.0,8737,43.69,1990,18010
40000,71,35981.0,15898,79.49,4019,35981
60000,71,53995.0,16873,84.36,6005,53995
80000,71,72011.0,28940,144.7,7989,72011
100000,71,89989.0,36347,181.73,10011,89989
2,72,2.0,1,0.01,0,2
3,72,3.0,1,0.01,0,3
100,72,92.0,36,0.18,8,92
200,72,184.0,52,0.26,16,184
2000,72,1806.0,888,4.44,194,1806
10000,72,8992.0,3817,19.09,1008,8992
20000,72,17962.0,5741,28.7,2038,17962
40000,72,35940.0,9988,49.94,4060,35940
60000,72,53899.0,14688,73.44,6101,53899
80000,72,71888.0,16730,83.65,8112,71888
100000,72,89844.0,22503,112.51,10156,89844
2,73,2.0,1,0.01,0,2
3,73,3.0,1,0.01,0,3
100,73,91.0,28,0.14,9,91
200,73,177.0,53,0.27,23,177
2000,73,1812.0,1372,6.86,188,1812
10000,73,8984.0,4416,22.08,1016,8984
20000,73,17944.0,5613,28.06,2056,17944
40000,73,35984.0,7137,35.68,4016,35984
60000,73,54038.0,7163,35.81,5962,54038
80000,73,71995.0,10087,50.44,8005,71995
100000,73,89990.0,14156,70.78,10010,89990
2,74,2.0,1,0.01,0,2
3,74,3.0,1,0.01,0,3
100,74,94.0,58,0.29,6,94
200,74,185.0,113,0.57,15,185
2000,74,1807.0,909,4.54,193,1807
10000,74,9030.0,4227,21.14,970,9030
20000,74,18015.0,7514,37.57,1985,18015
40000,74,35968.0,15274,76.37,4032,35968
60000,74,53900.0,18232,91.16,6100,53900
80000,74,71907.0,18509,92.54,8093,71907
100000,74,89941.0,18609,93.04,10059,89941
2,75,2.0,1,0.01,0,2
3,75,2.0,1,0.01,1,2
100,75,87.0,78,0.39,13,87
200,75,173.0,146,0.73,27,173
2000,75,1792.0,1520,7.6,208,1792
10000,75,8988.0,8074,40.37,1012,8988
20000,75,17964.0,12495,62.48,2036,17964
40000,75,35940.0,19179,95.89,4060,35940
60000,75,53993.0,21610,108.05,6007,53993
80000,75,71935.0,23337,116.68,8065,71935
100000,75,89861.0,27687,138.43,10139,89861
2,76,2.0,1,0.01,0,2
3,76,3.0,1,0.01,0,3
100,76,91.0,48,0.24,9,91
200,76,179.0,83,0.42,21,179
2000,76,1812.0,1144,5.72,188,1812
10000,76,9011.0,4506,22.53,989,9011
20000,76,17980.0,8546,42.73,2020,17980
40000,76,36018.0,12685,63.43,3982,36018
60000,76,53870.0,16502,82.51,6130,53870
80000,76,71783.0,20767,103.83,8217,71783
100000,76,89858.0,20767,103.83,10142,89858
2,77,2.0,1,0.01,0,2
3,77,3.0,1,0.01,0,3
100,77,87.0,36,0.18,13,87
200,77,177.0,96,0.48,23,177
2000,77,1797.0,370,1.85,203,1797
10000,77,8983.0,3574,17.87,1017,8983
20000,77,17996.0,4523,22.61,2004,17996
40000,77,36007.0,6215,31.07,3993,36007
60000,77,54024.0,6379,31.89,5976,54024
80000,77,71945.0,10715,53.58,8055,71945
100000,77,89926.0,10788,53.94,10074,89926
2,78,2.0,1,0.01,0,2
3,78,3.0,1,0.01,0,3
100,78,91.0,95,0.48,9,91
200,78,177.0,161,0.81,23,177
2000,78,1788.0,1338,6.69,212,1788
10000,78,8980.0,3327,16.64,1020,8980
20000,78,17923.0,8140,40.7,2077,17923
40000,78,35901.0,11468,57.34,4099,35901
60000,78,53888.0,14743,73.72,6112,53888
80000,78,71913.0,15043,75.22,8087,71913
100000,78,89899.0,15133,75.67,10101,89899
2,79,2.0,1,0.01,0,2
3,79,3.0,1,0.01,0,3
100,79,87.0,11,0.06,13,87
200,79,174.0,70,0.35,26,174
2000,79,1753.0,844,4.22,247,1753
10000,79,8988.0,5884,29.42,1012,8988
20000,79,17899.0,11762,58.81,2101,17899
40000,79,35881.0,17009,85.04,4119,35881
60000,79,53799.0,22422,112.11,6201,53799
80000,79,71760.0,26083,130.41,8240,71760
100000,79,89818.0,26083,130.41,10182,89818
2,80,2.0,1,0.01,0,2
3,80,3.0,1,0.01,0,3
100,80,90.0,44,0.22,10,90
200,80,182.0,114,0.57,18,182
2000,80,1795.0,881,4.4,205,1795
10000,80,8947.0,2682,13.41,1053,8947
20000,80,17959.0,5622,28.11,2041,17959
40000,80,35913.0,7438,37.19,4087,35913
60000,80,53911.0,8135,40.68,6089,53911
80000,80,71927.0,8803,44.02,8073,71927
100000,80,89997.0,8980,44.9,10003,89997
2,81,2.0,1,0.01,0,2
3,81,3.0,1,0.01,0,3
100,81,87.0,58,0.29,13,87
200,81,181.0,102,0.51,19,181
2000,81,1806.0,526,2.63,194,1806
10000,81,9019.0,3476,17.38,981,9019
20000,81,17978.0,7054,35.27,2022,17978
40000,81,35972.0,11953,59.77,4028,35972
60000,81,53882.0,18494,92.47,6118,53882
80000,81,71771.0,19267,96.33,8229,71771
100000,81,89773.0,20351,101.75,10227,89773
2,82,2.0,1,0.01,0,2
3,82,3.0,1,0.01,0,3
100,82,88.0,42,0.21,12,88
200,82,178.0,94,0.47,22,178
2000,82,1798.0,1024,5.12,202,1798
10000,82,8950.0,5276,26.38,1050,8950
20000,82,17911.0,8195,40.98,2089,17911
40000,82,35833.0,12295,61.48,4167,35833
60000,82,53738.0,14988,74.94,6262,53738
80000,82,71659.0,22811,114.05,8341,71659
100000,82,89487.0,24527,122.63,10513,89487
2,83,2.0,1,0.01,0,2
3,83,3.0,1,0.01,0,3
100,83,89.0,57,0.29,11,89
200,83,183.0,99,0.5,17,183
2000,83,1819.0,890,4.45,181,1819
10000,83,8957.0,4317,21.58,1043,8957
20000,83,17917.0,5459,27.29,2083,17917
40000,83,35892.0,7193,35.96,4108,35892
60000,83,53815.0,10262,51.31,6185,53815
80000,83,71863.0,10262,51.31,8137,71863
100000,83,89860.0,10262,51.31,10140,89860
2,84,2.0,1,0.01,0,2
3,84,3.0,1,0.01,0,3
100,84,89.0,41,0.21,11,89
200,84,180.0,135,0.68,20,180
2000,84,1777.0,1424,7.12,223,1777
10000,84,8959.0,3824,19.12,1041,8959
20000,84,17987.0,5256,26.28,2013,17987
40000,84,35951.0,8890,44.45,4049,35951
60000,84,53965.0,16569,82.84,6035,53965
80000,84,71895.0,22186,110.93,8105,71895
100000,84,89904.0,26025,130.12,10096,89904
2,85,1.0,1,0.01,1,1
3,85,2.0,2,0.01,1,2
100,85,89.0,97,0.49,11,89
200,85,180.0,165,0.83,20,180
2000,85,1802.0,399,1.99,198,1802
10000,85,8950.0,4210,21.05,1050,8950
20000,85,17940.0,7524,37.62,2060,17940
40000,85,35918.0,14221,71.11,4082,35918
60000,85,53826.0,22353,111.76,6174,53826
80000,85,71799.0,24683,123.41,8201,71799
100000,85,89729.0,33608,168.04,10271,89729
2,86,2.0,1,0.01,0,2
3,86,3.0,1,0.01,0,3
100,86,92.0,44,0.22,8,92
200,86,179.0,100,0.5,21,179
2000,86,1792.0,832,4.16,208,1792
10000,86,8956.0,2845,14.23,1044,8956
20000,86,17950.0,3540,17.7,2050,17950
40000,86,35945.0,6222,31.11,4055,35945
60000,86,53892.0,6409,32.04,6108,53892
80000,86,71888.0,6802,34.01,8112,71888
100000,86,89814.0,9091,45.46,10186,89814
2,87,2.0,1,0.01,0,2
3,87,2.0,1,0.01,1,2
100,87,91.0,62,0.31,9,91
200,87,183.0,101,0.51,17,183
2000,87,1792.0,755,3.77,208,1792
10000,87,8998.0,3247,16.24,1002,8998
20000,87,17962.0,4969,24.84,2038,17962
40000,87,35986.0,8858,44.29,4014,35986
60000,87,53975.0,9492,47.46,6025,53975
80000,87,71931.0,10360,51.8,8069,71931
100000,87,89980.0,11452,57.26,10020,89980
2,88,2.0,1,0.01,0,2
3,88,3.0,1,0.01,0,3
100,88,89.0,78,0.39,11,89
200,88,179.0,163,0.82,21,179
2000,88,1797.0,1084,5.42,203,1797
10000,88,8963.0,4412,22.06,1037,8963
20000,88,17948.0,5439,27.19,2052,17948
40000,88,35842.0,10922,54.61,4158,35842
60000,88,53816.0,11863,59.32,6184,53816
80000,88,71899.0,11863,59.32,8101,71899
100000,88,89860.0,11864,59.32,10140,89860
2,89,2.0,1,0.01,0,2
3,89,3.0,1,0.01,0,3
100,89,96.0,50,0.25,4,96
200,89,183.0,122,0.61,17,183
2000,89,1798.0,1158,5.79,202,1798
10000,89,9022.0,3556,17.78,978,9022
20000,89,18028.0,4832,24.16,1972,18028
40000,89,36000.0,9923,49.62,4000,36000
60000,89,54065.0,10614,53.07,5935,54065
80000,89,72052.0,11209,56.05,7948,72052
100000,89,90030.0,12862,64.31,9970,90030
2,90,2.0,1,0.01,0,2
3,90,3.0,1,0.01,0,3
100,90,88.0,62,0.31,12,88
200,90,179.0,150,0.75,21,179
2000,90,1792.0,706,3.53,208,1792
10000,90,9004.0,1377,6.88,996,9004
20000,90,17990.0,2533,12.67,2010,17990
40000,90,35963.0,3998,19.99,4037,35963
60000,90,53958.0,4218,21.09,6042,53958
80000,90,71976.0,4587,22.93,8024,71976
100000,90,89905.0,4839,24.19,10095,89905
2,91,1.0,1,0.01,1,1
3,91,2.0,1,0.01,1,2
100,91,94.0,15,0.08,6,94
200,91,183.0,67,0.34,17,183
2000,91,1794.0,600,3.0,206,1794
10000,91,8981.0,1778,8.89,1019,8981
20000,91,17975.0,7127,35.63,2025,17975
40000,91,35961.0,12250,61.25,4039,35961
60000,91,53971.0,14271,71.36,6029,53971
80000,91,71989.0,15689,78.45,8011,71989
100000,91,90006.0,17471,87.35,9994,90006
2,92,2.0,1,0.01,0,2
3,92,3.0,1,0.01,0,3
100,92,87.0,34,0.17,13,87
200,92,181.0,113,0.57,19,181
2000,92,1799.0,1129,5.64,201,1799
10000,92,8952.0,5666,28.33,1048,8952
20000,92,17949.0,10059,50.3,2051,17949
40000,92,35943.0,16793,83.96,4057,35943
60000,92,53866.0,23647,118.23,6134,53866
80000,92,71887.0,23965,119.82,8113,71887
100000,92,89889.0,23965,119.82,10111,89889
2,93,2.0,1,0.01,0,2
3,93,3.0,1,0.01,0,3
100,93,92.0,64,0.32,8,92
200,93,179.0,119,0.6,21,179
2000,93,1817.0,832,4.16,183,1817
10000,93,8936.0,5135,25.67,1064,8936
20000,93,17915.0,8375,41.88,2085,17915
40000,93,35930.0,11724,58.62,4070,35930
60000,93,53941.0,13585,67.93,6059,53941
80000,93,71941.0,14074,70.37,8059,71941
100000,93,89886.0,16006,80.03,10114,89886
2,94,2.0,1,0.01,0,2
3,94,3.0,1,0.01,0,3
100,94,89.0,28,0.14,11,89
200,94,178.0,94,0.47,22,178
2000,94,1793.0,1376,6.88,207,1793
10000,94,8968.0,7432,37.16,1032,8968
20000,94,17968.0,16449,82.24,2032,17968
40000,94,35893.0,26171,130.85,4107,35893
60000,94,53819.0,31326,156.63,6181,53819
80000,94,71792.0,35664,178.32,8208,71792
100000,94,89776.0,36642,183.21,10224,89776
2,95,2.0,1,0.01,0,2
3,95,3.0,1,0.01,0,3
100,95,98.0,31,0.16,2,98
200,95,190.0,73,0.37,10,190
2000,95,1787.0,820,4.1,213,1787
10000,95,8955.0,3423,17.12,1045,8955
20000,95,17971.0,6070,30.35,2029,17971
40000,95,35952.0,7854,39.27,4048,35952
60000,95,54056.0,7973,39.87,5944,54056
80000,95,72057.0,8878,44.39,7943,72057
100000,95,90057.0,8947,44.74,9943,90057
2,96,2.0,1,0.01,0,2
3,96,3.0,1,0.01,0,3
100,96,93.0,58,0.29,7,93
200,96,183.0,145,0.73,17,183
2000,96,1786.0,1514,7.57,214,1786
10000,96,8983.0,6743,33.71,1017,8983
20000,96,17968.0,11268,56.34,2032,17968
40000,96,35894.0,21328,106.64,4106,35894
60000,96,53806.0,34369,171.84,6194,53806
80000,96,71786.0,36042,180.21,8214,71786
100000,96,89772.0,41796,208.98,10228,89772
2,97,2.0,1,0.01,0,2
3,97,2.0,1,0.01,1,2
100,97,84.0,97,0.49,16,84
200,97,175.0,191,0.96,25,175
2000,97,1801.0,973,4.86,199,1801
10000,97,8969.0,3717,18.59,1031,8969
20000,97,17925.0,8881,44.41,2075,17925
40000,97,35870.0,13819,69.1,4130,35870
60000,97,53818.0,14653,73.27,6182,53818
80000,97,71668.0,16959,84.79,8332,71668
100000,97,89686.0,17006,85.03,10314,89686
2,98,2.0,1,0.01,0,2
3,98,3.0,1,0.01,0,3
100,98,89.0,52,0.26,11,89
200,98,181.0,118,0.59,19,181
2000,98,1797.0,856,4.28,203,1797
10000,98,8994.0,3683,18.42,1006,8994
20000,98,18041.0,7633,38.17,1959,18041
40000,98,36032.0,11345,56.73,3968,36032
60000,98,53990.0,16482,82.41,6010,53990
80000,98,72032.0,18554,92.77,7968,72032
100000,98,90017.0,23409,117.04,9983,90017
2,99,0.0,1,0.01,2,0
3,99,1.0,1,0.01,2,1
100,99,85.0,59,0.3,15,85
200,99,175.0,154,0.77,25,175
2000,99,1783.0,706,3.53,217,1783
10000,99,8984.0,4279,21.4,1016,8984
20000,99,17998.0,6536,32.68,2002,17998
40000,99,35920.0,14958,74.79,4080,35920
60000,99,53857.0,24789,123.94,6143,53857
80000,99,71825.0,27830,139.15,8175,71825
100000,99,89757.0,31027,155.13,10243,89757
2,100,2.0,1,0.01,0,2
3,100,3.0,1,0.01,0,3
100,100,86.0,29,0.15,14,86
200,100,179.0,49,0.25,21,179
2000,100,1811.0,687,3.43,189,1811
10000,100,9010.0,2599,13.0,990,9010
20000,100,18045.0,6466,32.33,1955,18045
40000,100,35982.0,11358,56.79,4018,35982
60000,100,53941.0,13995,69.98,6059,53941
80000,100,71975.0,17875,89.37,8025,71975
100000,100,89950.0,22266,111.33,10050,89950
