Timestep,Iteration,Total Reward,Suboptimal Arms,Total Regret,Zeros Count,Ones Count
2,1,2.0,1,0.01,0,2
3,1,2.0,2,0.01,1,2
100,1,48.0,75,0.38,52,48
200,1,92.0,135,0.68,108,92
2000,1,956.0,1173,5.86,1044,956
10000,1,5058.0,1268,6.34,4942,5058
20000,1,10091.0,1319,6.59,9909,10091
40000,1,20138.0,8824,44.12,19862,20138
60000,1,29991.0,10920,54.6,30009,29991
80000,1,39970.0,12967,64.84,40030,39970
100000,1,50095.0,12967,64.84,49905,50095
2,2,2.0,1,0.01,0,2
3,2,3.0,2,0.01,0,3
100,2,54.0,31,0.16,46,54
200,2,109.0,52,0.26,91,109
2000,2,1018.0,1321,6.6,982,1018
10000,2,4980.0,7200,36.0,5020,4980
20000,2,9918.0,15474,77.37,10082,9918
40000,2,19759.0,30622,153.11,20241,19759
60000,2,29814.0,30622,153.11,30186,29814
80000,2,39742.0,30622,153.11,40258,39742
100000,2,49672.0,32865,164.32,50328,49672
2,3,1.0,1,0.01,1,1
3,3,1.0,1,0.01,2,1
100,3,46.0,18,0.09,54,46
200,3,91.0,27,0.14,109,91
2000,3,1003.0,71,0.36,997,1003
10000,3,5078.0,77,0.39,4922,5078
20000,3,10059.0,83,0.42,9941,10059
40000,3,20093.0,87,0.44,19907,20093
60000,3,30075.0,88,0.44,29925,30075
80000,3,40085.0,89,0.45,39915,40085
100000,3,49948.0,9736,48.68,50052,49948
2,4,2.0,1,0.01,0,2
3,4,3.0,2,0.01,0,3
100,4,59.0,25,0.13,41,59
200,4,103.0,63,0.32,97,103
2000,4,990.0,591,2.95,1010,990
10000,4,4999.0,2043,10.22,5001,4999
20000,4,9939.0,9863,49.32,10061,9939
40000,4,19969.0,17320,86.6,20031,19969
60000,4,29900.0,29340,146.7,30100,29900
80000,4,39899.0,31005,155.02,40101,39899
100000,4,49856.0,32450,162.25,50144,49856
2,5,2.0,1,0.01,0,2
3,5,2.0,2,0.01,1,2
100,5,52.0,77,0.39,48,52
200,5,108.0,177,0.89,92,108
2000,5,1023.0,1969,9.85,977,1023
10000,5,5019.0,4900,24.5,4981,5019
20000,5,9917.0,7980,39.9,10083,9917
40000,5,19828.0,18942,94.71,20172,19828
60000,5,29766.0,20129,100.64,30234,29766
80000,5,39711.0,20928,104.64,40289,39711
100000,5,49778.0,20928,104.64,50222,49778
2,6,2.0,1,0.01,0,2
3,6,3.0,2,0.01,0,3
100,6,57.0,89,0.45,43,57
200,6,108.0,187,0.94,92,108
2000,6,971.0,1179,5.89,1029,971
10000,6,4979.0,1763,8.81,5021,4979
20000,6,9963.0,2284,11.42,10037,9963
40000,6,19750.0,14358,71.79,20250,19750
60000,6,29767.0,15639,78.2,30233,29767
80000,6,39801.0,15639,78.2,40199,39801
100000,6,49863.0,15639,78.2,50137,49863
2,7,1.0,1,0.01,1,1
3,7,1.0,1,0.01,2,1
100,7,41.0,57,0.29,59,41
200,7,96.0,57,0.29,104,96
2000,7,991.0,591,2.95,1009,991
10000,7,4950.0,3482,17.41,5050,4950
20000,7,9899.0,8241,41.21,10101,9899
40000,7,19931.0,10464,52.32,20069,19931
60000,7,29871.0,18525,92.62,30129,29871
80000,7,39914.0,22678,113.39,40086,39914
100000,7,49887.0,41170,205.85,50113,49887
2,8,2.0,1,0.01,0,2
3,8,3.0,2,0.01,0,3
100,8,56.0,39,0.2,44,56
200,8,108.0,48,0.24,92,108
2000,8,1009.0,542,2.71,991,1009
10000,8,5042.0,2584,12.92,4958,5042
20000,8,10105.0,10970,54.85,9895,10105
40000,8,20058.0,16137,80.68,19942,20058
60000,8,30194.0,16137,80.68,29806,30194
80000,8,40184.0,19627,98.13,39816,40184
100000,8,50231.0,20461,102.3,49769,50231
2,9,1.0,1,0.01,1,1
3,9,1.0,2,0.01,2,1
100,9,54.0,89,0.45,46,54
200,9,112.0,189,0.95,88,112
2000,9,1042.0,1261,6.3,958,1042
10000,9,5098.0,4436,22.18,4902,5098
20000,9,10013.0,9551,47.76,9987,10013
40000,9,19939.0,18237,91.18,20061,19939
60000,9,29943.0,19537,97.68,30057,29943
80000,9,39859.0,27878,139.39,40141,39859
100000,9,49696.0,34053,170.26,50304,49696
2,10,1.0,1,0.01,1,1
3,10,1.0,2,0.01,2,1
100,10,50.0,94,0.47,50,50
200,10,97.0,193,0.97,103,97
2000,10,969.0,1980,9.9,1031,969
10000,10,4966.0,9978,49.89,5034,4966
20000,10,10033.0,19977,99.88,9967,10033
40000,10,19875.0,39976,199.88,20125,19875
60000,10,29751.0,59975,299.87,30249,29751
80000,10,39601.0,79975,399.87,40399,39601
100000,10,49349.0,99966,499.83,50651,49349
2,11,1.0,1,0.01,1,1
3,11,1.0,2,0.01,2,1
100,11,50.0,44,0.22,50,50
200,11,106.0,90,0.45,94,106
2000,11,1013.0,1698,8.49,987,1013
10000,11,5062.0,3749,18.75,4938,5062
20000,11,10067.0,5927,29.63,9933,10067
40000,11,19936.0,9681,48.41,20064,19936
60000,11,30031.0,10034,50.17,29969,30031
80000,11,40013.0,11531,57.66,39987,40013
100000,11,49942.0,15933,79.67,50058,49942
2,12,1.0,1,0.01,1,1
3,12,2.0,2,0.01,1,2
100,12,50.0,94,0.47,50,50
200,12,102.0,140,0.7,98,102
2000,12,974.0,781,3.9,1026,974
10000,12,4906.0,1511,7.55,5094,4906
20000,12,9844.0,1771,8.85,10156,9844
40000,12,19783.0,12561,62.81,20217,19783
60000,12,29882.0,12561,62.81,30118,29882
80000,12,39905.0,12561,62.81,40095,39905
100000,12,49870.0,12561,62.81,50130,49870
2,13,2.0,1,0.01,0,2
3,13,2.0,2,0.01,1,2
100,13,41.0,15,0.08,59,41
200,13,92.0,19,0.1,108,92
2000,13,1012.0,39,0.2,988,1012
10000,13,5062.0,953,4.76,4938,5062
20000,13,10038.0,6659,33.29,9962,10038
40000,13,20008.0,15106,75.53,19992,20008
60000,13,30006.0,15641,78.21,29994,30006
80000,13,40038.0,16735,83.67,39962,40038
100000,13,50021.0,21649,108.24,49979,50021
2,14,1.0,1,0.01,1,1
3,14,2.0,1,0.01,1,2
100,14,53.0,12,0.06,47,53
200,14,98.0,89,0.45,102,98
2000,14,968.0,1771,8.85,1032,968
10000,14,4944.0,4276,21.38,5056,4944
20000,14,9882.0,9445,47.23,10118,9882
40000,14,19978.0,9446,47.23,20022,19978
60000,14,29916.0,21265,106.32,30084,29916
80000,14,39833.0,28436,142.18,40167,39833
100000,14,49814.0,30832,154.16,50186,49814
2,15,2.0,1,0.01,0,2
3,15,2.0,2,0.01,1,2
100,15,51.0,18,0.09,49,51
200,15,106.0,35,0.18,94,106
2000,15,970.0,326,1.63,1030,970
10000,15,4910.0,2131,10.66,5090,4910
20000,15,9863.0,9640,48.2,10137,9863
40000,15,19883.0,9825,49.13,20117,19883
60000,15,29789.0,11728,58.64,30211,29789
80000,15,39850.0,11728,58.64,40150,39850
100000,15,49859.0,21461,107.3,50141,49859
2,16,2.0,1,0.01,0,2
3,16,2.0,2,0.01,1,2
100,16,49.0,73,0.37,51,49
200,16,94.0,125,0.63,106,94
2000,16,984.0,1903,9.52,1016,984
10000,16,4952.0,6159,30.79,5048,4952
20000,16,9931.0,10244,51.22,10069,9931
40000,16,19931.0,12323,61.62,20069,19931
60000,16,29920.0,14112,70.56,30080,29920
80000,16,39836.0,22178,110.89,40164,39836
100000,16,49778.0,37496,187.48,50222,49778
2,17,0.0,1,0.01,2,0
3,17,1.0,2,0.01,2,1
100,17,46.0,44,0.22,54,46
200,17,90.0,44,0.22,110,90
2000,17,1001.0,48,0.24,999,1001
10000,17,4989.0,5323,26.61,5011,4989
20000,17,10005.0,6419,32.09,9995,10005
40000,17,20001.0,7169,35.84,19999,20001
60000,17,29985.0,7576,37.88,30015,29985
80000,17,39924.0,8221,41.11,40076,39924
100000,17,50100.0,8221,41.11,49900,50100
2,18,2.0,1,0.01,0,2
3,18,3.0,2,0.01,0,3
100,18,48.0,34,0.17,52,48
200,18,93.0,53,0.27,107,93
2000,18,951.0,504,2.52,1049,951
10000,18,4921.0,1040,5.2,5079,4921
20000,18,9898.0,3252,16.26,10102,9898
40000,18,19804.0,4130,20.65,20196,19804
60000,18,29831.0,17705,88.52,30169,29831
80000,18,39844.0,37705,188.52,40156,39844
100000,18,49797.0,57705,288.52,50203,49797
2,19,2.0,1,0.01,0,2
3,19,3.0,2,0.01,0,3
100,19,47.0,85,0.43,53,47
200,19,91.0,120,0.6,109,91
2000,19,951.0,323,1.61,1049,951
10000,19,4896.0,503,2.51,5104,4896
20000,19,9843.0,1707,8.53,10157,9843
40000,19,19717.0,1745,8.72,20283,19717
60000,19,29725.0,1745,8.72,30275,29725
80000,19,39628.0,1768,8.84,40372,39628
100000,19,49548.0,1781,8.9,50452,49548
2,20,1.0,1,0.01,1,1
3,20,1.0,1,0.01,2,1
100,20,48.0,49,0.25,52,48
200,20,98.0,49,0.25,102,98
2000,20,954.0,1260,6.3,1046,954
10000,20,4901.0,4946,24.73,5099,4901
20000,20,9712.0,13024,65.12,10288,9712
40000,20,19831.0,13082,65.41,20169,19831
60000,20,29762.0,13082,65.41,30238,29762
80000,20,39754.0,13082,65.41,40246,39754
100000,20,49773.0,13082,65.41,50227,49773
2,21,2.0,1,0.01,0,2
3,21,3.0,2,0.01,0,3
100,21,51.0,53,0.27,49,51
200,21,108.0,144,0.72,92,108
2000,21,996.0,1328,6.64,1004,996
10000,21,5056.0,4232,21.16,4944,5056
20000,21,10112.0,5640,28.2,9888,10112
40000,21,20061.0,8397,41.99,19939,20061
60000,21,30059.0,13513,67.57,29941,30059
80000,21,40069.0,15179,75.9,39931,40069
100000,21,50043.0,16376,81.88,49957,50043
2,22,0.0,1,0.01,2,0
3,22,0.0,2,0.01,3,0
100,22,43.0,72,0.36,57,43
200,22,90.0,172,0.86,110,90
2000,22,947.0,1615,8.07,1053,947
10000,22,4883.0,9588,47.94,5117,4883
20000,22,9807.0,19568,97.84,10193,9807
40000,22,19777.0,21728,108.64,20223,19777
60000,22,29891.0,21728,108.64,30109,29891
80000,22,39897.0,21728,108.64,40103,39897
100000,22,49849.0,21728,108.64,50151,49849
2,23,1.0,1,0.01,1,1
3,23,2.0,1,0.01,1,2
100,23,52.0,74,0.37,48,52
200,23,100.0,174,0.87,100,100
2000,23,975.0,830,4.15,1025,975
10000,23,5017.0,986,4.93,4983,5017
20000,23,10031.0,5219,26.09,9969,10031
40000,23,20088.0,6493,32.46,19912,20088
60000,23,30017.0,7959,39.8,29983,30017
80000,23,39938.0,19268,96.34,40062,39938
100000,23,49820.0,30532,152.66,50180,49820
2,24,2.0,1,0.01,0,2
3,24,3.0,2,0.01,0,3
100,24,57.0,20,0.1,43,57
200,24,110.0,33,0.17,90,110
2000,24,1024.0,706,3.53,976,1024
10000,24,4937.0,4115,20.58,5063,4937
20000,24,9874.0,9291,46.46,10126,9874
40000,24,19790.0,11254,56.27,20210,19790
60000,24,29743.0,12637,63.19,30257,29743
80000,24,39727.0,12749,63.75,40273,39727
100000,24,49728.0,12751,63.76,50272,49728
2,25,2.0,1,0.01,0,2
3,25,2.0,2,0.01,1,2
100,25,53.0,80,0.4,47,53
200,25,101.0,170,0.85,99,101
2000,25,968.0,1154,5.77,1032,968
10000,25,5017.0,1215,6.07,4983,5017
20000,25,9993.0,1937,9.69,10007,9993
40000,25,20144.0,2190,10.95,19856,20144
60000,25,30139.0,2375,11.88,29861,30139
80000,25,40064.0,2480,12.4,39936,40064
100000,25,50070.0,2580,12.9,49930,50070
2,26,0.0,1,0.01,2,0
3,26,1.0,2,0.01,2,1
100,26,52.0,62,0.31,48,52
200,26,100.0,62,0.31,100,100
2000,26,981.0,204,1.02,1019,981
10000,26,4918.0,752,3.76,5082,4918
20000,26,9896.0,1500,7.5,10104,9896
40000,26,19772.0,7275,36.38,20228,19772
60000,26,29754.0,9907,49.54,30246,29754
80000,26,39702.0,24051,120.25,40298,39702
100000,26,49582.0,42719,213.59,50418,49582
2,27,1.0,1,0.01,1,1
3,27,1.0,2,0.01,2,1
100,27,49.0,21,0.11,51,49
200,27,83.0,36,0.18,117,83
2000,27,980.0,1051,5.25,1020,980
10000,27,4984.0,1476,7.38,5016,4984
20000,27,9948.0,7689,38.45,10052,9948
40000,27,19940.0,14277,71.39,20060,19940
60000,27,29878.0,18505,92.52,30122,29878
80000,27,39720.0,27017,135.08,40280,39720
100000,27,49672.0,30786,153.93,50328,49672
2,28,1.0,1,0.01,1,1
3,28,2.0,1,0.01,1,2
100,28,54.0,17,0.09,46,54
200,28,103.0,48,0.24,97,103
2000,28,1005.0,783,3.91,995,1005
10000,28,5008.0,4349,21.74,4992,5008
20000,28,10061.0,6748,33.74,9939,10061
40000,28,20101.0,7815,39.08,19899,20101
60000,28,29996.0,8584,42.92,30004,29996
80000,28,39937.0,9257,46.29,40063,39937
100000,28,49882.0,15803,79.02,50118,49882
2,29,1.0,1,0.01,1,1
3,29,2.0,1,0.01,1,2
100,29,48.0,35,0.18,52,48
200,29,96.0,79,0.4,104,96
2000,29,963.0,407,2.03,1037,963
10000,29,4948.0,3948,19.74,5052,4948
20000,29,9934.0,3948,19.74,10066,9934
40000,29,19808.0,4896,24.48,20192,19808
60000,29,29779.0,5565,27.82,30221,29779
80000,29,39810.0,5565,27.82,40190,39810
100000,29,49831.0,5565,27.82,50169,49831
2,30,1.0,1,0.01,1,1
3,30,1.0,1,0.01,2,1
100,30,49.0,34,0.17,51,49
200,30,96.0,133,0.67,104,96
2000,30,1016.0,1400,7.0,984,1016
10000,30,4964.0,4865,24.32,5036,4964
20000,30,9895.0,9181,45.91,10105,9895
40000,30,19996.0,11989,59.95,20004,19996
60000,30,29985.0,17433,87.16,30015,29985
80000,30,39923.0,21167,105.83,40077,39923
100000,30,49902.0,25791,128.95,50098,49902
2,31,2.0,1,0.01,0,2
3,31,3.0,2,0.01,0,3
100,31,46.0,46,0.23,54,46
200,31,99.0,52,0.26,101,99
2000,31,981.0,541,2.7,1019,981
10000,31,5016.0,4424,22.12,4984,5016
20000,31,10056.0,6405,32.02,9944,10056
40000,31,20093.0,8692,43.46,19907,20093
60000,31,30025.0,12830,64.15,29975,30025
80000,31,40006.0,16791,83.95,39994,40006
100000,31,49983.0,18659,93.29,50017,49983
2,32,0.0,1,0.01,2,0
3,32,0.0,2,0.01,3,0
100,32,42.0,76,0.38,58,42
200,32,84.0,135,0.68,116,84
2000,32,980.0,204,1.02,1020,980
10000,32,4937.0,288,1.44,5063,4937
20000,32,9869.0,297,1.48,10131,9869
40000,32,19865.0,302,1.51,20135,19865
60000,32,29917.0,311,1.55,30083,29917
80000,32,39932.0,319,1.59,40068,39932
100000,32,49877.0,320,1.6,50123,49877
2,33,2.0,1,0.01,0,2
3,33,3.0,2,0.01,0,3
100,33,54.0,35,0.18,46,54
200,33,103.0,118,0.59,97,103
2000,33,954.0,1657,8.28,1046,954
10000,33,4881.0,9623,48.12,5119,4881
20000,33,9940.0,19610,98.05,10060,9940
40000,33,19837.0,39463,197.31,20163,19837
60000,33,29715.0,56758,283.79,30285,29715
80000,33,39722.0,56758,283.79,40278,39722
100000,33,49738.0,56758,283.79,50262,49738
2,34,2.0,1,0.01,0,2
3,34,2.0,2,0.01,1,2
100,34,54.0,86,0.43,46,54
200,34,110.0,183,0.92,90,110
2000,34,960.0,1952,9.76,1040,960
10000,34,4877.0,8986,44.93,5123,4877
20000,34,9932.0,18986,94.93,10068,9932
40000,34,19757.0,38552,192.76,20243,19757
60000,34,29735.0,54547,272.73,30265,29735
80000,34,39718.0,54547,272.73,40282,39718
100000,34,49717.0,54547,272.73,50283,49717
2,35,1.0,1,0.01,1,1
3,35,1.0,1,0.01,2,1
100,35,54.0,59,0.3,46,54
200,35,101.0,140,0.7,99,101
2000,35,1051.0,596,2.98,949,1051
10000,35,5011.0,4877,24.38,4989,5011
20000,35,9949.0,11957,59.79,10051,9949
40000,35,19877.0,19215,96.07,20123,19877
60000,35,29926.0,19215,96.07,30074,29926
80000,35,39856.0,30125,150.62,40144,39856
100000,35,49820.0,39744,198.72,50180,49820
2,36,0.0,1,0.01,2,0
3,36,0.0,2,0.01,3,0
100,36,49.0,62,0.31,51,49
200,36,99.0,62,0.31,101,99
2000,36,984.0,1315,6.57,1016,984
10000,36,5045.0,3612,18.06,4955,5045
20000,36,10065.0,7187,35.93,9935,10065
40000,36,19932.0,15959,79.79,20068,19932
60000,36,29946.0,16735,83.67,30054,29946
80000,36,39853.0,19256,96.28,40147,39853
100000,36,49914.0,19256,96.28,50086,49914
2,37,1.0,1,0.01,1,1
3,37,1.0,1,0.01,2,1
100,37,52.0,11,0.06,48,52
200,37,104.0,12,0.06,96,104
2000,37,1029.0,1055,5.27,971,1029
10000,37,4951.0,5999,29.99,5049,4951
20000,37,9928.0,9262,46.31,10072,9928
40000,37,19975.0,10789,53.95,20025,19975
60000,37,29792.0,18816,94.08,30208,29792
80000,37,39682.0,25364,126.82,40318,39682
100000,37,49794.0,28961,144.8,50206,49794
2,38,0.0,1,0.01,2,0
3,38,1.0,2,0.01,2,1
100,38,46.0,93,0.47,54,46
200,38,97.0,192,0.96,103,97
2000,38,975.0,1977,9.89,1025,975
10000,38,4966.0,3377,16.89,5034,4966
20000,38,9928.0,11445,57.23,10072,9928
40000,38,19810.0,28330,141.65,20190,19810
60000,38,29737.0,46953,234.76,30263,29737
80000,38,39590.0,66003,330.01,40410,39590
100000,38,49583.0,86003,430.01,50417,49583
2,39,1.0,1,0.01,1,1
3,39,2.0,1,0.01,1,2
100,39,55.0,26,0.13,45,55
200,39,110.0,118,0.59,90,110
2000,39,1012.0,784,3.92,988,1012
10000,39,4951.0,5282,26.41,5049,4951
20000,39,9923.0,9044,45.22,10077,9923
40000,39,19882.0,11552,57.76,20118,19882
60000,39,29934.0,11552,57.76,30066,29934
80000,39,39879.0,13489,67.45,40121,39879
100000,39,49887.0,13800,69.0,50113,49887
2,40,0.0,1,0.01,2,0
3,40,0.0,2,0.01,3,0
100,40,45.0,49,0.25,55,45
200,40,86.0,64,0.32,114,86
2000,40,989.0,1378,6.89,1011,989
10000,40,4998.0,8755,43.78,5002,4998
20000,40,9955.0,12503,62.52,10045,9955
40000,40,19888.0,14937,74.69,20112,19888
60000,40,29746.0,18293,91.46,30254,29746
80000,40,39746.0,20910,104.55,40254,39746
100000,40,49824.0,20910,104.55,50176,49824
2,41,1.0,1,0.01,1,1
3,41,1.0,1,0.01,2,1
100,41,56.0,71,0.36,44,56
200,41,113.0,166,0.83,87,113
2000,41,970.0,1806,9.03,1030,970
10000,41,4948.0,9788,48.94,5052,4948
20000,41,10036.0,13116,65.58,9964,10036
40000,41,20048.0,13116,65.58,19952,20048
60000,41,29979.0,17838,89.19,30021,29979
80000,41,39960.0,21430,107.15,40040,39960
100000,41,49993.0,25239,126.19,50007,49993
2,42,1.0,1,0.01,1,1
3,42,2.0,1,0.01,1,2
100,42,44.0,83,0.42,56,44
200,42,98.0,183,0.92,102,98
2000,42,1003.0,870,4.35,997,1003
10000,42,5032.0,6417,32.08,4968,5032
20000,42,10055.0,9707,48.54,9945,10055
40000,42,19966.0,12706,63.53,20034,19966
60000,42,30045.0,12706,63.53,29955,30045
80000,42,39996.0,16361,81.8,40004,39996
100000,42,50000.0,17385,86.92,50000,50000
2,43,2.0,1,0.01,0,2
3,43,2.0,2,0.01,1,2
100,43,52.0,65,0.33,48,52
200,43,94.0,130,0.65,106,94
2000,43,971.0,254,1.27,1029,971
10000,43,4950.0,5731,28.65,5050,4950
20000,43,9983.0,5859,29.29,10017,9983
40000,43,20119.0,6106,30.53,19881,20119
60000,43,30141.0,10748,53.74,29859,30141
80000,43,40193.0,11956,59.78,39807,40193
100000,43,50196.0,12313,61.57,49804,50196
2,44,2.0,1,0.01,0,2
3,44,3.0,2,0.01,0,3
100,44,60.0,11,0.06,40,60
200,44,104.0,42,0.21,96,104
2000,44,988.0,258,1.29,1012,988
10000,44,4990.0,6912,34.56,5010,4990
20000,44,9932.0,9805,49.03,10068,9932
40000,44,19919.0,16386,81.93,20081,19919
60000,44,29907.0,17959,89.79,30093,29907
80000,44,39947.0,18834,94.17,40053,39947
100000,44,49951.0,18834,94.17,50049,49951
2,45,0.0,1,0.01,2,0
3,45,1.0,2,0.01,2,1
100,45,52.0,97,0.49,48,52
200,45,111.0,144,0.72,89,111
2000,45,1014.0,1174,5.87,986,1014
10000,45,4974.0,3882,19.41,5026,4974
20000,45,10014.0,4401,22.0,9986,10014
40000,45,20077.0,4774,23.87,19923,20077
60000,45,29912.0,8572,42.86,30088,29912
80000,45,40071.0,8572,42.86,39929,40071
100000,45,50176.0,8572,42.86,49824,50176
2,46,0.0,1,0.01,2,0
3,46,1.0,2,0.01,2,1
100,46,48.0,41,0.21,52,48
200,46,99.0,54,0.27,101,99
2000,46,989.0,678,3.39,1011,989
10000,46,5016.0,987,4.93,4984,5016
20000,46,9921.0,1090,5.45,10079,9921
40000,46,20003.0,1108,5.54,19997,20003
60000,46,29972.0,1126,5.63,30028,29972
80000,46,39933.0,1371,6.85,40067,39933
100000,46,50072.0,1371,6.85,49928,50072
2,47,2.0,1,0.01,0,2
3,47,3.0,2,0.01,0,3
100,47,49.0,18,0.09,51,49
200,47,93.0,22,0.11,107,93
2000,47,975.0,1097,5.48,1025,975
10000,47,4967.0,3805,19.03,5033,4967
20000,47,9937.0,5095,25.47,10063,9937
40000,47,19846.0,9730,48.65,20154,19846
60000,47,29954.0,9731,48.66,30046,29954
80000,47,39963.0,9731,48.66,40037,39963
100000,47,49989.0,10136,50.68,50011,49989
2,48,0.0,1,0.01,2,0
3,48,0.0,2,0.01,3,0
100,48,52.0,3,0.02,48,52
200,48,100.0,4,0.02,100,100
2000,48,993.0,7,0.04,1007,993
10000,48,4949.0,3403,17.02,5051,4949
20000,48,9928.0,10769,53.85,10072,9928
40000,48,19784.0,20087,100.43,20216,19784
60000,48,29753.0,29189,145.94,30247,29753
80000,48,39534.0,40836,204.18,40466,39534
100000,48,49508.0,49070,245.35,50492,49508
2,49,1.0,1,0.01,1,1
3,49,2.0,2,0.01,1,2
100,49,43.0,62,0.31,57,43
200,49,97.0,159,0.8,103,97
2000,49,995.0,282,1.41,1005,995
10000,49,4929.0,388,1.94,5071,4929
20000,49,9973.0,408,2.04,10027,9973
40000,49,19992.0,418,2.09,20008,19992
60000,49,30029.0,420,2.1,29971,30029
80000,49,40004.0,429,2.14,39996,40004
100000,49,49968.0,432,2.16,50032,49968
2,50,1.0,1,0.01,1,1
3,50,1.0,1,0.01,2,1
100,50,53.0,3,0.02,47,53
200,50,106.0,4,0.02,94,106
2000,50,988.0,7,0.04,1012,988
10000,50,4972.0,9,0.05,5028,4972
20000,50,9996.0,10,0.05,10004,9996
40000,50,20123.0,6240,31.2,19877,20123
60000,50,30042.0,21008,105.04,29958,30042
80000,50,39998.0,28276,141.38,40002,39998
100000,50,50001.0,29173,145.86,49999,50001
2,51,1.0,1,0.01,1,1
3,51,1.0,1,0.01,2,1
100,51,48.0,54,0.27,52,48
200,51,98.0,87,0.44,102,98
2000,51,1003.0,185,0.93,997,1003
10000,51,5005.0,274,1.37,4995,5005
20000,51,9963.0,8062,40.31,10037,9963
40000,51,19991.0,17494,87.47,20009,19991
60000,51,29982.0,20844,104.22,30018,29982
80000,51,39906.0,30318,151.59,40094,39906
100000,51,49832.0,38558,192.79,50168,49832
2,52,0.0,1,0.01,2,0
3,52,1.0,2,0.01,2,1
100,52,44.0,69,0.35,56,44
200,52,96.0,169,0.85,104,96
2000,52,993.0,570,2.85,1007,993
10000,52,5011.0,843,4.21,4989,5011
20000,52,9933.0,1111,5.55,10067,9933
40000,52,20060.0,1121,5.6,19940,20060
60000,52,30101.0,1137,5.68,29899,30101
80000,52,40072.0,1150,5.75,39928,40072
100000,52,50057.0,1174,5.87,49943,50057
2,53,2.0,1,0.01,0,2
3,53,2.0,2,0.01,1,2
100,53,50.0,31,0.16,50,50
200,53,99.0,106,0.53,101,99
2000,53,997.0,954,4.77,1003,997
10000,53,5044.0,4055,20.28,4956,5044
20000,53,10007.0,7664,38.32,9993,10007
40000,53,19971.0,8789,43.95,20029,19971
60000,53,29811.0,20005,100.02,30189,29811
80000,53,39764.0,29564,147.82,40236,39764
100000,53,49615.0,35711,178.55,50385,49615
2,54,0.0,1,0.01,2,0
3,54,1.0,2,0.01,2,1
100,54,42.0,68,0.34,58,42
200,54,85.0,163,0.82,115,85
2000,54,990.0,1961,9.81,1010,990
10000,54,5044.0,9922,49.61,4956,5044
20000,54,10057.0,12577,62.89,9943,10057
40000,54,19916.0,18383,91.91,20084,19916
60000,54,29913.0,27271,136.35,30087,29913
80000,54,39850.0,42877,214.38,40150,39850
100000,54,49785.0,45418,227.09,50215,49785
2,55,1.0,1,0.01,1,1
3,55,2.0,2,0.01,1,2
100,55,51.0,94,0.47,49,51
200,55,104.0,142,0.71,96,104
2000,55,969.0,866,4.33,1031,969
10000,55,4933.0,1283,6.41,5067,4933
20000,55,9869.0,1492,7.46,10131,9869
40000,55,19867.0,1588,7.94,20133,19867
60000,55,29918.0,1685,8.42,30082,29918
80000,55,39887.0,1688,8.44,40113,39887
100000,55,49964.0,1690,8.45,50036,49964
2,56,2.0,1,0.01,0,2
3,56,3.0,2,0.01,0,3
100,56,52.0,69,0.35,48,52
200,56,99.0,141,0.71,101,99
2000,56,941.0,1200,6.0,1059,941
10000,56,4966.0,2027,10.14,5034,4966
20000,56,9995.0,2767,13.84,10005,9995
40000,56,19884.0,4966,24.83,20116,19884
60000,56,29869.0,5603,28.01,30131,29869
80000,56,39997.0,5603,28.01,40003,39997
100000,56,49975.0,5713,28.56,50025,49975
2,57,2.0,1,0.01,0,2
3,57,2.0,2,0.01,1,2
100,57,56.0,64,0.32,44,56
200,57,107.0,112,0.56,93,107
2000,57,1007.0,1287,6.43,993,1007
10000,57,4961.0,4680,23.4,5039,4961
20000,57,9907.0,9756,48.78,10093,9907
40000,57,19951.0,17687,88.43,20049,19951
60000,57,30010.0,27520,137.6,29990,30010
80000,57,39985.0,42021,210.1,40015,39985
100000,57,49913.0,43010,215.05,50087,49913
2,58,1.0,1,0.01,1,1
3,58,2.0,2,0.01,1,2
100,58,59.0,97,0.49,41,59
200,58,109.0,174,0.87,91,109
2000,58,976.0,1268,6.34,1024,976
10000,58,4984.0,5059,25.29,5016,4984
20000,58,9951.0,10399,52.0,10049,9951
40000,58,19922.0,12077,60.39,20078,19922
60000,58,29893.0,26488,132.44,30107,29893
80000,58,39933.0,42575,212.87,40067,39933
100000,58,50026.0,42997,214.98,49974,50026
2,59,1.0,1,0.01,1,1
3,59,1.0,2,0.01,2,1
100,59,45.0,96,0.48,55,45
200,59,103.0,196,0.98,97,103
2000,59,1018.0,665,3.32,982,1018
10000,59,4983.0,4552,22.76,5017,4983
20000,59,10027.0,5631,28.15,9973,10027
40000,59,19870.0,10557,52.79,20130,19870
60000,59,29995.0,10571,52.86,30005,29995
80000,59,39979.0,16960,84.8,40021,39979
100000,59,49925.0,27354,136.77,50075,49925
2,60,1.0,1,0.01,1,1
3,60,2.0,1,0.01,1,2
100,60,48.0,27,0.14,52,48
200,60,99.0,126,0.63,101,99
2000,60,962.0,946,4.73,1038,962
10000,60,4942.0,8082,40.41,5058,4942
20000,60,9860.0,14092,70.46,10140,9860
40000,60,19705.0,26878,134.39,20295,19705
60000,60,29505.0,30946,154.73,30495,29505
80000,60,39380.0,44346,221.73,40620,39380
100000,60,49328.0,52238,261.19,50672,49328
2,61,2.0,1,0.01,0,2
3,61,2.0,2,0.01,1,2
100,61,50.0,69,0.35,50,50
200,61,96.0,145,0.73,104,96
2000,61,1011.0,467,2.33,989,1011
10000,61,4984.0,1627,8.13,5016,4984
20000,61,10040.0,1668,8.34,9960,10040
40000,61,20148.0,1994,9.97,19852,20148
60000,61,30027.0,2651,13.26,29973,30027
80000,61,40082.0,2921,14.61,39918,40082
100000,61,50046.0,3034,15.17,49954,50046
2,62,2.0,1,0.01,0,2
3,62,3.0,2,0.01,0,3
100,62,45.0,38,0.19,55,45
200,62,93.0,123,0.62,107,93
2000,62,978.0,1449,7.24,1022,978
10000,62,4985.0,8876,44.38,5015,4985
20000,62,9961.0,18708,93.54,10039,9961
40000,62,19956.0,20692,103.46,20044,19956
60000,62,29848.0,34178,170.89,30152,29848
80000,62,39852.0,42755,213.77,40148,39852
100000,62,49825.0,61852,309.26,50175,49825
2,63,1.0,1,0.01,1,1
3,63,1.0,1,0.01,2,1
100,63,53.0,19,0.1,47,53
200,63,115.0,19,0.1,85,115
2000,63,1044.0,42,0.21,956,1044
10000,63,4986.0,2969,14.85,5014,4986
20000,63,9969.0,4473,22.36,10031,9969
40000,63,20022.0,5848,29.24,19978,20022
60000,63,30095.0,7036,35.18,29905,30095
80000,63,40161.0,7445,37.23,39839,40161
100000,63,50240.0,7447,37.24,49760,50240
2,64,0.0,1,0.01,2,0
3,64,1.0,2,0.01,2,1
100,64,49.0,83,0.42,51,49
200,64,103.0,94,0.47,97,103
2000,64,994.0,870,4.35,1006,994
10000,64,4981.0,6759,33.79,5019,4981
20000,64,9912.0,9138,45.69,10088,9912
40000,64,19804.0,11214,56.07,20196,19804
60000,64,29659.0,17851,89.25,30341,29659
80000,64,39600.0,27066,135.33,40400,39600
100000,64,49521.0,35443,177.21,50479,49521
2,65,2.0,1,0.01,0,2
3,65,3.0,2,0.01,0,3
100,65,49.0,55,0.28,51,49
200,65,96.0,121,0.61,104,96
2000,65,976.0,990,4.95,1024,976
10000,65,4980.0,3083,15.42,5020,4980
20000,65,9941.0,7147,35.73,10059,9941
40000,65,19924.0,15284,76.42,20076,19924
60000,65,29839.0,21168,105.84,30161,29839
80000,65,39733.0,27201,136.0,40267,39733
100000,65,49833.0,27201,136.0,50167,49833
2,66,2.0,1,0.01,0,2
3,66,2.0,2,0.01,1,2
100,66,42.0,90,0.45,58,42
200,66,98.0,189,0.95,102,98
2000,66,999.0,1505,7.52,1001,999
10000,66,5015.0,3046,15.23,4985,5015
20000,66,9953.0,5539,27.69,10047,9953
40000,66,19915.0,11863,59.32,20085,19915
60000,66,29902.0,15711,78.56,30098,29902
80000,66,39894.0,16500,82.5,40106,39894
100000,66,49997.0,16857,84.28,50003,49997
2,67,0.0,1,0.01,2,0
3,67,1.0,2,0.01,2,1
100,67,58.0,54,0.27,42,58
200,67,104.0,126,0.63,96,104
2000,67,1017.0,641,3.2,983,1017
10000,67,4927.0,4773,23.86,5073,4927
20000,67,9864.0,8952,44.76,10136,9864
40000,67,19741.0,11438,57.19,20259,19741
60000,67,29720.0,12633,63.17,30280,29720
80000,67,39712.0,12633,63.17,40288,39712
100000,67,49675.0,12633,63.17,50325,49675
2,68,1.0,1,0.01,1,1
3,68,2.0,2,0.01,1,2
100,68,54.0,97,0.49,46,54
200,68,112.0,148,0.74,88,112
2000,68,1003.0,1528,7.64,997,1003
10000,68,4942.0,7861,39.31,5058,4942
20000,68,9889.0,14979,74.9,10111,9889
40000,68,19904.0,14979,74.9,20096,19904
60000,68,29827.0,20946,104.73,30173,29827
80000,68,39785.0,21754,108.77,40215,39785
100000,68,49917.0,21754,108.77,50083,49917
2,69,0.0,1,0.01,2,0
3,69,1.0,2,0.01,2,1
100,69,54.0,59,0.3,46,54
200,69,104.0,134,0.67,96,104
2000,69,996.0,1520,7.6,1004,996
10000,69,4921.0,6924,34.62,5079,4921
20000,69,9880.0,12801,64.01,10120,9880
40000,69,19810.0,21115,105.57,20190,19810
60000,69,29886.0,21115,105.57,30114,29886
80000,69,39879.0,21115,105.57,40121,39879
100000,69,49908.0,21115,105.57,50092,49908
2,70,1.0,1,0.01,1,1
3,70,1.0,1,0.01,2,1
100,70,58.0,27,0.14,42,58
200,70,105.0,86,0.43,95,105
2000,70,1007.0,231,1.15,993,1007
10000,70,4993.0,1751,8.75,5007,4993
20000,70,9970.0,2110,10.55,10030,9970
40000,70,19966.0,5610,28.05,20034,19966
60000,70,29878.0,6112,30.56,30122,29878
80000,70,39949.0,6232,31.16,40051,39949
100000,70,49871.0,6328,31.64,50129,49871
2,71,0.0,1,0.01,2,0
3,71,1.0,2,0.01,2,1
100,71,44.0,41,0.21,56,44
200,71,91.0,47,0.24,109,91
2000,71,951.0,865,4.32,1049,951
10000,71,4881.0,5082,25.41,5119,4881
20000,71,9845.0,5804,29.02,10155,9845
40000,71,19833.0,20079,100.39,20167,19833
60000,71,29805.0,38997,194.98,30195,29805
80000,71,39726.0,51062,255.31,40274,39726
100000,71,49707.0,52704,263.52,50293,49707
2,72,1.0,1,0.01,1,1
3,72,2.0,1,0.01,1,2
100,72,46.0,4,0.02,54,46
200,72,98.0,5,0.03,102,98
2000,72,968.0,227,1.13,1032,968
10000,72,4998.0,1123,5.61,5002,4998
20000,72,9901.0,3620,18.1,10099,9901
40000,72,19832.0,9098,45.49,20168,19832
60000,72,29880.0,9098,45.49,30120,29880
80000,72,39848.0,9304,46.52,40152,39848
100000,72,49891.0,9309,46.55,50109,49891
2,73,0.0,1,0.01,2,0
3,73,0.0,2,0.01,3,0
100,73,52.0,3,0.02,48,52
200,73,100.0,40,0.2,100,100
2000,73,1003.0,356,1.78,997,1003
10000,73,4985.0,955,4.77,5015,4985
20000,73,10043.0,1021,5.1,9957,10043
40000,73,20134.0,1261,6.3,19866,20134
60000,73,30108.0,1357,6.78,29892,30108
80000,73,40118.0,1412,7.06,39882,40118
100000,73,50145.0,1632,8.16,49855,50145
2,74,1.0,1,0.01,1,1
3,74,1.0,2,0.01,2,1
100,74,51.0,97,0.49,49,51
200,74,99.0,196,0.98,101,99
2000,74,958.0,1966,9.83,1042,958
10000,74,4923.0,9946,49.73,5077,4923
20000,74,9763.0,19944,99.72,10237,9763
40000,74,19687.0,39941,199.7,20313,19687
60000,74,29570.0,59937,299.68,30430,29570
80000,74,39493.0,79937,399.68,40507,39493
100000,74,49427.0,99937,499.68,50573,49427
2,75,0.0,1,0.01,2,0
3,75,1.0,2,0.01,2,1
100,75,49.0,94,0.47,51,49
200,75,102.0,111,0.56,98,102
2000,75,1070.0,626,3.13,930,1070
10000,75,5014.0,3630,18.15,4986,5014
20000,75,10035.0,7613,38.07,9965,10035
40000,75,20003.0,10330,51.65,19997,20003
60000,75,29986.0,16182,80.91,30014,29986
80000,75,39990.0,32048,160.24,40010,39990
100000,75,49882.0,39668,198.34,50118,49882
2,76,2.0,1,0.01,0,2
3,76,3.0,2,0.01,0,3
100,76,45.0,90,0.45,55,45
200,76,92.0,189,0.95,108,92
2000,76,969.0,1615,8.07,1031,969
10000,76,4929.0,9366,46.83,5071,4929
20000,76,9970.0,12382,61.91,10030,9970
40000,76,19819.0,18230,91.15,20181,19819
60000,76,29813.0,26007,130.03,30187,29813
80000,76,39812.0,34277,171.38,40188,39812
100000,76,49859.0,34277,171.38,50141,49859
2,77,2.0,1,0.01,0,2
3,77,2.0,2,0.01,1,2
100,77,49.0,31,0.16,51,49
200,77,99.0,33,0.17,101,99
2000,77,994.0,1093,5.46,1006,994
10000,77,4902.0,3763,18.82,5098,4902
20000,77,9959.0,3763,18.82,10041,9959
40000,77,20070.0,3763,18.82,19930,20070
60000,77,30130.0,16694,83.47,29870,30130
80000,77,40083.0,17698,88.49,39917,40083
100000,77,50189.0,17761,88.8,49811,50189
2,78,1.0,1,0.01,1,1
3,78,1.0,1,0.01,2,1
100,78,50.0,3,0.02,50,50
200,78,97.0,26,0.13,103,97
2000,78,1012.0,760,3.8,988,1012
10000,78,4889.0,5290,26.45,5111,4889
20000,78,9819.0,10166,50.83,10181,9819
40000,78,19725.0,22400,112.0,20275,19725
60000,78,29811.0,22437,112.18,30189,29811
80000,78,39838.0,22437,112.18,40162,39838
100000,78,49783.0,22437,112.18,50217,49783
2,79,0.0,1,0.01,2,0
3,79,1.0,2,0.01,2,1
100,79,41.0,92,0.46,59,41
200,79,96.0,192,0.96,104,96
2000,79,999.0,822,4.11,1001,999
10000,79,5015.0,1962,9.81,4985,5015
20000,79,9947.0,3240,16.2,10053,9947
40000,79,19833.0,8432,42.16,20167,19833
60000,79,29823.0,10779,53.9,30177,29823
80000,79,39908.0,11123,55.62,40092,39908
100000,79,49862.0,11234,56.17,50138,49862
2,80,2.0,1,0.01,0,2
3,80,3.0,2,0.01,0,3
100,80,60.0,7,0.04,40,60
200,80,112.0,8,0.04,88,112
2000,80,1014.0,720,3.6,986,1014
10000,80,5035.0,1986,9.93,4965,5035
20000,80,10163.0,1992,9.96,9837,10163
40000,80,20230.0,2384,11.92,19770,20230
60000,80,30335.0,2457,12.29,29665,30335
80000,80,40158.0,7746,38.73,39842,40158
100000,80,50104.0,8361,41.81,49896,50104
2,81,2.0,1,0.01,0,2
3,81,3.0,2,0.01,0,3
100,81,47.0,91,0.46,53,47
200,81,97.0,190,0.95,103,97
2000,81,946.0,1874,9.37,1054,946
10000,81,4894.0,9772,48.86,5106,4894
20000,81,9776.0,19554,97.77,10224,9776
40000,81,19684.0,39504,197.52,20316,19684
60000,81,29668.0,44144,220.72,30332,29668
80000,81,39626.0,44144,220.72,40374,39626
100000,81,49607.0,44144,220.72,50393,49607
2,82,1.0,1,0.01,1,1
3,82,1.0,2,0.01,2,1
100,82,57.0,39,0.2,43,57
200,82,106.0,46,0.23,94,106
2000,82,1011.0,676,3.38,989,1011
10000,82,5031.0,3128,15.64,4969,5031
20000,82,10010.0,5411,27.05,9990,10010
40000,82,20025.0,8928,44.64,19975,20025
60000,82,30090.0,10817,54.09,29910,30090
80000,82,40063.0,13010,65.05,39937,40063
100000,82,50042.0,18090,90.45,49958,50042
2,83,1.0,1,0.01,1,1
3,83,1.0,1,0.01,2,1
100,83,40.0,56,0.28,60,40
200,83,92.0,59,0.3,108,92
2000,83,987.0,716,3.58,1013,987
10000,83,4984.0,4759,23.79,5016,4984
20000,83,10023.0,5599,27.99,9977,10023
40000,83,19936.0,15525,77.63,20064,19936
60000,83,29958.0,19335,96.67,30042,29958
80000,83,39936.0,21180,105.9,40064,39936
100000,83,49909.0,31710,158.55,50091,49909
2,84,0.0,1,0.01,2,0
3,84,1.0,2,0.01,2,1
100,84,49.0,17,0.09,51,49
200,84,107.0,117,0.59,93,107
2000,84,1027.0,780,3.9,973,1027
10000,84,5020.0,2919,14.6,4980,5020
20000,84,10025.0,4932,24.66,9975,10025
40000,84,19926.0,7741,38.71,20074,19926
60000,84,29851.0,11256,56.28,30149,29851
80000,84,39865.0,11417,57.09,40135,39865
100000,84,49834.0,11687,58.44,50166,49834
2,85,0.0,1,0.01,2,0
3,85,1.0,2,0.01,2,1
100,85,58.0,97,0.49,42,58
200,85,113.0,194,0.97,87,113
2000,85,1018.0,1981,9.91,982,1018
10000,85,4948.0,9510,47.55,5052,4948
20000,85,9918.0,19493,97.46,10082,9918
40000,85,19820.0,39480,197.4,20180,19820
60000,85,29680.0,59456,297.28,30320,29680
80000,85,39672.0,75947,379.73,40328,39672
100000,85,49629.0,75947,379.73,50371,49629
2,86,2.0,1,0.01,0,2
3,86,2.0,2,0.01,1,2
100,86,48.0,65,0.33,52,48
200,86,95.0,147,0.74,105,95
2000,86,979.0,1509,7.54,1021,979
10000,86,4956.0,8559,42.8,5044,4956
20000,86,9877.0,10815,54.08,10123,9877
40000,86,19827.0,17290,86.45,20173,19827
60000,86,29874.0,17290,86.45,30126,29874
80000,86,39884.0,17290,86.45,40116,39884
100000,86,50029.0,17290,86.45,49971,50029
2,87,2.0,1,0.01,0,2
3,87,2.0,2,0.01,1,2
100,87,49.0,85,0.43,51,49
200,87,101.0,184,0.92,99,101
2000,87,988.0,1911,9.56,1012,988
10000,87,4956.0,7148,35.74,5044,4956
20000,87,9842.0,15114,75.57,10158,9842
40000,87,19838.0,23493,117.46,20162,19838
60000,87,29640.0,29372,146.86,30360,29640
80000,87,39597.0,29849,149.24,40403,39597
100000,87,49667.0,29861,149.3,50333,49667
2,88,2.0,1,0.01,0,2
3,88,3.0,2,0.01,0,3
100,88,53.0,60,0.3,47,53
200,88,105.0,127,0.64,95,105
2000,88,1026.0,1004,5.02,974,1026
10000,88,4904.0,3886,19.43,5096,4904
20000,88,9920.0,3982,19.91,10080,9920
40000,88,19890.0,6057,30.28,20110,19890
60000,88,29815.0,6773,33.86,30185,29815
80000,88,39762.0,6894,34.47,40238,39762
100000,88,49799.0,6894,34.47,50201,49799
2,89,0.0,1,0.01,2,0
3,89,1.0,2,0.01,2,1
100,89,55.0,58,0.29,45,55
200,89,104.0,124,0.62,96,104
2000,89,990.0,1227,6.13,1010,990
10000,89,4982.0,6601,33.0,5018,4982
20000,89,10008.0,15813,79.07,9992,10008
40000,89,20076.0,18861,94.3,19924,20076
60000,89,29882.0,25888,129.44,30118,29882
80000,89,39907.0,26159,130.79,40093,39907
100000,89,49895.0,27126,135.63,50105,49895
2,90,0.0,1,0.01,2,0
3,90,1.0,2,0.01,2,1
100,90,53.0,6,0.03,47,53
200,90,103.0,9,0.05,97,103
2000,90,970.0,1240,6.2,1030,970
10000,90,5042.0,5238,26.19,4958,5042
20000,90,10129.0,5469,27.34,9871,10129
40000,90,20206.0,10107,50.54,19794,20206
60000,90,30243.0,17343,86.71,29757,30243
80000,90,40349.0,19223,96.11,39651,40349
100000,90,50405.0,20748,103.74,49595,50405
2,91,0.0,1,0.01,2,0
3,91,1.0,2,0.01,2,1
100,91,42.0,26,0.13,58,42
200,91,93.0,121,0.61,107,93
2000,91,973.0,1309,6.54,1027,973
10000,91,5069.0,2162,10.81,4931,5069
20000,91,10082.0,2793,13.97,9918,10082
40000,91,20023.0,4723,23.61,19977,20023
60000,91,30057.0,5305,26.52,29943,30057
80000,91,40037.0,5451,27.25,39963,40037
100000,91,50032.0,11641,58.21,49968,50032
2,92,1.0,1,0.01,1,1
3,92,1.0,2,0.01,2,1
100,92,48.0,45,0.23,52,48
200,92,109.0,45,0.23,91,109
2000,92,1030.0,170,0.85,970,1030
10000,92,5018.0,5520,27.6,4982,5018
20000,92,10010.0,14057,70.29,9990,10010
40000,92,19967.0,19336,96.68,20033,19967
60000,92,29997.0,21147,105.73,30003,29997
80000,92,40080.0,22388,111.94,39920,40080
100000,92,49940.0,27584,137.92,50060,49940
2,93,1.0,1,0.01,1,1
3,93,1.0,2,0.01,2,1
100,93,47.0,32,0.16,53,47
200,93,102.0,36,0.18,98,102
2000,93,977.0,503,2.51,1023,977
10000,93,5016.0,550,2.75,4984,5016
20000,93,10082.0,878,4.39,9918,10082
40000,93,19941.0,1923,9.62,20059,19941
60000,93,30013.0,1950,9.75,29987,30013
80000,93,40053.0,2831,14.16,39947,40053
100000,93,49895.0,7918,39.59,50105,49895
2,94,1.0,1,0.01,1,1
3,94,1.0,2,0.01,2,1
100,94,46.0,74,0.37,54,46
200,94,99.0,110,0.55,101,99
2000,94,1000.0,368,1.84,1000,1000
10000,94,4969.0,575,2.87,5031,4969
20000,94,9861.0,3507,17.54,10139,9861
40000,94,19822.0,16909,84.54,20178,19822
60000,94,29767.0,21818,109.09,30233,29767
80000,94,39780.0,21818,109.09,40220,39780
100000,94,49710.0,26115,130.57,50290,49710
2,95,1.0,1,0.01,1,1
3,95,2.0,1,0.01,1,2
100,95,53.0,54,0.27,47,53
200,95,107.0,132,0.66,93,107
2000,95,982.0,1459,7.29,1018,982
10000,95,5010.0,3388,16.94,4990,5010
20000,95,9910.0,4114,20.57,10090,9910
40000,95,19759.0,7923,39.62,20241,19759
60000,95,29799.0,8351,41.76,30201,29799
80000,95,39792.0,8351,41.76,40208,39792
100000,95,49814.0,8351,41.76,50186,49814
2,96,2.0,1,0.01,0,2
3,96,3.0,2,0.01,0,3
100,96,51.0,53,0.27,49,51
200,96,102.0,76,0.38,98,102
2000,96,1015.0,193,0.97,985,1015
10000,96,5043.0,960,4.8,4957,5043
20000,96,10090.0,1308,6.54,9910,10090
40000,96,20064.0,7646,38.23,19936,20064
60000,96,30077.0,8298,41.49,29923,30077
80000,96,40152.0,8554,42.77,39848,40152
100000,96,50108.0,11347,56.74,49892,50108
2,97,2.0,1,0.01,0,2
3,97,2.0,2,0.01,1,2
100,97,46.0,33,0.17,54,46
200,97,106.0,37,0.19,94,106
2000,97,978.0,1037,5.18,1022,978
10000,97,4993.0,3719,18.6,5007,4993
20000,97,9951.0,3918,19.59,10049,9951
40000,97,19849.0,6519,32.59,20151,19849
60000,97,29928.0,10971,54.86,30072,29928
80000,97,40042.0,10971,54.86,39958,40042
100000,97,50019.0,10971,54.86,49981,50019
2,98,2.0,1,0.01,0,2
3,98,3.0,2,0.01,0,3
100,98,50.0,27,0.14,50,50
200,98,107.0,27,0.14,93,107
2000,98,1004.0,629,3.14,996,1004
10000,98,5007.0,1239,6.19,4993,5007
20000,98,10043.0,1396,6.98,9957,10043
40000,98,20077.0,1509,7.54,19923,20077
60000,98,29980.0,5765,28.82,30020,29980
80000,98,39939.0,5973,29.86,40061,39939
100000,98,49902.0,6451,32.25,50098,49902
2,99,1.0,1,0.01,1,1
3,99,2.0,2,0.01,1,2
100,99,51.0,49,0.25,49,51
200,99,99.0,49,0.25,101,99
2000,99,1031.0,461,2.3,969,1031
10000,99,4974.0,1438,7.19,5026,4974
20000,99,9997.0,5614,28.07,10003,9997
40000,99,19934.0,14412,72.06,20066,19934
60000,99,29836.0,21370,106.85,30164,29836
80000,99,39783.0,34997,174.98,40217,39783
100000,99,49724.0,43059,215.29,50276,49724
2,100,0.0,1,0.01,2,0
3,100,0.0,2,0.01,3,0
100,100,51.0,40,0.2,49,51
200,100,92.0,137,0.69,108,92
2000,100,968.0,1031,5.15,1032,968
10000,100,4932.0,3272,16.36,5068,4932
20000,100,9938.0,3648,18.24,10062,9938
40000,100,19918.0,4811,24.05,20082,19918
60000,100,29878.0,7055,35.27,30122,29878
80000,100,39824.0,7606,38.03,40176,39824
100000,100,49751.0,8430,42.15,50249,49751
