Timestep,Iteration,Total Reward,Suboptimal Arms,Total Regret,Zeros Count,Ones Count
2,1,0.0,1,0.01,2,0
3,1,0.0,1,0.01,3,0
100,1,47.0,64,0.32,53,47
200,1,95.0,127,0.64,105,95
2000,1,995.0,967,4.83,1005,995
10000,1,4965.0,4881,24.4,5035,4965
20000,1,9962.0,7070,35.35,10038,9962
40000,1,20011.0,18467,92.33,19989,20011
60000,1,29913.0,24159,120.79,30087,29913
80000,1,39846.0,37369,186.84,40154,39846
100000,1,49842.0,41043,205.21,50158,49842
2,2,1.0,1,0.01,1,1
3,2,2.0,1,0.01,1,2
100,2,47.0,59,0.3,53,47
200,2,105.0,121,0.61,95,105
2000,2,990.0,992,4.96,1010,990
10000,2,5045.0,3434,17.17,4955,5045
20000,2,10000.0,6265,31.32,10000,10000
40000,2,19918.0,9419,47.1,20082,19918
60000,2,29836.0,11528,57.64,30164,29836
80000,2,39911.0,11706,58.53,40089,39911
100000,2,49896.0,21480,107.4,50104,49896
2,3,1.0,1,0.01,1,1
3,3,2.0,2,0.01,1,2
100,3,53.0,57,0.29,47,53
200,3,102.0,122,0.61,98,102
2000,3,1004.0,1154,5.77,996,1004
10000,3,4907.0,5220,26.1,5093,4907
20000,3,9883.0,7537,37.69,10117,9883
40000,3,19829.0,17882,89.41,20171,19829
60000,3,29712.0,26876,134.38,30288,29712
80000,3,39695.0,30250,151.25,40305,39695
100000,3,49650.0,31087,155.43,50350,49650
2,4,2.0,1,0.01,0,2
3,4,3.0,1,0.01,0,3
100,4,48.0,48,0.24,52,48
200,4,98.0,103,0.52,102,98
2000,4,967.0,1090,5.45,1033,967
10000,4,4826.0,5429,27.14,5174,4826
20000,4,9953.0,5429,27.14,10047,9953
40000,4,19945.0,9838,49.19,20055,19945
60000,4,29866.0,12092,60.46,30134,29866
80000,4,39789.0,12838,64.19,40211,39789
100000,4,49764.0,15242,76.21,50236,49764
2,5,2.0,1,0.01,0,2
3,5,3.0,1,0.01,0,3
100,5,56.0,55,0.28,44,56
200,5,109.0,94,0.47,91,109
2000,5,1035.0,816,4.08,965,1035
10000,5,4962.0,4271,21.36,5038,4962
20000,5,9905.0,5586,27.93,10095,9905
40000,5,19902.0,17828,89.14,20098,19902
60000,5,29946.0,24351,121.75,30054,29946
80000,5,39904.0,28644,143.22,40096,39904
100000,5,49736.0,34048,170.24,50264,49736
2,6,1.0,1,0.01,1,1
3,6,2.0,1,0.01,1,2
100,6,56.0,45,0.23,44,56
200,6,104.0,89,0.45,96,104
2000,6,997.0,1414,7.07,1003,997
10000,6,4962.0,5402,27.01,5038,4962
20000,6,10005.0,7161,35.8,9995,10005
40000,6,19923.0,15271,76.36,20077,19923
60000,6,30071.0,15271,76.36,29929,30071
80000,6,39946.0,24004,120.02,40054,39946
100000,6,49956.0,29258,146.29,50044,49956
2,7,0.0,1,0.01,2,0
3,7,0.0,1,0.01,3,0
100,7,43.0,58,0.29,57,43
200,7,93.0,137,0.69,107,93
2000,7,986.0,1053,5.26,1014,986
10000,7,4973.0,4303,21.52,5027,4973
20000,7,9934.0,8948,44.74,10066,9934
40000,7,19981.0,11290,56.45,20019,19981
60000,7,29983.0,16460,82.3,30017,29983
80000,7,39911.0,20812,104.06,40089,39911
100000,7,49989.0,24708,123.54,50011,49989
2,8,0.0,1,0.01,2,0
3,8,0.0,1,0.01,3,0
100,8,49.0,48,0.24,51,49
200,8,100.0,111,0.56,100,100
2000,8,1010.0,727,3.63,990,1010
10000,8,4957.0,2671,13.36,5043,4957
20000,8,9943.0,4710,23.55,10057,9943
40000,8,19922.0,10889,54.45,20078,19922
60000,8,30003.0,14566,72.83,29997,30003
80000,8,40044.0,16080,80.4,39956,40044
100000,8,50061.0,21800,109.0,49939,50061
2,9,1.0,1,0.01,1,1
3,9,1.0,1,0.01,2,1
100,9,53.0,51,0.26,47,53
200,9,101.0,87,0.44,99,101
2000,9,1001.0,854,4.27,999,1001
10000,9,5012.0,2975,14.88,4988,5012
20000,9,9892.0,6170,30.85,10108,9892
40000,9,19834.0,16276,81.38,20166,19834
60000,9,29783.0,20143,100.71,30217,29783
80000,9,39800.0,23933,119.66,40200,39800
100000,9,49867.0,24054,120.27,50133,49867
2,10,0.0,1,0.01,2,0
3,10,1.0,1,0.01,2,1
100,10,47.0,43,0.22,53,47
200,10,102.0,76,0.38,98,102
2000,10,1007.0,659,3.29,993,1007
10000,10,4977.0,3841,19.21,5023,4977
20000,10,10021.0,9087,45.44,9979,10021
40000,10,20046.0,17621,88.1,19954,20046
60000,10,29864.0,22952,114.76,30136,29864
80000,10,39800.0,28334,141.67,40200,39800
100000,10,49868.0,29842,149.21,50132,49868
2,11,2.0,1,0.01,0,2
3,11,2.0,1,0.01,1,2
100,11,46.0,52,0.26,54,46
200,11,91.0,97,0.49,109,91
2000,11,1000.0,955,4.77,1000,1000
10000,11,5015.0,4067,20.34,4985,5015
20000,11,9994.0,7053,35.26,10006,9994
40000,11,20016.0,12002,60.01,19984,20016
60000,11,30169.0,12623,63.12,29831,30169
80000,11,39995.0,18710,93.55,40005,39995
100000,11,49964.0,20515,102.57,50036,49964
2,12,2.0,1,0.01,0,2
3,12,3.0,1,0.01,0,3
100,12,55.0,41,0.21,45,55
200,12,111.0,91,0.46,89,111
2000,12,972.0,742,3.71,1028,972
10000,12,4986.0,4780,23.9,5014,4986
20000,12,9991.0,8456,42.28,10009,9991
40000,12,19914.0,16224,81.12,20086,19914
60000,12,29890.0,27259,136.29,30110,29890
80000,12,39863.0,35637,178.18,40137,39863
100000,12,49728.0,45585,227.92,50272,49728
2,13,1.0,1,0.01,1,1
3,13,2.0,2,0.01,1,2
100,13,49.0,49,0.25,51,49
200,13,98.0,103,0.52,102,98
2000,13,993.0,672,3.36,1007,993
10000,13,4893.0,4080,20.4,5107,4893
20000,13,9881.0,4864,24.32,10119,9881
40000,13,19969.0,13760,68.8,20031,19969
60000,13,30012.0,22594,112.97,29988,30012
80000,13,40044.0,30320,151.6,39956,40044
100000,13,49915.0,37039,185.19,50085,49915
2,14,2.0,1,0.01,0,2
3,14,3.0,1,0.01,0,3
100,14,53.0,40,0.2,47,53
200,14,101.0,70,0.35,99,101
2000,14,1055.0,525,2.62,945,1055
10000,14,5074.0,3076,15.38,4926,5074
20000,14,10043.0,8212,41.06,9957,10043
40000,14,20180.0,11758,58.79,19820,20180
60000,14,30125.0,18718,93.59,29875,30125
80000,14,40162.0,21517,107.58,39838,40162
100000,14,50076.0,27812,139.06,49924,50076
2,15,1.0,1,0.01,1,1
3,15,2.0,2,0.01,1,2
100,15,61.0,60,0.3,39,61
200,15,112.0,130,0.65,88,112
2000,15,1018.0,1322,6.61,982,1018
10000,15,5012.0,4712,23.56,4988,5012
20000,15,10053.0,9140,45.7,9947,10053
40000,15,19991.0,16135,80.67,20009,19991
60000,15,30084.0,24301,121.5,29916,30084
80000,15,40114.0,28271,141.35,39886,40114
100000,15,50119.0,34164,170.82,49881,50119
2,16,1.0,1,0.01,1,1
3,16,2.0,1,0.01,1,2
100,16,49.0,52,0.26,51,49
200,16,106.0,97,0.49,94,106
2000,16,1047.0,830,4.15,953,1047
10000,16,4958.0,4129,20.65,5042,4958
20000,16,9909.0,9241,46.21,10091,9909
40000,16,19970.0,18894,94.47,20030,19970
60000,16,30109.0,24665,123.32,29891,30109
80000,16,40110.0,32428,162.14,39890,40110
100000,16,50141.0,42940,214.7,49859,50141
2,17,2.0,1,0.01,0,2
3,17,2.0,1,0.01,1,2
100,17,56.0,55,0.28,44,56
200,17,106.0,101,0.51,94,106
2000,17,1016.0,617,3.08,984,1016
10000,17,5047.0,3673,18.37,4953,5047
20000,17,10017.0,6999,34.99,9983,10017
40000,17,20092.0,10675,53.38,19908,20092
60000,17,29988.0,16192,80.96,30012,29988
80000,17,40064.0,17746,88.73,39936,40064
100000,17,50027.0,30488,152.44,49973,50027
2,18,1.0,1,0.01,1,1
3,18,2.0,2,0.01,1,2
100,18,48.0,57,0.29,52,48
200,18,102.0,90,0.45,98,102
2000,18,999.0,840,4.2,1001,999
10000,18,5013.0,5068,25.34,4987,5013
20000,18,10007.0,9682,48.41,9993,10007
40000,18,20049.0,13504,67.52,19951,20049
60000,18,29899.0,21676,108.38,30101,29899
80000,18,39922.0,29178,145.89,40078,39922
100000,18,49988.0,32314,161.57,50012,49988
2,19,2.0,1,0.01,0,2
3,19,2.0,1,0.01,1,2
100,19,50.0,53,0.27,50,50
200,19,102.0,103,0.52,98,102
2000,19,993.0,1118,5.59,1007,993
10000,19,5035.0,4232,21.16,4965,5035
20000,19,9942.0,7406,37.03,10058,9942
40000,19,19949.0,10626,53.13,20051,19949
60000,19,30007.0,16453,82.26,29993,30007
80000,19,39950.0,23728,118.64,40050,39950
100000,19,49860.0,26318,131.59,50140,49860
2,20,0.0,1,0.01,2,0
3,20,1.0,1,0.01,2,1
100,20,43.0,46,0.23,57,43
200,20,98.0,110,0.55,102,98
2000,20,986.0,768,3.84,1014,986
10000,20,4987.0,3799,19.0,5013,4987
20000,20,9962.0,7091,35.45,10038,9962
40000,20,19934.0,18605,93.02,20066,19934
60000,20,29959.0,26434,132.17,30041,29959
80000,20,39779.0,37597,187.98,40221,39779
100000,20,49784.0,42671,213.35,50216,49784
2,21,1.0,1,0.01,1,1
3,21,2.0,2,0.01,1,2
100,21,61.0,47,0.24,39,61
200,21,105.0,78,0.39,95,105
2000,21,1005.0,944,4.72,995,1005
10000,21,5089.0,5519,27.59,4911,5089
20000,21,10079.0,10747,53.74,9921,10079
40000,21,20135.0,21782,108.91,19865,20135
60000,21,29968.0,33561,167.8,30032,29968
80000,21,39901.0,43849,219.24,40099,39901
100000,21,49680.0,56306,281.53,50320,49680
2,22,0.0,1,0.01,2,0
3,22,0.0,1,0.01,3,0
100,22,38.0,50,0.25,62,38
200,22,95.0,74,0.37,105,95
2000,22,981.0,901,4.5,1019,981
10000,22,5015.0,1913,9.57,4985,5015
20000,22,10019.0,4897,24.48,9981,10019
40000,22,19946.0,9396,46.98,20054,19946
60000,22,29895.0,11044,55.22,30105,29895
80000,22,39927.0,14848,74.24,40073,39927
100000,22,49848.0,18508,92.54,50152,49848
2,23,1.0,1,0.01,1,1
3,23,1.0,1,0.01,2,1
100,23,49.0,52,0.26,51,49
200,23,104.0,108,0.54,96,104
2000,23,958.0,777,3.88,1042,958
10000,23,4855.0,2053,10.27,5145,4855
20000,23,9810.0,5904,29.52,10190,9810
40000,23,19711.0,13416,67.08,20289,19711
60000,23,29756.0,13617,68.09,30244,29756
80000,23,39727.0,13858,69.29,40273,39727
100000,23,49644.0,17745,88.72,50356,49644
2,24,1.0,1,0.01,1,1
3,24,2.0,2,0.01,1,2
100,24,63.0,53,0.27,37,63
200,24,115.0,110,0.55,85,115
2000,24,999.0,945,4.72,1001,999
10000,24,4996.0,4770,23.85,5004,4996
20000,24,10015.0,6966,34.83,9985,10015
40000,24,20011.0,15086,75.43,19989,20011
60000,24,29991.0,23026,115.13,30009,29991
80000,24,40016.0,33280,166.4,39984,40016
100000,24,49988.0,35290,176.45,50012,49988
2,25,2.0,1,0.01,0,2
3,25,3.0,1,0.01,0,3
100,25,46.0,48,0.24,54,46
200,25,100.0,89,0.45,100,100
2000,25,968.0,906,4.53,1032,968
10000,25,4934.0,4714,23.57,5066,4934
20000,25,9926.0,6229,31.14,10074,9926
40000,25,19803.0,9488,47.44,20197,19803
60000,25,29890.0,9961,49.81,30110,29890
80000,25,39919.0,9990,49.95,40081,39919
100000,25,49856.0,14379,71.9,50144,49856
2,26,1.0,1,0.01,1,1
3,26,2.0,1,0.01,1,2
100,26,43.0,56,0.28,57,43
200,26,94.0,99,0.5,106,94
2000,26,1001.0,1148,5.74,999,1001
10000,26,5094.0,5357,26.78,4906,5094
20000,26,10157.0,7570,37.85,9843,10157
40000,26,20025.0,13087,65.44,19975,20025
60000,26,30014.0,17610,88.05,29986,30014
80000,26,39997.0,21852,109.26,40003,39997
100000,26,50007.0,37717,188.58,49993,50007
2,27,0.0,1,0.01,2,0
3,27,1.0,1,0.01,2,1
100,27,49.0,59,0.3,51,49
200,27,104.0,109,0.55,96,104
2000,27,1001.0,1139,5.69,999,1001
10000,27,4982.0,3783,18.92,5018,4982
20000,27,9935.0,7611,38.06,10065,9935
40000,27,19881.0,11882,59.41,20119,19881
60000,27,29901.0,12285,61.43,30099,29901
80000,27,39835.0,20104,100.52,40165,39835
100000,27,49696.0,23253,116.26,50304,49696
2,28,1.0,1,0.01,1,1
3,28,1.0,1,0.01,2,1
100,28,47.0,51,0.26,53,47
200,28,100.0,83,0.42,100,100
2000,28,1026.0,857,4.28,974,1026
10000,28,5040.0,4296,21.48,4960,5040
20000,28,10020.0,6992,34.96,9980,10020
40000,28,20018.0,11649,58.25,19982,20018
60000,28,30009.0,14645,73.23,29991,30009
80000,28,39989.0,18857,94.28,40011,39989
100000,28,49819.0,29354,146.77,50181,49819
2,29,1.0,1,0.01,1,1
3,29,1.0,1,0.01,2,1
100,29,45.0,57,0.29,55,45
200,29,94.0,108,0.54,106,94
2000,29,1014.0,1179,5.89,986,1014
10000,29,4981.0,6701,33.5,5019,4981
20000,29,9949.0,12606,63.03,10051,9949
40000,29,19805.0,24167,120.83,20195,19805
60000,29,29775.0,34100,170.5,30225,29775
80000,29,39749.0,43293,216.46,40251,39749
100000,29,49787.0,44607,223.03,50213,49787
2,30,2.0,1,0.01,0,2
3,30,2.0,1,0.01,1,2
100,30,57.0,47,0.24,43,57
200,30,100.0,95,0.48,100,100
2000,30,981.0,627,3.13,1019,981
10000,30,4969.0,1348,6.74,5031,4969
20000,30,9921.0,5810,29.05,10079,9921
40000,30,19792.0,17806,89.03,20208,19792
60000,30,29798.0,31001,155.0,30202,29798
80000,30,39958.0,31001,155.0,40042,39958
100000,30,49867.0,35546,177.73,50133,49867
2,31,1.0,1,0.01,1,1
3,31,2.0,2,0.01,1,2
100,31,54.0,54,0.27,46,54
200,31,103.0,127,0.64,97,103
2000,31,996.0,665,3.32,1004,996
10000,31,4956.0,2977,14.89,5044,4956
20000,31,9914.0,7170,35.85,10086,9914
40000,31,19897.0,10695,53.48,20103,19897
60000,31,29753.0,16501,82.5,30247,29753
80000,31,39824.0,16524,82.62,40176,39824
100000,31,49911.0,16877,84.38,50089,49911
2,32,2.0,1,0.01,0,2
3,32,3.0,1,0.01,0,3
100,32,52.0,62,0.31,48,52
200,32,104.0,119,0.6,96,104
2000,32,978.0,999,4.99,1022,978
10000,32,4968.0,4921,24.6,5032,4968
20000,32,9967.0,11065,55.33,10033,9967
40000,32,19868.0,23134,115.67,20132,19868
60000,32,29967.0,26091,130.45,30033,29967
80000,32,39855.0,34194,170.97,40145,39855
100000,32,49784.0,42231,211.15,50216,49784
2,33,1.0,1,0.01,1,1
3,33,2.0,2,0.01,1,2
100,33,47.0,46,0.23,53,47
200,33,96.0,92,0.46,104,96
2000,33,987.0,1375,6.87,1013,987
10000,33,4946.0,4821,24.1,5054,4946
20000,33,9898.0,9699,48.5,10102,9898
40000,33,19837.0,21317,106.58,20163,19837
60000,33,29765.0,24369,121.84,30235,29765
80000,33,39738.0,28485,142.42,40262,39738
100000,33,49794.0,29274,146.37,50206,49794
2,34,1.0,1,0.01,1,1
3,34,1.0,2,0.01,2,1
100,34,46.0,51,0.26,54,46
200,34,98.0,90,0.45,102,98
2000,34,954.0,1272,6.36,1046,954
10000,34,4886.0,3830,19.15,5114,4886
20000,34,9933.0,5083,25.41,10067,9933
40000,34,19876.0,6963,34.81,20124,19876
60000,34,29842.0,13522,67.61,30158,29842
80000,34,39791.0,20870,104.35,40209,39791
100000,34,49769.0,24990,124.95,50231,49769
2,35,1.0,1,0.01,1,1
3,35,2.0,1,0.01,1,2
100,35,47.0,52,0.26,53,47
200,35,92.0,104,0.52,108,92
2000,35,993.0,1424,7.12,1007,993
10000,35,4993.0,6505,32.52,5007,4993
20000,35,10041.0,9945,49.73,9959,10041
40000,35,20002.0,19245,96.22,19998,20002
60000,35,29891.0,27224,136.12,30109,29891
80000,35,39848.0,29326,146.63,40152,39848
100000,35,49850.0,30114,150.57,50150,49850
2,36,0.0,1,0.01,2,0
3,36,0.0,1,0.01,3,0
100,36,47.0,42,0.21,53,47
200,36,101.0,94,0.47,99,101
2000,36,992.0,883,4.41,1008,992
10000,36,4975.0,4151,20.76,5025,4975
20000,36,9960.0,8152,40.76,10040,9960
40000,36,19786.0,14597,72.99,20214,19786
60000,36,29755.0,17215,86.07,30245,29755
80000,36,39718.0,20596,102.98,40282,39718
100000,36,49684.0,29955,149.77,50316,49684
2,37,2.0,1,0.01,0,2
3,37,2.0,1,0.01,1,2
100,37,44.0,40,0.2,56,44
200,37,90.0,90,0.45,110,90
2000,37,980.0,803,4.01,1020,980
10000,37,4924.0,3881,19.41,5076,4924
20000,37,9942.0,5001,25.0,10058,9942
40000,37,19954.0,6019,30.09,20046,19954
60000,37,29973.0,11403,57.02,30027,29973
80000,37,39933.0,16367,81.83,40067,39933
100000,37,49843.0,18095,90.47,50157,49843
2,38,1.0,1,0.01,1,1
3,38,2.0,2,0.01,1,2
100,38,53.0,58,0.29,47,53
200,38,93.0,125,0.63,107,93
2000,38,959.0,1000,5.0,1041,959
10000,38,5009.0,3311,16.56,4991,5009
20000,38,10008.0,5779,28.89,9992,10008
40000,38,20077.0,9021,45.11,19923,20077
60000,38,30131.0,10106,50.53,29869,30131
80000,38,40188.0,17372,86.86,39812,40188
100000,38,50147.0,20776,103.88,49853,50147
2,39,0.0,1,0.01,2,0
3,39,1.0,1,0.01,2,1
100,39,45.0,47,0.24,55,45
200,39,101.0,77,0.39,99,101
2000,39,998.0,802,4.01,1002,998
10000,39,4954.0,3090,15.45,5046,4954
20000,39,9982.0,7928,39.64,10018,9982
40000,39,19858.0,18352,91.76,20142,19858
60000,39,29968.0,23328,116.64,30032,29968
80000,39,39944.0,26357,131.78,40056,39944
100000,39,49792.0,32784,163.92,50208,49792
2,40,1.0,1,0.01,1,1
3,40,2.0,2,0.01,1,2
100,40,52.0,47,0.24,48,52
200,40,103.0,87,0.44,97,103
2000,40,1015.0,869,4.34,985,1015
10000,40,5108.0,2936,14.68,4892,5108
20000,40,10043.0,6426,32.13,9957,10043
40000,40,20175.0,13287,66.44,19825,20175
60000,40,30214.0,16201,81.0,29786,30214
80000,40,40107.0,23427,117.13,39893,40107
100000,40,50041.0,29447,147.23,49959,50041
2,41,1.0,1,0.01,1,1
3,41,2.0,1,0.01,1,2
100,41,52.0,56,0.28,48,52
200,41,107.0,119,0.6,93,107
2000,41,1025.0,1155,5.77,975,1025
10000,41,5017.0,5528,27.64,4983,5017
20000,41,9981.0,12694,63.47,10019,9981
40000,41,19897.0,28384,141.92,20103,19897
60000,41,29784.0,38884,194.42,30216,29784
80000,41,39665.0,48861,244.3,40335,39665
100000,41,49627.0,51579,257.89,50373,49627
2,42,1.0,1,0.01,1,1
3,42,1.0,1,0.01,2,1
100,42,52.0,39,0.2,48,52
200,42,112.0,67,0.34,88,112
2000,42,1029.0,540,2.7,971,1029
10000,42,5048.0,3693,18.47,4952,5048
20000,42,9999.0,8485,42.43,10001,9999
40000,42,19965.0,19064,95.32,20035,19965
60000,42,29973.0,22318,111.59,30027,29973
80000,42,39894.0,31141,155.7,40106,39894
100000,42,49905.0,35473,177.36,50095,49905
2,43,1.0,1,0.01,1,1
3,43,1.0,2,0.01,2,1
100,43,49.0,49,0.25,51,49
200,43,100.0,95,0.48,100,100
2000,43,977.0,865,4.32,1023,977
10000,43,4892.0,3333,16.67,5108,4892
20000,43,9878.0,4077,20.39,10122,9878
40000,43,19895.0,7190,35.95,20105,19895
60000,43,29799.0,10670,53.35,30201,29799
80000,43,39675.0,16593,82.96,40325,39675
100000,43,49633.0,29074,145.37,50367,49633
2,44,0.0,1,0.01,2,0
3,44,0.0,1,0.01,3,0
100,44,37.0,52,0.26,63,37
200,44,88.0,104,0.52,112,88
2000,44,988.0,1041,5.2,1012,988
10000,44,5005.0,5567,27.83,4995,5005
20000,44,9935.0,8308,41.54,10065,9935
40000,44,19906.0,12568,62.84,20094,19906
60000,44,29809.0,19980,99.9,30191,29809
80000,44,39755.0,21828,109.14,40245,39755
100000,44,49834.0,22061,110.3,50166,49834
2,45,2.0,1,0.01,0,2
3,45,3.0,1,0.01,0,3
100,45,49.0,48,0.24,51,49
200,45,105.0,95,0.48,95,105
2000,45,1018.0,1138,5.69,982,1018
10000,45,4978.0,5174,25.87,5022,4978
20000,45,9966.0,10801,54.01,10034,9966
40000,45,19847.0,18393,91.96,20153,19847
60000,45,29773.0,26661,133.3,30227,29773
80000,45,39772.0,36601,183.0,40228,39772
100000,45,49751.0,53666,268.33,50249,49751
2,46,0.0,1,0.01,2,0
3,46,1.0,1,0.01,2,1
100,46,53.0,47,0.24,47,53
200,46,98.0,89,0.45,102,98
2000,46,979.0,683,3.41,1021,979
10000,46,4949.0,1940,9.7,5051,4949
20000,46,9985.0,3838,19.19,10015,9985
40000,46,20018.0,15624,78.12,19982,20018
60000,46,29904.0,19994,99.97,30096,29904
80000,46,39700.0,28953,144.76,40300,39700
100000,46,49602.0,35462,177.31,50398,49602
2,47,1.0,1,0.01,1,1
3,47,2.0,2,0.01,1,2
100,47,50.0,58,0.29,50,50
200,47,105.0,122,0.61,95,105
2000,47,961.0,1187,5.93,1039,961
10000,47,4979.0,5524,27.62,5021,4979
20000,47,9868.0,13955,69.78,10132,9868
40000,47,19920.0,17515,87.57,20080,19920
60000,47,29940.0,22189,110.94,30060,29940
80000,47,39844.0,35067,175.33,40156,39844
100000,47,49775.0,37413,187.06,50225,49775
2,48,2.0,1,0.01,0,2
3,48,3.0,1,0.01,0,3
100,48,49.0,48,0.24,51,49
200,48,101.0,95,0.48,99,101
2000,48,984.0,1217,6.08,1016,984
10000,48,4987.0,3198,15.99,5013,4987
20000,48,9925.0,7194,35.97,10075,9925
40000,48,19938.0,9713,48.57,20062,19938
60000,48,30048.0,10899,54.5,29952,30048
80000,48,40076.0,21816,109.08,39924,40076
100000,48,50070.0,24324,121.62,49930,50070
2,49,1.0,1,0.01,1,1
3,49,1.0,1,0.01,2,1
100,49,51.0,39,0.2,49,51
200,49,95.0,62,0.31,105,95
2000,49,987.0,712,3.56,1013,987
10000,49,4960.0,4011,20.06,5040,4960
20000,49,9917.0,7201,36.0,10083,9917
40000,49,19831.0,11728,58.64,20169,19831
60000,49,29765.0,21392,106.96,30235,29765
80000,49,39958.0,21392,106.96,40042,39958
100000,49,49804.0,29113,145.56,50196,49804
2,50,1.0,1,0.01,1,1
3,50,2.0,2,0.01,1,2
100,50,48.0,58,0.29,52,48
200,50,101.0,111,0.56,99,101
2000,50,1015.0,751,3.75,985,1015
10000,50,5005.0,4072,20.36,4995,5005
20000,50,10002.0,6385,31.92,9998,10002
40000,50,19946.0,11540,57.7,20054,19946
60000,50,30019.0,17085,85.42,29981,30019
80000,50,39966.0,25759,128.79,40034,39966
100000,50,49832.0,33729,168.64,50168,49832
2,51,0.0,1,0.01,2,0
3,51,0.0,1,0.01,3,0
100,51,49.0,45,0.23,51,49
200,51,94.0,106,0.53,106,94
2000,51,972.0,784,3.92,1028,972
10000,51,4947.0,2289,11.45,5053,4947
20000,51,9862.0,3094,15.47,10138,9862
40000,51,19869.0,4022,20.11,20131,19869
60000,51,29804.0,7567,37.84,30196,29804
80000,51,39779.0,21171,105.85,40221,39779
100000,51,49778.0,37715,188.57,50222,49778
2,52,1.0,1,0.01,1,1
3,52,1.0,2,0.01,2,1
100,52,42.0,45,0.23,58,42
200,52,90.0,71,0.36,110,90
2000,52,972.0,876,4.38,1028,972
10000,52,4924.0,3953,19.77,5076,4924
20000,52,9977.0,7432,37.16,10023,9977
40000,52,19943.0,20797,103.98,20057,19943
60000,52,29998.0,25042,125.21,30002,29998
80000,52,39993.0,28176,140.88,40007,39993
100000,52,49915.0,33977,169.88,50085,49915
2,53,1.0,1,0.01,1,1
3,53,2.0,2,0.01,1,2
100,53,42.0,56,0.28,58,42
200,53,88.0,91,0.46,112,88
2000,53,999.0,715,3.57,1001,999
10000,53,4999.0,2169,10.85,5001,4999
20000,53,10115.0,2586,12.93,9885,10115
40000,53,20174.0,6090,30.45,19826,20174
60000,53,30188.0,9633,48.17,29812,30188
80000,53,40081.0,10693,53.47,39919,40081
100000,53,50166.0,15757,78.79,49834,50166
2,54,2.0,1,0.01,0,2
3,54,3.0,1,0.01,0,3
100,54,52.0,51,0.26,48,52
200,54,100.0,113,0.57,100,100
2000,54,985.0,1426,7.13,1015,985
10000,54,4997.0,5741,28.7,5003,4997
20000,54,9919.0,8518,42.59,10081,9919
40000,54,19888.0,11455,57.28,20112,19888
60000,54,29903.0,13388,66.94,30097,29903
80000,54,39909.0,17783,88.91,40091,39909
100000,54,50038.0,17783,88.91,49962,50038
2,55,2.0,1,0.01,0,2
3,55,3.0,1,0.01,0,3
100,55,50.0,46,0.23,50,50
200,55,99.0,88,0.44,101,99
2000,55,1001.0,1117,5.58,999,1001
10000,55,4898.0,3796,18.98,5102,4898
20000,55,9847.0,5456,27.28,10153,9847
40000,55,19800.0,5866,29.33,20200,19800
60000,55,29875.0,6005,30.02,30125,29875
80000,55,39903.0,9153,45.77,40097,39903
100000,55,49872.0,9298,46.49,50128,49872
2,56,1.0,1,0.01,1,1
3,56,2.0,2,0.01,1,2
100,56,46.0,49,0.25,54,46
200,56,99.0,112,0.56,101,99
2000,56,1055.0,1331,6.65,945,1055
10000,56,4948.0,5328,26.64,5052,4948
20000,56,9988.0,6909,34.54,10012,9988
40000,56,19843.0,18400,92.0,20157,19843
60000,56,29777.0,36676,183.38,30223,29777
80000,56,39698.0,51711,258.55,40302,39698
100000,56,49519.0,64160,320.8,50481,49519
2,57,0.0,1,0.01,2,0
3,57,1.0,1,0.01,2,1
100,57,41.0,50,0.25,59,41
200,57,89.0,99,0.5,111,89
2000,57,993.0,940,4.7,1007,993
10000,57,4928.0,6215,31.07,5072,4928
20000,57,9935.0,9173,45.87,10065,9935
40000,57,19948.0,15358,76.79,20052,19948
60000,57,29810.0,19333,96.66,30190,29810
80000,57,39737.0,24758,123.79,40263,39737
100000,57,49603.0,32514,162.57,50397,49603
2,58,1.0,1,0.01,1,1
3,58,2.0,2,0.01,1,2
100,58,55.0,47,0.24,45,55
200,58,99.0,82,0.41,101,99
2000,58,1007.0,897,4.48,993,1007
10000,58,4994.0,3331,16.66,5006,4994
20000,58,10027.0,4079,20.4,9973,10027
40000,58,19942.0,6303,31.51,20058,19942
60000,58,30010.0,7184,35.92,29990,30010
80000,58,40015.0,9212,46.06,39985,40015
100000,58,49981.0,10060,50.3,50019,49981
2,59,2.0,1,0.01,0,2
3,59,2.0,1,0.01,1,2
100,59,47.0,50,0.25,53,47
200,59,95.0,82,0.41,105,95
2000,59,1009.0,715,3.57,991,1009
10000,59,4997.0,3007,15.04,5003,4997
20000,59,10013.0,8028,40.14,9987,10013
40000,59,19902.0,20150,100.75,20098,19902
60000,59,29901.0,28064,140.32,30099,29901
80000,59,39761.0,37768,188.84,40239,39761
100000,59,49694.0,47445,237.22,50306,49694
2,60,0.0,1,0.01,2,0
3,60,1.0,1,0.01,2,1
100,60,51.0,54,0.27,49,51
200,60,109.0,93,0.47,91,109
2000,60,1029.0,1306,6.53,971,1029
10000,60,4958.0,6168,30.84,5042,4958
20000,60,9850.0,9299,46.5,10150,9850
40000,60,19893.0,14560,72.8,20107,19893
60000,60,29839.0,17179,85.89,30161,29839
80000,60,39869.0,18268,91.34,40131,39869
100000,60,49849.0,28960,144.8,50151,49849
2,61,0.0,1,0.01,2,0
3,61,0.0,1,0.01,3,0
100,61,51.0,50,0.25,49,51
200,61,108.0,113,0.57,92,108
2000,61,1028.0,1374,6.87,972,1028
10000,61,5009.0,5349,26.74,4991,5009
20000,61,10008.0,9851,49.26,9992,10008
40000,61,19744.0,17529,87.64,20256,19744
60000,61,29822.0,23138,115.69,30178,29822
80000,61,39864.0,24073,120.36,40136,39864
100000,61,49891.0,26972,134.86,50109,49891
2,62,1.0,1,0.01,1,1
3,62,2.0,2,0.01,1,2
100,62,55.0,40,0.2,45,55
200,62,105.0,84,0.42,95,105
2000,62,1044.0,651,3.25,956,1044
10000,62,5005.0,4063,20.32,4995,5005
20000,62,10090.0,7016,35.08,9910,10090
40000,62,20084.0,9304,46.52,19916,20084
60000,62,30011.0,13267,66.34,29989,30011
80000,62,40035.0,14978,74.89,39965,40035
100000,62,50031.0,18892,94.46,49969,50031
2,63,1.0,1,0.01,1,1
3,63,2.0,1,0.01,1,2
100,63,46.0,40,0.2,54,46
200,63,87.0,72,0.36,113,87
2000,63,968.0,903,4.51,1032,968
10000,63,4916.0,4374,21.87,5084,4916
20000,63,9844.0,9296,46.48,10156,9844
40000,63,19632.0,14748,73.74,20368,19632
60000,63,29545.0,26316,131.58,30455,29545
80000,63,39467.0,39489,197.44,40533,39467
100000,63,49419.0,53276,266.38,50581,49419
2,64,1.0,1,0.01,1,1
3,64,1.0,2,0.01,2,1
100,64,53.0,48,0.24,47,53
200,64,98.0,97,0.49,102,98
2000,64,972.0,1130,5.65,1028,972
10000,64,5028.0,6662,33.31,4972,5028
20000,64,9990.0,12236,61.18,10010,9990
40000,64,19858.0,21192,105.96,20142,19858
60000,64,29834.0,26759,133.79,30166,29834
80000,64,39765.0,31139,155.69,40235,39765
100000,64,49679.0,34492,172.46,50321,49679
2,65,1.0,1,0.01,1,1
3,65,1.0,2,0.01,2,1
100,65,37.0,64,0.32,63,37
200,65,89.0,123,0.62,111,89
2000,65,968.0,1163,5.81,1032,968
10000,65,4919.0,6665,33.32,5081,4919
20000,65,9899.0,10071,50.36,10101,9899
40000,65,19928.0,13299,66.5,20072,19928
60000,65,29859.0,17739,88.69,30141,29859
80000,65,39812.0,19439,97.19,40188,39812
100000,65,49886.0,19685,98.42,50114,49886
2,66,2.0,1,0.01,0,2
3,66,3.0,1,0.01,0,3
100,66,58.0,49,0.25,42,58
200,66,108.0,79,0.4,92,108
2000,66,1009.0,978,4.89,991,1009
10000,66,5001.0,3962,19.81,4999,5001
20000,66,9945.0,6629,33.14,10055,9945
40000,66,19815.0,14335,71.68,20185,19815
60000,66,29724.0,22609,113.04,30276,29724
80000,66,39696.0,23880,119.4,40304,39696
100000,66,49748.0,28260,141.3,50252,49748
2,67,1.0,1,0.01,1,1
3,67,2.0,2,0.01,1,2
100,67,51.0,49,0.25,49,51
200,67,99.0,96,0.48,101,99
2000,67,979.0,874,4.37,1021,979
10000,67,5091.0,2654,13.27,4909,5091
20000,67,10067.0,6890,34.45,9933,10067
40000,67,20067.0,12796,63.98,19933,20067
60000,67,30041.0,21917,109.58,29959,30041
80000,67,39909.0,28353,141.76,40091,39909
100000,67,49828.0,32516,162.58,50172,49828
2,68,1.0,1,0.01,1,1
3,68,1.0,1,0.01,2,1
100,68,52.0,56,0.28,48,52
200,68,98.0,101,0.51,102,98
2000,68,1019.0,1490,7.45,981,1019
10000,68,4978.0,6887,34.43,5022,4978
20000,68,10005.0,10497,52.49,9995,10005
40000,68,20025.0,18672,93.36,19975,20025
60000,68,29968.0,22234,111.17,30032,29968
80000,68,39942.0,27130,135.65,40058,39942
100000,68,49871.0,36028,180.14,50129,49871
2,69,0.0,1,0.01,2,0
3,69,1.0,1,0.01,2,1
100,69,52.0,49,0.25,48,52
200,69,109.0,94,0.47,91,109
2000,69,1025.0,897,4.48,975,1025
10000,69,5024.0,4538,22.69,4976,5024
20000,69,9852.0,7369,36.85,10148,9852
40000,69,19788.0,11300,56.5,20212,19788
60000,69,29809.0,15068,75.34,30191,29809
80000,69,39763.0,15944,79.72,40237,39763
100000,69,49757.0,32751,163.75,50243,49757
2,70,1.0,1,0.01,1,1
3,70,1.0,1,0.01,2,1
100,70,49.0,52,0.26,51,49
200,70,95.0,122,0.61,105,95
2000,70,972.0,1116,5.58,1028,972
10000,70,4918.0,3743,18.72,5082,4918
20000,70,9887.0,4781,23.9,10113,9887
40000,70,19895.0,10946,54.73,20105,19895
60000,70,29855.0,23023,115.11,30145,29855
80000,70,39737.0,30096,150.48,40263,39737
100000,70,49667.0,35366,176.83,50333,49667
2,71,2.0,1,0.01,0,2
3,71,3.0,1,0.01,0,3
100,71,51.0,45,0.23,49,51
200,71,108.0,98,0.49,92,108
2000,71,979.0,1048,5.24,1021,979
10000,71,4971.0,4902,24.51,5029,4971
20000,71,9951.0,8561,42.81,10049,9951
40000,71,19836.0,19934,99.67,20164,19836
60000,71,29833.0,24675,123.37,30167,29833
80000,71,39832.0,27508,137.54,40168,39832
100000,71,49718.0,37158,185.79,50282,49718
2,72,1.0,1,0.01,1,1
3,72,2.0,2,0.01,1,2
100,72,50.0,52,0.26,50,50
200,72,105.0,98,0.49,95,105
2000,72,1023.0,639,3.19,977,1023
10000,72,4984.0,4420,22.1,5016,4984
20000,72,10041.0,6386,31.93,9959,10041
40000,72,19983.0,11776,58.88,20017,19983
60000,72,29941.0,15292,76.46,30059,29941
80000,72,39907.0,17770,88.85,40093,39907
100000,72,49869.0,19884,99.42,50131,49869
2,73,2.0,1,0.01,0,2
3,73,2.0,1,0.01,1,2
100,73,53.0,48,0.24,47,53
200,73,102.0,110,0.55,98,102
2000,73,1015.0,674,3.37,985,1015
10000,73,4984.0,4531,22.65,5016,4984
20000,73,9927.0,9587,47.94,10073,9927
40000,73,19950.0,13874,69.37,20050,19950
60000,73,30086.0,14346,71.73,29914,30086
80000,73,40006.0,15499,77.5,39994,40006
100000,73,49941.0,17430,87.15,50059,49941
2,74,2.0,1,0.01,0,2
3,74,3.0,1,0.01,0,3
100,74,43.0,52,0.26,57,43
200,74,90.0,107,0.54,110,90
2000,74,1003.0,1019,5.09,997,1003
10000,74,5019.0,4059,20.3,4981,5019
20000,74,9921.0,8421,42.11,10079,9921
40000,74,19845.0,17358,86.79,20155,19845
60000,74,29886.0,21119,105.59,30114,29886
80000,74,39871.0,27645,138.22,40129,39871
100000,74,49755.0,34984,174.92,50245,49755
2,75,1.0,1,0.01,1,1
3,75,1.0,1,0.01,2,1
100,75,48.0,47,0.24,52,48
200,75,92.0,97,0.49,108,92
2000,75,1006.0,908,4.54,994,1006
10000,75,4982.0,4416,22.08,5018,4982
20000,75,9994.0,8302,41.51,10006,9994
40000,75,19858.0,15615,78.08,20142,19858
60000,75,29888.0,20493,102.46,30112,29888
80000,75,39832.0,23571,117.85,40168,39832
100000,75,49774.0,31480,157.4,50226,49774
2,76,0.0,1,0.01,2,0
3,76,1.0,1,0.01,2,1
100,76,38.0,42,0.21,62,38
200,76,93.0,111,0.56,107,93
2000,76,1006.0,866,4.33,994,1006
10000,76,4959.0,2976,14.88,5041,4959
20000,76,9947.0,4527,22.63,10053,9947
40000,76,19853.0,15779,78.9,20147,19853
60000,76,29893.0,19122,95.61,30107,29893
80000,76,39891.0,20757,103.78,40109,39891
100000,76,49998.0,20780,103.9,50002,49998
2,77,1.0,1,0.01,1,1
3,77,2.0,1,0.01,1,2
100,77,49.0,56,0.28,51,49
200,77,95.0,120,0.6,105,95
2000,77,962.0,1275,6.37,1038,962
10000,77,4946.0,2504,12.52,5054,4946
20000,77,9824.0,7265,36.33,10176,9824
40000,77,19806.0,8630,43.15,20194,19806
60000,77,29933.0,8666,43.33,30067,29933
80000,77,39904.0,10135,50.68,40096,39904
100000,77,49929.0,11953,59.77,50071,49929
2,78,1.0,1,0.01,1,1
3,78,1.0,1,0.01,2,1
100,78,59.0,52,0.26,41,59
200,78,114.0,88,0.44,86,114
2000,78,1015.0,673,3.36,985,1015
10000,78,5021.0,4128,20.64,4979,5021
20000,78,9981.0,9247,46.24,10019,9981
40000,78,20027.0,19532,97.66,19973,20027
60000,78,29934.0,32992,164.96,30066,29934
80000,78,40015.0,39174,195.87,39985,40015
100000,78,49999.0,51737,258.68,50001,49999
2,79,0.0,1,0.01,2,0
3,79,1.0,1,0.01,2,1
100,79,48.0,37,0.19,52,48
200,79,91.0,77,0.39,109,91
2000,79,989.0,861,4.3,1011,989
10000,79,4959.0,2915,14.58,5041,4959
20000,79,9965.0,5897,29.48,10035,9965
40000,79,20025.0,17848,89.24,19975,20025
60000,79,29959.0,28079,140.39,30041,29959
80000,79,39956.0,32129,160.64,40044,39956
100000,79,49889.0,37686,188.43,50111,49889
2,80,1.0,1,0.01,1,1
3,80,2.0,1,0.01,1,2
100,80,45.0,41,0.21,55,45
200,80,100.0,76,0.38,100,100
2000,80,1017.0,598,2.99,983,1017
10000,80,4982.0,2031,10.16,5018,4982
20000,80,10022.0,8265,41.33,9978,10022
40000,80,20090.0,15833,79.17,19910,20090
60000,80,29795.0,23774,118.87,30205,29795
80000,80,39701.0,36814,184.07,40299,39701
100000,80,49765.0,37083,185.41,50235,49765
2,81,2.0,1,0.01,0,2
3,81,2.0,1,0.01,1,2
100,81,48.0,42,0.21,52,48
200,81,93.0,75,0.38,107,93
2000,81,991.0,1255,6.27,1009,991
10000,81,4928.0,6094,30.47,5072,4928
20000,81,9916.0,11580,57.9,10084,9916
40000,81,19812.0,19797,98.98,20188,19812
60000,81,29831.0,24939,124.69,30169,29831
80000,81,39560.0,33293,166.46,40440,39560
100000,81,49510.0,41794,208.97,50490,49510
2,82,2.0,1,0.01,0,2
3,82,2.0,1,0.01,1,2
100,82,54.0,49,0.25,46,54
200,82,96.0,87,0.44,104,96
2000,82,994.0,626,3.13,1006,994
10000,82,4978.0,4769,23.84,5022,4978
20000,82,9964.0,8739,43.7,10036,9964
40000,82,19987.0,19226,96.13,20013,19987
60000,82,30112.0,29534,147.67,29888,30112
80000,82,39976.0,39739,198.69,40024,39976
100000,82,49923.0,48967,244.83,50077,49923
2,83,1.0,1,0.01,1,1
3,83,2.0,1,0.01,1,2
100,83,47.0,41,0.21,53,47
200,83,95.0,68,0.34,105,95
2000,83,1013.0,519,2.59,987,1013
10000,83,5023.0,5444,27.22,4977,5023
20000,83,10000.0,10276,51.38,10000,10000
40000,83,19935.0,19593,97.96,20065,19935
60000,83,29850.0,31765,158.82,30150,29850
80000,83,39818.0,48732,243.66,40182,39818
100000,83,49735.0,54992,274.96,50265,49735
2,84,1.0,1,0.01,1,1
3,84,1.0,1,0.01,2,1
100,84,45.0,45,0.23,55,45
200,84,92.0,89,0.45,108,92
2000,84,1012.0,1062,5.31,988,1012
10000,84,4983.0,4705,23.52,5017,4983
20000,84,10035.0,5559,27.79,9965,10035
40000,84,20028.0,7771,38.86,19972,20028
60000,84,29907.0,13282,66.41,30093,29907
80000,84,39814.0,19123,95.61,40186,39814
100000,84,49793.0,21301,106.5,50207,49793
2,85,0.0,1,0.01,2,0
3,85,0.0,1,0.01,3,0
100,85,49.0,62,0.31,51,49
200,85,95.0,102,0.51,105,95
2000,85,977.0,1033,5.16,1023,977
10000,85,4941.0,3084,15.42,5059,4941
20000,85,9838.0,6877,34.38,10162,9838
40000,85,19855.0,9952,49.76,20145,19855
60000,85,29877.0,11443,57.22,30123,29877
80000,85,39875.0,19185,95.92,40125,39875
100000,85,49839.0,29362,146.81,50161,49839
2,86,1.0,1,0.01,1,1
3,86,1.0,1,0.01,2,1
100,86,50.0,43,0.22,50,50
200,86,99.0,100,0.5,101,99
2000,86,975.0,1035,5.17,1025,975
10000,86,4999.0,6097,30.48,5001,4999
20000,86,10067.0,11020,55.1,9933,10067
40000,86,20020.0,18061,90.3,19980,20020
60000,86,29983.0,22356,111.78,30017,29983
80000,86,39994.0,33392,166.96,40006,39994
100000,86,49965.0,40297,201.48,50035,49965
2,87,1.0,1,0.01,1,1
3,87,2.0,2,0.01,1,2
100,87,53.0,61,0.31,47,53
200,87,104.0,135,0.68,96,104
2000,87,986.0,1419,7.09,1014,986
10000,87,4931.0,5671,28.35,5069,4931
20000,87,9890.0,9573,47.87,10110,9890
40000,87,19789.0,16043,80.21,20211,19789
60000,87,29756.0,17838,89.19,30244,29756
80000,87,39744.0,21008,105.04,40256,39744
100000,87,49629.0,35079,175.39,50371,49629
2,88,1.0,1,0.01,1,1
3,88,2.0,1,0.01,1,2
100,88,45.0,46,0.23,55,45
200,88,98.0,88,0.44,102,98
2000,88,976.0,688,3.44,1024,976
10000,88,4973.0,3647,18.24,5027,4973
20000,88,10040.0,6124,30.62,9960,10040
40000,88,19970.0,14983,74.92,20030,19970
60000,88,29938.0,18177,90.88,30062,29938
80000,88,39884.0,24563,122.81,40116,39884
100000,88,49854.0,29134,145.67,50146,49854
2,89,0.0,1,0.01,2,0
3,89,0.0,1,0.01,3,0
100,89,48.0,52,0.26,52,48
200,89,101.0,97,0.49,99,101
2000,89,1004.0,1041,5.2,996,1004
10000,89,4983.0,4780,23.9,5017,4983
20000,89,9933.0,8277,41.39,10067,9933
40000,89,19863.0,18061,90.3,20137,19863
60000,89,29857.0,33167,165.83,30143,29857
80000,89,39893.0,37843,189.21,40107,39893
100000,89,49898.0,39623,198.11,50102,49898
2,90,1.0,1,0.01,1,1
3,90,1.0,1,0.01,2,1
100,90,55.0,53,0.27,45,55
200,90,111.0,108,0.54,89,111
2000,90,991.0,757,3.78,1009,991
10000,90,5025.0,3927,19.64,4975,5025
20000,90,10056.0,9587,47.94,9944,10056
40000,90,20004.0,13992,69.96,19996,20004
60000,90,29911.0,26610,133.05,30089,29911
80000,90,39834.0,31840,159.2,40166,39834
100000,90,49846.0,35192,175.96,50154,49846
2,91,1.0,1,0.01,1,1
3,91,2.0,2,0.01,1,2
100,91,43.0,49,0.25,57,43
200,91,91.0,107,0.54,109,91
2000,91,975.0,1437,7.18,1025,975
10000,91,5003.0,4305,21.52,4997,5003
20000,91,9977.0,6042,30.21,10023,9977
40000,91,20018.0,11452,57.26,19982,20018
60000,91,30103.0,12447,62.24,29897,30103
80000,91,40038.0,21621,108.1,39962,40038
100000,91,50097.0,27612,138.06,49903,50097
2,92,1.0,1,0.01,1,1
3,92,1.0,2,0.01,2,1
100,92,48.0,52,0.26,52,48
200,92,107.0,112,0.56,93,107
2000,92,986.0,1210,6.05,1014,986
10000,92,5000.0,3153,15.77,5000,5000
20000,92,9975.0,5389,26.94,10025,9975
40000,92,19887.0,8799,44.0,20113,19887
60000,92,29868.0,14948,74.74,30132,29868
80000,92,39871.0,15792,78.96,40129,39871
100000,92,49668.0,19188,95.94,50332,49668
2,93,1.0,1,0.01,1,1
3,93,2.0,2,0.01,1,2
100,93,61.0,41,0.21,39,61
200,93,101.0,92,0.46,99,101
2000,93,975.0,929,4.64,1025,975
10000,93,5036.0,6330,31.65,4964,5036
20000,93,10040.0,11532,57.66,9960,10040
40000,93,19977.0,25195,125.97,20023,19977
60000,93,29942.0,37580,187.9,30058,29942
80000,93,39917.0,40860,204.3,40083,39917
100000,93,49922.0,48728,243.64,50078,49922
2,94,1.0,1,0.01,1,1
3,94,2.0,2,0.01,1,2
100,94,49.0,53,0.27,51,49
200,94,103.0,107,0.54,97,103
2000,94,997.0,1186,5.93,1003,997
10000,94,5004.0,4498,22.49,4996,5004
20000,94,10034.0,5977,29.88,9966,10034
40000,94,20047.0,16078,80.39,19953,20047
60000,94,30005.0,24186,120.93,29995,30005
80000,94,40057.0,26079,130.39,39943,40057
100000,94,49985.0,31720,158.6,50015,49985
2,95,1.0,1,0.01,1,1
3,95,1.0,1,0.01,2,1
100,95,47.0,51,0.26,53,47
200,95,86.0,85,0.43,114,86
2000,95,996.0,888,4.44,1004,996
10000,95,4955.0,3206,16.03,5045,4955
20000,95,10007.0,4600,23.0,9993,10007
40000,95,19907.0,9756,48.78,20093,19907
60000,95,29866.0,12207,61.04,30134,29866
80000,95,39761.0,15596,77.98,40239,39761
100000,95,49776.0,17622,88.11,50224,49776
2,96,1.0,1,0.01,1,1
3,96,1.0,1,0.01,2,1
100,96,47.0,34,0.17,53,47
200,96,104.0,79,0.4,96,104
2000,96,1034.0,734,3.67,966,1034
10000,96,4971.0,4891,24.45,5029,4971
20000,96,9932.0,10194,50.97,10068,9932
40000,96,19964.0,15832,79.16,20036,19964
60000,96,29929.0,20029,100.14,30071,29929
80000,96,39964.0,21455,107.27,40036,39964
100000,96,49888.0,23447,117.23,50112,49888
2,97,2.0,1,0.01,0,2
3,97,2.0,1,0.01,1,2
100,97,43.0,48,0.24,57,43
200,97,88.0,96,0.48,112,88
2000,97,966.0,1042,5.21,1034,966
10000,97,4981.0,4981,24.9,5019,4981
20000,97,9978.0,6335,31.67,10022,9978
40000,97,19909.0,20889,104.44,20091,19909
60000,97,29804.0,23951,119.75,30196,29804
80000,97,39735.0,28229,141.14,40265,39735
100000,97,49648.0,31471,157.35,50352,49648
2,98,0.0,1,0.01,2,0
3,98,1.0,1,0.01,2,1
100,98,49.0,48,0.24,51,49
200,98,100.0,108,0.54,100,100
2000,98,978.0,1111,5.55,1022,978
10000,98,4865.0,5383,26.91,5135,4865
20000,98,9831.0,10872,54.36,10169,9831
40000,98,19775.0,15859,79.3,20225,19775
60000,98,29695.0,24814,124.07,30305,29695
80000,98,39731.0,28347,141.73,40269,39731
100000,98,49739.0,28558,142.79,50261,49739
2,99,1.0,1,0.01,1,1
3,99,2.0,2,0.01,1,2
100,99,47.0,45,0.23,53,47
200,99,83.0,91,0.46,117,83
2000,99,957.0,999,4.99,1043,957
10000,99,4932.0,3840,19.2,5068,4932
20000,99,9916.0,8252,41.26,10084,9916
40000,99,20010.0,15915,79.58,19990,20010
60000,99,30031.0,24294,121.47,29969,30031
80000,99,40036.0,32620,163.1,39964,40036
100000,99,50052.0,36834,184.17,49948,50052
2,100,1.0,1,0.01,1,1
3,100,1.0,2,0.01,2,1
100,100,52.0,52,0.26,48,52
200,100,98.0,110,0.55,102,98
2000,100,988.0,845,4.22,1012,988
10000,100,4985.0,5459,27.29,5015,4985
20000,100,10052.0,9279,46.4,9948,10052
40000,100,20108.0,14225,71.13,19892,20108
60000,100,30076.0,20485,102.42,29924,30076
80000,100,40016.0,31593,157.96,39984,40016
100000,100,50009.0,35890,179.45,49991,50009
