Timestep,Iteration,Total Reward,Suboptimal Arms,Total Regret,Zeros Count,Ones Count
2,1,1.0,1,0.01,1,1
3,1,2.0,1,0.01,1,2
100,1,60.0,46,0.23,40,60
200,1,104.0,98,0.49,96,104
2000,1,985.0,739,3.69,1015,985
10000,1,4911.0,2917,14.59,5089,4911
20000,1,9933.0,11843,59.22,10067,9933
40000,1,19963.0,19097,95.48,20037,19963
60000,1,29987.0,34014,170.07,30013,29987
80000,1,39869.0,47732,238.66,40131,39869
100000,1,49850.0,58643,293.21,50150,49850
2,2,1.0,1,0.01,1,1
3,2,1.0,2,0.01,2,1
100,2,42.0,58,0.29,58,42
200,2,99.0,130,0.65,101,99
2000,2,1012.0,841,4.2,988,1012
10000,2,5047.0,2232,11.16,4953,5047
20000,2,9973.0,5332,26.66,10027,9973
40000,2,19999.0,12121,60.61,20001,19999
60000,2,29991.0,13810,69.05,30009,29991
80000,2,40036.0,20907,104.53,39964,40036
100000,2,50021.0,22867,114.33,49979,50021
2,3,1.0,1,0.01,1,1
3,3,2.0,2,0.01,1,2
100,3,54.0,54,0.27,46,54
200,3,102.0,101,0.51,98,102
2000,3,1004.0,905,4.52,996,1004
10000,3,5045.0,3687,18.44,4955,5045
20000,3,10138.0,6881,34.4,9862,10138
40000,3,20049.0,12335,61.68,19951,20049
60000,3,30077.0,15615,78.08,29923,30077
80000,3,40004.0,20112,100.56,39996,40004
100000,3,49916.0,27171,135.85,50084,49916
2,4,1.0,1,0.01,1,1
3,4,1.0,1,0.01,2,1
100,4,50.0,51,0.26,50,50
200,4,100.0,98,0.49,100,100
2000,4,1039.0,809,4.04,961,1039
10000,4,4956.0,4297,21.49,5044,4956
20000,4,9927.0,7722,38.61,10073,9927
40000,4,19970.0,11911,59.56,20030,19970
60000,4,29931.0,16913,84.56,30069,29931
80000,4,39988.0,17662,88.31,40012,39988
100000,4,49940.0,19093,95.46,50060,49940
2,5,1.0,1,0.01,1,1
3,5,2.0,2,0.01,1,2
100,5,50.0,49,0.25,50,50
200,5,105.0,104,0.52,95,105
2000,5,1039.0,612,3.06,961,1039
10000,5,5007.0,3635,18.18,4993,5007
20000,5,9970.0,6290,31.45,10030,9970
40000,5,19961.0,15378,76.89,20039,19961
60000,5,29915.0,25025,125.12,30085,29915
80000,5,39958.0,34346,171.73,40042,39958
100000,5,50001.0,41691,208.45,49999,50001
2,6,0.0,1,0.01,2,0
3,6,1.0,2,0.01,2,1
100,6,48.0,47,0.24,52,48
200,6,98.0,112,0.56,102,98
2000,6,972.0,904,4.52,1028,972
10000,6,4932.0,3017,15.09,5068,4932
20000,6,9886.0,4840,24.2,10114,9886
40000,6,19781.0,14733,73.67,20219,19781
60000,6,29681.0,27593,137.96,30319,29681
80000,6,39738.0,28678,143.39,40262,39738
100000,6,49551.0,34349,171.74,50449,49551
2,7,1.0,1,0.01,1,1
3,7,1.0,2,0.01,2,1
100,7,52.0,53,0.27,48,52
200,7,103.0,113,0.57,97,103
2000,7,998.0,980,4.9,1002,998
10000,7,4999.0,4635,23.17,5001,4999
20000,7,9969.0,7676,38.38,10031,9969
40000,7,19859.0,14202,71.01,20141,19859
60000,7,29752.0,16871,84.35,30248,29752
80000,7,39707.0,19156,95.78,40293,39707
100000,7,49857.0,19156,95.78,50143,49857
2,8,0.0,1,0.01,2,0
3,8,1.0,2,0.01,2,1
100,8,50.0,54,0.27,50,50
200,8,97.0,111,0.56,103,97
2000,8,1008.0,1092,5.46,992,1008
10000,8,5018.0,5848,29.24,4982,5018
20000,8,9999.0,13387,66.94,10001,9999
40000,8,19991.0,24176,120.88,20009,19991
60000,8,29929.0,29179,145.89,30071,29929
80000,8,39789.0,42995,214.97,40211,39789
100000,8,49704.0,50028,250.14,50296,49704
2,9,1.0,1,0.01,1,1
3,9,1.0,1,0.01,2,1
100,9,47.0,51,0.26,53,47
200,9,96.0,108,0.54,104,96
2000,9,979.0,1255,6.27,1021,979
10000,9,4996.0,5411,27.05,5004,4996
20000,9,10037.0,11039,55.2,9963,10037
40000,9,19950.0,18060,90.3,20050,19950
60000,9,29963.0,20758,103.79,30037,29963
80000,9,39945.0,29281,146.4,40055,39945
100000,9,49893.0,35790,178.95,50107,49893
2,10,1.0,1,0.01,1,1
3,10,1.0,2,0.01,2,1
100,10,58.0,46,0.23,42,58
200,10,111.0,101,0.51,89,111
2000,10,1026.0,770,3.85,974,1026
10000,10,4991.0,3685,18.43,5009,4991
20000,10,9984.0,9187,45.94,10016,9984
40000,10,19703.0,15046,75.23,20297,19703
60000,10,29623.0,21122,105.61,30377,29623
80000,10,39648.0,26408,132.04,40352,39648
100000,10,49757.0,26408,132.04,50243,49757
2,11,1.0,1,0.01,1,1
3,11,1.0,2,0.01,2,1
100,11,51.0,55,0.28,49,51
200,11,99.0,117,0.59,101,99
2000,11,978.0,1145,5.72,1022,978
10000,11,4980.0,5870,29.35,5020,4980
20000,11,9924.0,10046,50.23,10076,9924
40000,11,19798.0,15701,78.51,20202,19798
60000,11,29782.0,29244,146.22,30218,29782
80000,11,39713.0,46906,234.53,40287,39713
100000,11,49689.0,51428,257.14,50311,49689
2,12,2.0,1,0.01,0,2
3,12,3.0,2,0.01,0,3
100,12,59.0,57,0.29,41,59
200,12,102.0,131,0.66,98,102
2000,12,1007.0,788,3.94,993,1007
10000,12,4948.0,5553,27.76,5052,4948
20000,12,9898.0,11456,57.28,10102,9898
40000,12,19893.0,16738,83.69,20107,19893
60000,12,29910.0,20526,102.63,30090,29910
80000,12,39909.0,23703,118.51,40091,39909
100000,12,49901.0,29482,147.41,50099,49901
2,13,2.0,1,0.01,0,2
3,13,3.0,2,0.01,0,3
100,13,51.0,53,0.27,49,51
200,13,102.0,105,0.53,98,102
2000,13,992.0,862,4.31,1008,992
10000,13,4967.0,3370,16.85,5033,4967
20000,13,9966.0,6172,30.86,10034,9966
40000,13,19988.0,10327,51.64,20012,19988
60000,13,30001.0,15483,77.42,29999,30001
80000,13,39884.0,25130,125.65,40116,39884
100000,13,50003.0,25335,126.67,49997,50003
2,14,0.0,1,0.01,2,0
3,14,0.0,2,0.01,3,0
100,14,57.0,42,0.21,43,57
200,14,107.0,87,0.44,93,107
2000,14,988.0,665,3.32,1012,988
10000,14,5066.0,2486,12.43,4934,5066
20000,14,10038.0,4141,20.71,9962,10038
40000,14,19988.0,11727,58.64,20012,19988
60000,14,29886.0,17042,85.21,30114,29886
80000,14,39903.0,19383,96.91,40097,39903
100000,14,49868.0,25887,129.43,50132,49868
2,15,0.0,1,0.01,2,0
3,15,1.0,2,0.01,2,1
100,15,58.0,47,0.24,42,58
200,15,111.0,101,0.51,89,111
2000,15,1046.0,870,4.35,954,1046
10000,15,5049.0,3441,17.21,4951,5049
20000,15,10079.0,6310,31.55,9921,10079
40000,15,19957.0,10086,50.43,20043,19957
60000,15,29821.0,14172,70.86,30179,29821
80000,15,39775.0,20576,102.88,40225,39775
100000,15,49713.0,30970,154.85,50287,49713
2,16,0.0,1,0.01,2,0
3,16,0.0,2,0.01,3,0
100,16,49.0,45,0.23,51,49
200,16,100.0,107,0.54,100,100
2000,16,1007.0,688,3.44,993,1007
10000,16,4966.0,3978,19.89,5034,4966
20000,16,9993.0,5950,29.75,10007,9993
40000,16,20099.0,14053,70.27,19901,20099
60000,16,30027.0,21585,107.92,29973,30027
80000,16,39949.0,30194,150.97,40051,39949
100000,16,49839.0,35862,179.31,50161,49839
2,17,1.0,1,0.01,1,1
3,17,1.0,1,0.01,2,1
100,17,44.0,46,0.23,56,44
200,17,87.0,75,0.38,113,87
2000,17,988.0,959,4.79,1012,988
10000,17,4934.0,5677,28.38,5066,4934
20000,17,9840.0,11531,57.66,10160,9840
40000,17,19818.0,17081,85.4,20182,19818
60000,17,29812.0,21526,107.63,30188,29812
80000,17,39687.0,28652,143.26,40313,39687
100000,17,49543.0,30024,150.12,50457,49543
2,18,1.0,1,0.01,1,1
3,18,2.0,1,0.01,1,2
100,18,52.0,57,0.29,48,52
200,18,103.0,100,0.5,97,103
2000,18,998.0,1016,5.08,1002,998
10000,18,4975.0,7061,35.3,5025,4975
20000,18,9969.0,15416,77.08,10031,9969
40000,18,19978.0,30643,153.21,20022,19978
60000,18,29941.0,47638,238.19,30059,29941
80000,18,39928.0,57044,285.22,40072,39928
100000,18,50045.0,63175,315.87,49955,50045
2,19,0.0,1,0.01,2,0
3,19,1.0,2,0.01,2,1
100,19,54.0,47,0.24,46,54
200,19,101.0,91,0.46,99,101
2000,19,994.0,1079,5.39,1006,994
10000,19,4954.0,4663,23.31,5046,4954
20000,19,9939.0,7084,35.42,10061,9939
40000,19,20024.0,12610,63.05,19976,20024
60000,19,30062.0,15663,78.32,29938,30062
80000,19,39975.0,19945,99.72,40025,39975
100000,19,49988.0,22363,111.81,50012,49988
2,20,1.0,1,0.01,1,1
3,20,2.0,2,0.01,1,2
100,20,49.0,54,0.27,51,49
200,20,96.0,84,0.42,104,96
2000,20,1023.0,972,4.86,977,1023
10000,20,4995.0,4442,22.21,5005,4995
20000,20,9965.0,9527,47.64,10035,9965
40000,20,19776.0,19501,97.5,20224,19776
60000,20,29611.0,24692,123.46,30389,29611
80000,20,39500.0,40066,200.33,40500,39500
100000,20,49556.0,42233,211.16,50444,49556
2,21,1.0,1,0.01,1,1
3,21,1.0,2,0.01,2,1
100,21,60.0,49,0.25,40,60
200,21,115.0,117,0.59,85,115
2000,21,1011.0,976,4.88,989,1011
10000,21,4979.0,4426,22.13,5021,4979
20000,21,9999.0,10585,52.93,10001,9999
40000,21,19809.0,21353,106.76,20191,19809
60000,21,29690.0,27453,137.26,30310,29690
80000,21,39716.0,28334,141.67,40284,39716
100000,21,49683.0,30665,153.32,50317,49683
2,22,2.0,1,0.01,0,2
3,22,3.0,2,0.01,0,3
100,22,54.0,53,0.27,46,54
200,22,110.0,107,0.54,90,110
2000,22,995.0,988,4.94,1005,995
10000,22,4960.0,5047,25.23,5040,4960
20000,22,9961.0,10618,53.09,10039,9961
40000,22,20043.0,20260,101.3,19957,20043
60000,22,30128.0,29182,145.91,29872,30128
80000,22,40137.0,37340,186.7,39863,40137
100000,22,49922.0,47627,238.13,50078,49922
2,23,2.0,1,0.01,0,2
3,23,2.0,2,0.01,1,2
100,23,56.0,42,0.21,44,56
200,23,99.0,78,0.39,101,99
2000,23,990.0,661,3.3,1010,990
10000,23,4961.0,3475,17.38,5039,4961
20000,23,9954.0,6803,34.01,10046,9954
40000,23,19786.0,10491,52.46,20214,19786
60000,23,29854.0,10637,53.19,30146,29854
80000,23,39802.0,17498,87.49,40198,39802
100000,23,49663.0,26748,133.74,50337,49663
2,24,2.0,1,0.01,0,2
3,24,2.0,2,0.01,1,2
100,24,49.0,47,0.24,51,49
200,24,107.0,94,0.47,93,107
2000,24,1007.0,1037,5.18,993,1007
10000,24,5016.0,6061,30.3,4984,5016
20000,24,10024.0,11982,59.91,9976,10024
40000,24,19936.0,24428,122.14,20064,19936
60000,24,29829.0,31623,158.11,30171,29829
80000,24,39723.0,46003,230.01,40277,39723
100000,24,49665.0,51007,255.03,50335,49665
2,25,1.0,1,0.01,1,1
3,25,1.0,2,0.01,2,1
100,25,47.0,46,0.23,53,47
200,25,106.0,89,0.45,94,106
2000,25,990.0,1006,5.03,1010,990
10000,25,4981.0,2982,14.91,5019,4981
20000,25,10008.0,4532,22.66,9992,10008
40000,25,19984.0,8523,42.62,20016,19984
60000,25,29900.0,16355,81.77,30100,29900
80000,25,39808.0,22259,111.29,40192,39808
100000,25,49804.0,25180,125.9,50196,49804
2,26,1.0,1,0.01,1,1
3,26,1.0,1,0.01,2,1
100,26,45.0,42,0.21,55,45
200,26,95.0,73,0.37,105,95
2000,26,992.0,964,4.82,1008,992
10000,26,4868.0,5760,28.8,5132,4868
20000,26,9760.0,11234,56.17,10240,9760
40000,26,19884.0,12564,62.82,20116,19884
60000,26,29892.0,13988,69.94,30108,29892
80000,26,39708.0,25026,125.13,40292,39708
100000,26,49680.0,33485,167.42,50320,49680
2,27,1.0,1,0.01,1,1
3,27,1.0,1,0.01,2,1
100,27,52.0,58,0.29,48,52
200,27,99.0,109,0.55,101,99
2000,27,984.0,831,4.15,1016,984
10000,27,4998.0,3498,17.49,5002,4998
20000,27,9970.0,6542,32.71,10030,9970
40000,27,19839.0,13304,66.52,20161,19839
60000,27,29738.0,22317,111.58,30262,29738
80000,27,39704.0,36996,184.98,40296,39704
100000,27,49590.0,43047,215.23,50410,49590
2,28,0.0,1,0.01,2,0
3,28,1.0,2,0.01,2,1
100,28,55.0,55,0.28,45,55
200,28,99.0,104,0.52,101,99
2000,28,1000.0,802,4.01,1000,1000
10000,28,4960.0,3792,18.96,5040,4960
20000,28,9984.0,4851,24.25,10016,9984
40000,28,19808.0,13436,67.18,20192,19808
60000,28,29955.0,13524,67.62,30045,29955
80000,28,40039.0,13568,67.84,39961,40039
100000,28,49982.0,14793,73.97,50018,49982
2,29,2.0,1,0.01,0,2
3,29,3.0,2,0.01,0,3
100,29,58.0,43,0.22,42,58
200,29,109.0,89,0.45,91,109
2000,29,976.0,1019,5.09,1024,976
10000,29,4875.0,3873,19.37,5125,4875
20000,29,9952.0,4400,22.0,10048,9952
40000,29,19880.0,8518,42.59,20120,19880
60000,29,29912.0,9070,45.35,30088,29912
80000,29,39803.0,20695,103.47,40197,39803
100000,29,49775.0,27156,135.78,50225,49775
2,30,1.0,1,0.01,1,1
3,30,2.0,2,0.01,1,2
100,30,45.0,43,0.22,55,45
200,30,96.0,94,0.47,104,96
2000,30,967.0,1112,5.56,1033,967
10000,30,4964.0,4440,22.2,5036,4964
20000,30,9948.0,8357,41.79,10052,9948
40000,30,19783.0,13575,67.88,20217,19783
60000,30,29732.0,17284,86.42,30268,29732
80000,30,39797.0,17487,87.43,40203,39797
100000,30,49839.0,19102,95.51,50161,49839
2,31,2.0,1,0.01,0,2
3,31,2.0,2,0.01,1,2
100,31,49.0,36,0.18,51,49
200,31,102.0,80,0.4,98,102
2000,31,972.0,774,3.87,1028,972
10000,31,5041.0,3211,16.06,4959,5041
20000,31,10056.0,4873,24.36,9944,10056
40000,31,19991.0,9669,48.35,20009,19991
60000,31,29839.0,16259,81.29,30161,29839
80000,31,39758.0,21113,105.56,40242,39758
100000,31,49634.0,34771,173.85,50366,49634
2,32,0.0,1,0.01,2,0
3,32,1.0,2,0.01,2,1
100,32,58.0,61,0.31,42,58
200,32,107.0,122,0.61,93,107
2000,32,1037.0,823,4.11,963,1037
10000,32,5067.0,3917,19.59,4933,5067
20000,32,9914.0,8393,41.97,10086,9914
40000,32,19851.0,13739,68.7,20149,19851
60000,32,29771.0,17598,87.99,30229,29771
80000,32,39788.0,18286,91.43,40212,39788
100000,32,49647.0,26463,132.31,50353,49647
2,33,2.0,1,0.01,0,2
3,33,2.0,2,0.01,1,2
100,33,55.0,50,0.25,45,55
200,33,107.0,73,0.37,93,107
2000,33,997.0,517,2.58,1003,997
10000,33,4962.0,3202,16.01,5038,4962
20000,33,9990.0,4249,21.25,10010,9990
40000,33,19743.0,11262,56.31,20257,19743
60000,33,29715.0,18358,91.79,30285,29715
80000,33,39741.0,22625,113.12,40259,39741
100000,33,49657.0,30330,151.65,50343,49657
2,34,1.0,1,0.01,1,1
3,34,2.0,1,0.01,1,2
100,34,45.0,35,0.18,55,45
200,34,96.0,72,0.36,104,96
2000,34,965.0,736,3.68,1035,965
10000,34,4926.0,4818,24.09,5074,4926
20000,34,9895.0,12913,64.57,10105,9895
40000,34,19918.0,17927,89.63,20082,19918
60000,34,30110.0,18020,90.1,29890,30110
80000,34,40238.0,21804,109.02,39762,40238
100000,34,50181.0,26420,132.1,49819,50181
2,35,0.0,1,0.01,2,0
3,35,0.0,2,0.01,3,0
100,35,51.0,46,0.23,49,51
200,35,96.0,88,0.44,104,96
2000,35,1007.0,1127,5.63,993,1007
10000,35,5041.0,5410,27.05,4959,5041
20000,35,10056.0,8419,42.1,9944,10056
40000,35,20162.0,19810,99.05,19838,20162
60000,35,30166.0,27079,135.39,29834,30166
80000,35,40106.0,33684,168.42,39894,40106
100000,35,50005.0,38309,191.54,49995,50005
2,36,0.0,1,0.01,2,0
3,36,1.0,2,0.01,2,1
100,36,50.0,46,0.23,50,50
200,36,101.0,98,0.49,99,101
2000,36,969.0,850,4.25,1031,969
10000,36,4954.0,4703,23.51,5046,4954
20000,36,9796.0,8095,40.48,10204,9796
40000,36,19810.0,13913,69.57,20190,19810
60000,36,29811.0,14739,73.7,30189,29811
80000,36,39714.0,24768,123.84,40286,39714
100000,36,49659.0,27155,135.77,50341,49659
2,37,1.0,1,0.01,1,1
3,37,2.0,2,0.01,1,2
100,37,60.0,43,0.22,40,60
200,37,115.0,81,0.41,85,115
2000,37,1031.0,778,3.89,969,1031
10000,37,5036.0,3846,19.23,4964,5036
20000,37,9968.0,7638,38.19,10032,9968
40000,37,20015.0,12423,62.12,19985,20015
60000,37,30075.0,28949,144.74,29925,30075
80000,37,39997.0,37878,189.39,40003,39997
100000,37,50148.0,37878,189.39,49852,50148
2,38,2.0,1,0.01,0,2
3,38,2.0,2,0.01,1,2
100,38,46.0,57,0.29,54,46
200,38,95.0,116,0.58,105,95
2000,38,1010.0,1190,5.95,990,1010
10000,38,4982.0,7038,35.19,5018,4982
20000,38,9840.0,13150,65.75,10160,9840
40000,38,19775.0,18769,93.84,20225,19775
60000,38,29640.0,23461,117.3,30360,29640
80000,38,39602.0,33617,168.08,40398,39602
100000,38,49582.0,45551,227.75,50418,49582
2,39,1.0,1,0.01,1,1
3,39,2.0,1,0.01,1,2
100,39,48.0,53,0.27,52,48
200,39,93.0,116,0.58,107,93
2000,39,991.0,1213,6.06,1009,991
10000,39,4946.0,4411,22.05,5054,4946
20000,39,9930.0,10964,54.82,10070,9930
40000,39,19867.0,16846,84.23,20133,19867
60000,39,29756.0,22418,112.09,30244,29756
80000,39,39650.0,26691,133.45,40350,39650
100000,39,49743.0,35340,176.7,50257,49743
2,40,1.0,1,0.01,1,1
3,40,2.0,1,0.01,1,2
100,40,47.0,44,0.22,53,47
200,40,97.0,77,0.39,103,97
2000,40,991.0,1070,5.35,1009,991
10000,40,4974.0,5347,26.73,5026,4974
20000,40,9984.0,10024,50.12,10016,9984
40000,40,19819.0,19521,97.6,20181,19819
60000,40,29713.0,26394,131.97,30287,29713
80000,40,39597.0,40497,202.48,40403,39597
100000,40,49502.0,50554,252.77,50498,49502
2,41,1.0,1,0.01,1,1
3,41,2.0,2,0.01,1,2
100,41,50.0,53,0.27,50,50
200,41,100.0,121,0.61,100,100
2000,41,984.0,833,4.16,1016,984
10000,41,5026.0,2708,13.54,4974,5026
20000,41,10029.0,4855,24.27,9971,10029
40000,41,19935.0,16521,82.6,20065,19935
60000,41,29969.0,26267,131.33,30031,29969
80000,41,39876.0,35307,176.53,40124,39876
100000,41,49778.0,39118,195.59,50222,49778
2,42,1.0,1,0.01,1,1
3,42,1.0,2,0.01,2,1
100,42,53.0,57,0.29,47,53
200,42,98.0,121,0.61,102,98
2000,42,983.0,1029,5.14,1017,983
10000,42,4990.0,4960,24.8,5010,4990
20000,42,9897.0,8401,42.01,10103,9897
40000,42,19801.0,13611,68.06,20199,19801
60000,42,29725.0,22597,112.98,30275,29725
80000,42,39705.0,35358,176.79,40295,39705
100000,42,49694.0,42277,211.38,50306,49694
2,43,1.0,1,0.01,1,1
3,43,2.0,2,0.01,1,2
100,43,53.0,43,0.22,47,53
200,43,99.0,76,0.38,101,99
2000,43,1029.0,1238,6.19,971,1029
10000,43,4955.0,5767,28.83,5045,4955
20000,43,9984.0,10694,53.47,10016,9984
40000,43,19942.0,20495,102.47,20058,19942
60000,43,30017.0,21684,108.42,29983,30017
80000,43,39998.0,25681,128.4,40002,39998
100000,43,49938.0,35741,178.7,50062,49938
2,44,1.0,1,0.01,1,1
3,44,1.0,1,0.01,2,1
100,44,53.0,38,0.19,47,53
200,44,100.0,81,0.41,100,100
2000,44,973.0,853,4.26,1027,973
10000,44,5014.0,3078,15.39,4986,5014
20000,44,9909.0,6221,31.1,10091,9909
40000,44,19821.0,14380,71.9,20179,19821
60000,44,29752.0,21118,105.59,30248,29752
80000,44,39731.0,27250,136.25,40269,39731
100000,44,49794.0,27545,137.72,50206,49794
2,45,1.0,1,0.01,1,1
3,45,2.0,1,0.01,1,2
100,45,49.0,44,0.22,51,49
200,45,103.0,104,0.52,97,103
2000,45,994.0,905,4.52,1006,994
10000,45,5010.0,4686,23.43,4990,5010
20000,45,9930.0,10232,51.16,10070,9930
40000,45,19968.0,17936,89.68,20032,19968
60000,45,29829.0,27358,136.79,30171,29829
80000,45,39852.0,33813,169.06,40148,39852
100000,45,49830.0,39137,195.68,50170,49830
2,46,2.0,1,0.01,0,2
3,46,2.0,2,0.01,1,2
100,46,54.0,58,0.29,46,54
200,46,103.0,119,0.6,97,103
2000,46,1012.0,684,3.42,988,1012
10000,46,5058.0,3677,18.39,4942,5058
20000,46,9951.0,8602,43.01,10049,9951
40000,46,19916.0,16377,81.88,20084,19916
60000,46,29887.0,28490,142.45,30113,29887
80000,46,39896.0,34859,174.29,40104,39896
100000,46,49970.0,35121,175.6,50030,49970
2,47,2.0,1,0.01,0,2
3,47,2.0,2,0.01,1,2
100,47,61.0,49,0.25,39,61
200,47,113.0,104,0.52,87,113
2000,47,1032.0,1201,6.0,968,1032
10000,47,5087.0,5189,25.94,4913,5087
20000,47,10149.0,9231,46.16,9851,10149
40000,47,19928.0,19294,96.47,20072,19928
60000,47,29945.0,22922,114.61,30055,29945
80000,47,39845.0,29128,145.64,40155,39845
100000,47,49832.0,31861,159.3,50168,49832
2,48,0.0,1,0.01,2,0
3,48,1.0,2,0.01,2,1
100,48,46.0,55,0.28,54,46
200,48,97.0,91,0.46,103,97
2000,48,986.0,1222,6.11,1014,986
10000,48,5004.0,3572,17.86,4996,5004
20000,48,9984.0,5535,27.67,10016,9984
40000,48,20010.0,12336,61.68,19990,20010
60000,48,29885.0,20211,101.05,30115,29885
80000,48,39859.0,29744,148.72,40141,39859
100000,48,50000.0,32535,162.67,50000,50000
2,49,1.0,1,0.01,1,1
3,49,2.0,2,0.01,1,2
100,49,50.0,53,0.27,50,50
200,49,102.0,97,0.49,98,102
2000,49,1041.0,745,3.72,959,1041
10000,49,5145.0,3017,15.09,4855,5145
20000,49,10182.0,7054,35.27,9818,10182
40000,49,20159.0,13276,66.38,19841,20159
60000,49,30141.0,17171,85.85,29859,30141
80000,49,40178.0,24520,122.6,39822,40178
100000,49,50078.0,30548,152.74,49922,50078
2,50,1.0,1,0.01,1,1
3,50,2.0,2,0.01,1,2
100,50,49.0,57,0.29,51,49
200,50,100.0,97,0.49,100,100
2000,50,1046.0,857,4.28,954,1046
10000,50,5070.0,3825,19.13,4930,5070
20000,50,10030.0,8899,44.5,9970,10030
40000,50,20038.0,13740,68.7,19962,20038
60000,50,29956.0,17572,87.86,30044,29956
80000,50,39888.0,22521,112.6,40112,39888
100000,50,49950.0,25809,129.04,50050,49950
2,51,0.0,1,0.01,2,0
3,51,1.0,2,0.01,2,1
100,51,48.0,42,0.21,52,48
200,51,102.0,89,0.45,98,102
2000,51,1021.0,1037,5.18,979,1021
10000,51,4923.0,5004,25.02,5077,4923
20000,51,9958.0,11020,55.1,10042,9958
40000,51,19999.0,22764,113.82,20001,19999
60000,51,29862.0,34744,173.72,30138,29862
80000,51,39685.0,45581,227.9,40315,39685
100000,51,49629.0,55001,275.0,50371,49629
2,52,1.0,1,0.01,1,1
3,52,1.0,2,0.01,2,1
100,52,55.0,54,0.27,45,55
200,52,98.0,116,0.58,102,98
2000,52,978.0,1090,5.45,1022,978
10000,52,4922.0,4685,23.42,5078,4922
20000,52,9835.0,10052,50.26,10165,9835
40000,52,19834.0,14036,70.18,20166,19834
60000,52,29758.0,23768,118.84,30242,29758
80000,52,39768.0,28085,140.42,40232,39768
100000,52,49739.0,32567,162.83,50261,49739
2,53,1.0,1,0.01,1,1
3,53,1.0,2,0.01,2,1
100,53,50.0,50,0.25,50,50
200,53,101.0,107,0.54,99,101
2000,53,1027.0,935,4.67,973,1027
10000,53,4972.0,5600,28.0,5028,4972
20000,53,9989.0,11161,55.81,10011,9989
40000,53,19995.0,15779,78.9,20005,19995
60000,53,29980.0,21092,105.46,30020,29980
80000,53,39912.0,27682,138.41,40088,39912
100000,53,50032.0,29350,146.75,49968,50032
2,54,1.0,1,0.01,1,1
3,54,1.0,2,0.01,2,1
100,54,44.0,51,0.26,56,44
200,54,91.0,102,0.51,109,91
2000,54,966.0,986,4.93,1034,966
10000,54,4929.0,2484,12.42,5071,4929
20000,54,9875.0,3894,19.47,10125,9875
40000,54,19888.0,7851,39.26,20112,19888
60000,54,29731.0,10268,51.34,30269,29731
80000,54,39772.0,12088,60.44,40228,39772
100000,54,49874.0,12088,60.44,50126,49874
2,55,1.0,1,0.01,1,1
3,55,2.0,2,0.01,1,2
100,55,42.0,60,0.3,58,42
200,55,91.0,120,0.6,109,91
2000,55,999.0,1200,6.0,1001,999
10000,55,4972.0,6407,32.03,5028,4972
20000,55,9948.0,10070,50.35,10052,9948
40000,55,19902.0,19206,96.03,20098,19902
60000,55,29853.0,27347,136.73,30147,29853
80000,55,39719.0,38917,194.58,40281,39719
100000,55,49577.0,44850,224.25,50423,49577
2,56,2.0,1,0.01,0,2
3,56,3.0,2,0.01,0,3
100,56,48.0,50,0.25,52,48
200,56,100.0,101,0.51,100,100
2000,56,976.0,869,4.34,1024,976
10000,56,4907.0,2945,14.73,5093,4907
20000,56,9845.0,7400,37.0,10155,9845
40000,56,19820.0,11339,56.7,20180,19820
60000,56,29783.0,12969,64.85,30217,29783
80000,56,39726.0,15091,75.46,40274,39726
100000,56,49652.0,18873,94.36,50348,49652
2,57,1.0,1,0.01,1,1
3,57,1.0,1,0.01,2,1
100,57,51.0,46,0.23,49,51
200,57,95.0,98,0.49,105,95
2000,57,1030.0,819,4.09,970,1030
10000,57,4955.0,4847,24.23,5045,4955
20000,57,9960.0,8928,44.64,10040,9960
40000,57,19896.0,13039,65.2,20104,19896
60000,57,29796.0,16720,83.6,30204,29796
80000,57,39732.0,18241,91.2,40268,39732
100000,57,49566.0,23386,116.93,50434,49566
2,58,1.0,1,0.01,1,1
3,58,1.0,2,0.01,2,1
100,58,56.0,56,0.28,44,56
200,58,100.0,112,0.56,100,100
2000,58,1024.0,789,3.94,976,1024
10000,58,4991.0,4172,20.86,5009,4991
20000,58,9840.0,7038,35.19,10160,9840
40000,58,19814.0,7522,37.61,20186,19814
60000,58,29723.0,14134,70.67,30277,29723
80000,58,39816.0,14422,72.11,40184,39816
100000,58,49937.0,14422,72.11,50063,49937
2,59,1.0,1,0.01,1,1
3,59,1.0,2,0.01,2,1
100,59,57.0,50,0.25,43,57
200,59,100.0,98,0.49,100,100
2000,59,977.0,863,4.31,1023,977
10000,59,4989.0,2899,14.5,5011,4989
20000,59,10016.0,3284,16.42,9984,10016
40000,59,19887.0,11011,55.06,20113,19887
60000,59,29899.0,13427,67.14,30101,29899
80000,59,39814.0,22120,110.6,40186,39814
100000,59,49787.0,26593,132.96,50213,49787
2,60,1.0,1,0.01,1,1
3,60,2.0,2,0.01,1,2
100,60,46.0,51,0.26,54,46
200,60,105.0,72,0.36,95,105
2000,60,1033.0,1067,5.33,967,1033
10000,60,5064.0,5617,28.08,4936,5064
20000,60,9976.0,10235,51.18,10024,9976
40000,60,19954.0,13838,69.19,20046,19954
60000,60,29861.0,17287,86.43,30139,29861
80000,60,39814.0,22751,113.75,40186,39814
100000,60,49742.0,26260,131.3,50258,49742
2,61,2.0,1,0.01,0,2
3,61,2.0,2,0.01,1,2
100,61,55.0,48,0.24,45,55
200,61,109.0,103,0.52,91,109
2000,61,973.0,1356,6.78,1027,973
10000,61,4919.0,4795,23.97,5081,4919
20000,61,9978.0,8512,42.56,10022,9978
40000,61,19969.0,12042,60.21,20031,19969
60000,61,29958.0,13846,69.23,30042,29958
80000,61,39884.0,16656,83.28,40116,39884
100000,61,49756.0,24245,121.22,50244,49756
2,62,1.0,1,0.01,1,1
3,62,1.0,2,0.01,2,1
100,62,39.0,45,0.23,61,39
200,62,74.0,102,0.51,126,74
2000,62,976.0,778,3.89,1024,976
10000,62,4964.0,7233,36.17,5036,4964
20000,62,9914.0,13664,68.32,10086,9914
40000,62,19714.0,25093,125.46,20286,19714
60000,62,29523.0,39446,197.23,30477,29523
80000,62,39649.0,40211,201.05,40351,39649
100000,62,49622.0,40211,201.05,50378,49622
2,63,1.0,1,0.01,1,1
3,63,1.0,1,0.01,2,1
100,63,42.0,44,0.22,58,42
200,63,90.0,105,0.53,110,90
2000,63,989.0,1099,5.49,1011,989
10000,63,4979.0,4533,22.66,5021,4979
20000,63,9934.0,8598,42.99,10066,9934
40000,63,19851.0,13564,67.82,20149,19851
60000,63,29809.0,17252,86.26,30191,29809
80000,63,39797.0,20390,101.95,40203,39797
100000,63,49723.0,23330,116.65,50277,49723
2,64,1.0,1,0.01,1,1
3,64,2.0,1,0.01,1,2
100,64,54.0,53,0.27,46,54
200,64,104.0,105,0.53,96,104
2000,64,1026.0,1154,5.77,974,1026
10000,64,5045.0,3004,15.02,4955,5045
20000,64,9905.0,7567,37.84,10095,9905
40000,64,19983.0,12075,60.38,20017,19983
60000,64,29899.0,16377,81.88,30101,29899
80000,64,39952.0,18250,91.25,40048,39952
100000,64,49995.0,18605,93.02,50005,49995
2,65,2.0,1,0.01,0,2
3,65,3.0,2,0.01,0,3
100,65,55.0,49,0.25,45,55
200,65,111.0,104,0.52,89,111
2000,65,989.0,636,3.18,1011,989
10000,65,4911.0,2923,14.62,5089,4911
20000,65,9931.0,11795,58.98,10069,9931
40000,65,19822.0,21267,106.33,20178,19822
60000,65,29988.0,21267,106.33,30012,29988
80000,65,40008.0,22081,110.4,39992,40008
100000,65,50027.0,23996,119.98,49973,50027
2,66,1.0,1,0.01,1,1
3,66,2.0,1,0.01,1,2
100,66,38.0,49,0.25,62,38
200,66,84.0,82,0.41,116,84
2000,66,972.0,565,2.82,1028,972
10000,66,4873.0,5041,25.2,5127,4873
20000,66,9783.0,9596,47.98,10217,9783
40000,66,19592.0,22750,113.75,20408,19592
60000,66,29437.0,30115,150.57,30563,29437
80000,66,39471.0,30924,154.62,40529,39471
100000,66,49535.0,30924,154.62,50465,49535
2,67,0.0,1,0.01,2,0
3,67,1.0,2,0.01,2,1
100,67,48.0,53,0.27,52,48
200,67,97.0,93,0.47,103,97
2000,67,975.0,1018,5.09,1025,975
10000,67,4943.0,5380,26.9,5057,4943
20000,67,9844.0,9231,46.16,10156,9844
40000,67,19708.0,21821,109.1,20292,19708
60000,67,29556.0,27431,137.15,30444,29556
80000,67,39345.0,38749,193.74,40655,39345
100000,67,49238.0,43309,216.54,50762,49238
2,68,1.0,1,0.01,1,1
3,68,1.0,2,0.01,2,1
100,68,46.0,45,0.23,54,46
200,68,96.0,100,0.5,104,96
2000,68,980.0,1038,5.19,1020,980
10000,68,5005.0,4091,20.46,4995,5005
20000,68,10076.0,6677,33.38,9924,10076
40000,68,19949.0,12362,61.81,20051,19949
60000,68,29896.0,21046,105.23,30104,29896
80000,68,39844.0,28310,141.55,40156,39844
100000,68,49761.0,31837,159.18,50239,49761
2,69,0.0,1,0.01,2,0
3,69,1.0,2,0.01,2,1
100,69,46.0,53,0.27,54,46
200,69,92.0,125,0.63,108,92
2000,69,1001.0,1108,5.54,999,1001
10000,69,5009.0,5391,26.95,4991,5009
20000,69,9953.0,10779,53.9,10047,9953
40000,69,19849.0,15990,79.95,20151,19849
60000,69,29931.0,23306,116.53,30069,29931
80000,69,39979.0,29570,147.85,40021,39979
100000,69,50037.0,40133,200.66,49963,50037
2,70,0.0,1,0.01,2,0
3,70,1.0,2,0.01,2,1
100,70,55.0,45,0.23,45,55
200,70,100.0,95,0.48,100,100
2000,70,991.0,735,3.67,1009,991
10000,70,5024.0,1868,9.34,4976,5024
20000,70,10010.0,5830,29.15,9990,10010
40000,70,19985.0,9645,48.23,20015,19985
60000,70,29995.0,14580,72.9,30005,29995
80000,70,40008.0,19890,99.45,39992,40008
100000,70,49889.0,30369,151.84,50111,49889
2,71,0.0,1,0.01,2,0
3,71,0.0,2,0.01,3,0
100,71,48.0,47,0.24,52,48
200,71,88.0,93,0.47,112,88
2000,71,977.0,1461,7.3,1023,977
10000,71,4877.0,6038,30.19,5123,4877
20000,71,9739.0,13415,67.08,10261,9739
40000,71,19982.0,14715,73.58,20018,19982
60000,71,29867.0,15106,75.53,30133,29867
80000,71,39849.0,17726,88.63,40151,39849
100000,71,49969.0,17727,88.63,50031,49969
2,72,2.0,1,0.01,0,2
3,72,3.0,2,0.01,0,3
100,72,63.0,49,0.25,37,63
200,72,121.0,81,0.41,79,121
2000,72,1007.0,1140,5.7,993,1007
10000,72,4942.0,4483,22.41,5058,4942
20000,72,9945.0,8534,42.67,10055,9945
40000,72,19886.0,14482,72.41,20114,19886
60000,72,29935.0,16227,81.13,30065,29935
80000,72,39947.0,26962,134.81,40053,39947
100000,72,49841.0,30095,150.47,50159,49841
2,73,1.0,1,0.01,1,1
3,73,2.0,1,0.01,1,2
100,73,45.0,49,0.25,55,45
200,73,95.0,107,0.54,105,95
2000,73,984.0,980,4.9,1016,984
10000,73,4940.0,6073,30.36,5060,4940
20000,73,9947.0,14465,72.33,10053,9947
40000,73,19984.0,26530,132.65,20016,19984
60000,73,29953.0,40906,204.53,30047,29953
80000,73,40088.0,40970,204.85,39912,40088
100000,73,50081.0,48598,242.99,49919,50081
2,74,0.0,1,0.01,2,0
3,74,0.0,2,0.01,3,0
100,74,47.0,53,0.27,53,47
200,74,97.0,94,0.47,103,97
2000,74,1015.0,706,3.53,985,1015
10000,74,4972.0,3638,18.19,5028,4972
20000,74,9913.0,6765,33.82,10087,9913
40000,74,19848.0,10097,50.49,20152,19848
60000,74,29701.0,15873,79.37,30299,29701
80000,74,39744.0,16194,80.97,40256,39744
100000,74,49734.0,24172,120.86,50266,49734
2,75,1.0,1,0.01,1,1
3,75,2.0,2,0.01,1,2
100,75,52.0,47,0.24,48,52
200,75,100.0,95,0.48,100,100
2000,75,952.0,937,4.68,1048,952
10000,75,4916.0,3021,15.11,5084,4916
20000,75,10005.0,6634,33.17,9995,10005
40000,75,19900.0,11544,57.72,20100,19900
60000,75,29864.0,14042,70.21,30136,29864
80000,75,39852.0,15380,76.9,40148,39852
100000,75,50009.0,15533,77.67,49991,50009
2,76,2.0,1,0.01,0,2
3,76,2.0,2,0.01,1,2
100,76,47.0,57,0.29,53,47
200,76,102.0,127,0.64,98,102
2000,76,976.0,1065,5.32,1024,976
10000,76,4969.0,3581,17.91,5031,4969
20000,76,9976.0,6679,33.39,10024,9976
40000,76,19908.0,10129,50.65,20092,19908
60000,76,30008.0,12720,63.6,29992,30008
80000,76,40078.0,15307,76.54,39922,40078
100000,76,50029.0,19727,98.63,49971,50029
2,77,1.0,1,0.01,1,1
3,77,2.0,1,0.01,1,2
100,77,57.0,43,0.22,43,57
200,77,101.0,81,0.41,99,101
2000,77,989.0,678,3.39,1011,989
10000,77,4980.0,4644,23.22,5020,4980
20000,77,9879.0,11341,56.71,10121,9879
40000,77,19695.0,22187,110.93,20305,19695
60000,77,29728.0,24768,123.84,30272,29728
80000,77,39668.0,26741,133.7,40332,39668
100000,77,49524.0,38061,190.3,50476,49524
2,78,0.0,1,0.01,2,0
3,78,0.0,2,0.01,3,0
100,78,41.0,52,0.26,59,41
200,78,88.0,120,0.6,112,88
2000,78,955.0,1236,6.18,1045,955
10000,78,5002.0,2349,11.75,4998,5002
20000,78,9936.0,5058,25.29,10064,9936
40000,78,19826.0,14628,73.14,20174,19826
60000,78,29908.0,31715,158.57,30092,29908
80000,78,39868.0,34727,173.63,40132,39868
100000,78,49799.0,43256,216.28,50201,49799
2,79,1.0,1,0.01,1,1
3,79,2.0,2,0.01,1,2
100,79,49.0,59,0.3,51,49
200,79,96.0,110,0.55,104,96
2000,79,964.0,709,3.54,1036,964
10000,79,4959.0,2298,11.49,5041,4959
20000,79,9984.0,4238,21.19,10016,9984
40000,79,20041.0,6849,34.24,19959,20041
60000,79,30031.0,8394,41.97,29969,30031
80000,79,39972.0,9340,46.7,40028,39972
100000,79,50050.0,9532,47.66,49950,50050
2,80,1.0,1,0.01,1,1
3,80,2.0,2,0.01,1,2
100,80,55.0,42,0.21,45,55
200,80,96.0,89,0.45,104,96
2000,80,986.0,677,3.38,1014,986
10000,80,4899.0,3449,17.25,5101,4899
20000,80,9864.0,6401,32.0,10136,9864
40000,80,19745.0,18498,92.49,20255,19745
60000,80,29705.0,23985,119.92,30295,29705
80000,80,39729.0,43406,217.03,40271,39729
100000,80,49667.0,59755,298.77,50333,49667
2,81,0.0,1,0.01,2,0
3,81,0.0,2,0.01,3,0
100,81,50.0,57,0.29,50,50
200,81,101.0,134,0.67,99,101
2000,81,1011.0,1019,5.09,989,1011
10000,81,5034.0,4967,24.83,4966,5034
20000,81,10053.0,8408,42.04,9947,10053
40000,81,19878.0,15995,79.97,20122,19878
60000,81,29810.0,18774,93.87,30190,29810
80000,81,39899.0,36457,182.28,40101,39899
100000,81,49786.0,43599,217.99,50214,49786
2,82,1.0,1,0.01,1,1
3,82,1.0,2,0.01,2,1
100,82,53.0,51,0.26,47,53
200,82,98.0,92,0.46,102,98
2000,82,1002.0,877,4.38,998,1002
10000,82,4902.0,4939,24.69,5098,4902
20000,82,9890.0,6800,34.0,10110,9890
40000,82,19903.0,10368,51.84,20097,19903
60000,82,29962.0,11281,56.41,30038,29962
80000,82,39904.0,15404,77.02,40096,39904
100000,82,49917.0,16812,84.06,50083,49917
2,83,2.0,1,0.01,0,2
3,83,2.0,2,0.01,1,2
100,83,48.0,49,0.25,52,48
200,83,105.0,71,0.36,95,105
2000,83,1022.0,1039,5.19,978,1022
10000,83,5062.0,5151,25.75,4938,5062
20000,83,9954.0,9140,45.7,10046,9954
40000,83,19994.0,15365,76.83,20006,19994
60000,83,29989.0,16855,84.27,30011,29989
80000,83,40035.0,19712,98.56,39965,40035
100000,83,50244.0,19712,98.56,49756,50244
2,84,2.0,1,0.01,0,2
3,84,2.0,2,0.01,1,2
100,84,47.0,55,0.28,53,47
200,84,89.0,96,0.48,111,89
2000,84,994.0,857,4.28,1006,994
10000,84,5076.0,3444,17.22,4924,5076
20000,84,10071.0,6592,32.96,9929,10071
40000,84,20024.0,13289,66.45,19976,20024
60000,84,30047.0,25982,129.91,29953,30047
80000,84,39994.0,31387,156.93,40006,39994
100000,84,49961.0,36262,181.31,50039,49961
2,85,2.0,1,0.01,0,2
3,85,2.0,2,0.01,1,2
100,85,56.0,52,0.26,44,56
200,85,110.0,102,0.51,90,110
2000,85,1005.0,867,4.33,995,1005
10000,85,4976.0,3690,18.45,5024,4976
20000,85,9996.0,5014,25.07,10004,9996
40000,85,19910.0,10760,53.8,20090,19910
60000,85,29909.0,11657,58.29,30091,29909
80000,85,39902.0,12866,64.33,40098,39902
100000,85,49897.0,13946,69.73,50103,49897
2,86,1.0,1,0.01,1,1
3,86,2.0,1,0.01,1,2
100,86,55.0,51,0.26,45,55
200,86,100.0,101,0.51,100,100
2000,86,995.0,893,4.46,1005,995
10000,86,4983.0,5168,25.84,5017,4983
20000,86,9983.0,7814,39.07,10017,9983
40000,86,20038.0,11456,57.28,19962,20038
60000,86,30106.0,12523,62.62,29894,30106
80000,86,40187.0,15938,79.69,39813,40187
100000,86,50084.0,21201,106.0,49916,50084
2,87,1.0,1,0.01,1,1
3,87,2.0,1,0.01,1,2
100,87,55.0,52,0.26,45,55
200,87,99.0,101,0.51,101,99
2000,87,1036.0,921,4.6,964,1036
10000,87,5059.0,5867,29.33,4941,5059
20000,87,10107.0,10730,53.65,9893,10107
40000,87,20117.0,17934,89.67,19883,20117
60000,87,30140.0,24093,120.46,29860,30140
80000,87,40088.0,32065,160.32,39912,40088
100000,87,50006.0,35397,176.98,49994,50006
2,88,2.0,1,0.01,0,2
3,88,3.0,2,0.01,0,3
100,88,52.0,58,0.29,48,52
200,88,101.0,125,0.63,99,101
2000,88,994.0,846,4.23,1006,994
10000,88,4912.0,4392,21.96,5088,4912
20000,88,9931.0,9157,45.79,10069,9931
40000,88,19926.0,20035,100.17,20074,19926
60000,88,29937.0,22556,112.78,30063,29937
80000,88,39864.0,33934,169.67,40136,39864
100000,88,49783.0,38849,194.24,50217,49783
2,89,1.0,1,0.01,1,1
3,89,2.0,2,0.01,1,2
100,89,50.0,52,0.26,50,50
200,89,113.0,98,0.49,87,113
2000,89,970.0,848,4.24,1030,970
10000,89,4971.0,4488,22.44,5029,4971
20000,89,9911.0,7188,35.94,10089,9911
40000,89,20090.0,10579,52.9,19910,20090
60000,89,30156.0,22003,110.01,29844,30156
80000,89,40069.0,28571,142.85,39931,40069
100000,89,49925.0,34671,173.35,50075,49925
2,90,2.0,1,0.01,0,2
3,90,3.0,2,0.01,0,3
100,90,49.0,47,0.24,51,49
200,90,98.0,87,0.44,102,98
2000,90,1007.0,654,3.27,993,1007
10000,90,4948.0,3773,18.87,5052,4948
20000,90,9979.0,5200,26.0,10021,9979
40000,90,19974.0,9029,45.15,20026,19974
60000,90,30027.0,12963,64.82,29973,30027
80000,90,40097.0,15458,77.29,39903,40097
100000,90,50123.0,18650,93.25,49877,50123
2,91,2.0,1,0.01,0,2
3,91,3.0,2,0.01,0,3
100,91,52.0,47,0.24,48,52
200,91,111.0,95,0.48,89,111
2000,91,983.0,910,4.55,1017,983
10000,91,4958.0,2586,12.93,5042,4958
20000,91,9985.0,4693,23.46,10015,9985
40000,91,19861.0,13997,69.99,20139,19861
60000,91,29830.0,21682,108.41,30170,29830
80000,91,39832.0,22294,111.47,40168,39832
100000,91,49827.0,28315,141.57,50173,49827
2,92,1.0,1,0.01,1,1
3,92,2.0,1,0.01,1,2
100,92,54.0,43,0.22,46,54
200,92,105.0,79,0.4,95,105
2000,92,1017.0,781,3.9,983,1017
10000,92,5016.0,3451,17.26,4984,5016
20000,92,9990.0,5855,29.27,10010,9990
40000,92,19981.0,15714,78.57,20019,19981
60000,92,29934.0,28844,144.22,30066,29934
80000,92,40039.0,32748,163.74,39961,40039
100000,92,49981.0,40256,201.28,50019,49981
2,93,1.0,1,0.01,1,1
3,93,2.0,1,0.01,1,2
100,93,55.0,54,0.27,45,55
200,93,97.0,112,0.56,103,97
2000,93,1025.0,1229,6.14,975,1025
10000,93,5065.0,3866,19.33,4935,5065
20000,93,10023.0,7309,36.55,9977,10023
40000,93,20141.0,12836,64.18,19859,20141
60000,93,30030.0,19393,96.96,29970,30030
80000,93,40064.0,23055,115.27,39936,40064
100000,93,49912.0,26808,134.04,50088,49912
2,94,1.0,1,0.01,1,1
3,94,1.0,1,0.01,2,1
100,94,45.0,59,0.3,55,45
200,94,96.0,117,0.59,104,96
2000,94,966.0,1048,5.24,1034,966
10000,94,5032.0,3749,18.75,4968,5032
20000,94,10063.0,5423,27.11,9937,10063
40000,94,19944.0,8260,41.3,20056,19944
60000,94,30012.0,16922,84.61,29988,30012
80000,94,39954.0,20399,101.99,40046,39954
100000,94,49928.0,25034,125.17,50072,49928
2,95,1.0,1,0.01,1,1
3,95,2.0,1,0.01,1,2
100,95,49.0,50,0.25,51,49
200,95,95.0,106,0.53,105,95
2000,95,952.0,1268,6.34,1048,952
10000,95,4974.0,5536,27.68,5026,4974
20000,95,9989.0,9777,48.89,10011,9989
40000,95,19959.0,16789,83.94,20041,19959
60000,95,29935.0,20610,103.05,30065,29935
80000,95,39983.0,26749,133.74,40017,39983
100000,95,49975.0,34281,171.4,50025,49975
2,96,1.0,1,0.01,1,1
3,96,2.0,1,0.01,1,2
100,96,47.0,50,0.25,53,47
200,96,90.0,101,0.51,110,90
2000,96,977.0,908,4.54,1023,977
10000,96,4993.0,4394,21.97,5007,4993
20000,96,9952.0,11591,57.96,10048,9952
40000,96,19941.0,23157,115.78,20059,19941
60000,96,29871.0,33746,168.73,30129,29871
80000,96,39753.0,40163,200.81,40247,39753
100000,96,49807.0,41531,207.65,50193,49807
2,97,2.0,1,0.01,0,2
3,97,2.0,2,0.01,1,2
100,97,53.0,50,0.25,47,53
200,97,102.0,107,0.54,98,102
2000,97,973.0,970,4.85,1027,973
10000,97,4940.0,4184,20.92,5060,4940
20000,97,9954.0,5504,27.52,10046,9954
40000,97,19877.0,7608,38.04,20123,19877
60000,97,30063.0,7608,38.04,29937,30063
80000,97,40102.0,8275,41.38,39898,40102
100000,97,50052.0,11492,57.46,49948,50052
2,98,1.0,1,0.01,1,1
3,98,2.0,1,0.01,1,2
100,98,52.0,46,0.23,48,52
200,98,102.0,91,0.46,98,102
2000,98,1003.0,911,4.55,997,1003
10000,98,4951.0,4126,20.63,5049,4951
20000,98,9924.0,9006,45.03,10076,9924
40000,98,19861.0,21798,108.99,20139,19861
60000,98,29843.0,30606,153.03,30157,29843
80000,98,39849.0,39781,198.9,40151,39849
100000,98,49712.0,49690,248.45,50288,49712
2,99,1.0,1,0.01,1,1
3,99,1.0,1,0.01,2,1
100,99,53.0,66,0.33,47,53
200,99,101.0,133,0.67,99,101
2000,99,993.0,1147,5.73,1007,993
10000,99,4969.0,4842,24.21,5031,4969
20000,99,9953.0,8570,42.85,10047,9953
40000,99,19921.0,17106,85.53,20079,19921
60000,99,29925.0,21058,105.29,30075,29925
80000,99,39859.0,23915,119.57,40141,39859
100000,99,49851.0,34093,170.46,50149,49851
2,100,1.0,1,0.01,1,1
3,100,1.0,1,0.01,2,1
100,100,49.0,37,0.19,51,49
200,100,94.0,77,0.39,106,94
2000,100,997.0,833,4.16,1003,997
10000,100,4938.0,5021,25.1,5062,4938
20000,100,9928.0,12462,62.31,10072,9928
40000,100,19836.0,20456,102.28,20164,19836
60000,100,29780.0,31694,158.47,30220,29780
80000,100,39704.0,45686,228.43,40296,39704
100000,100,49665.0,51120,255.6,50335,49665
