Timestep,Iteration,Total Reward,Suboptimal Arms,Total Regret,Zeros Count,Ones Count
2,1,2.0,1,0.1,0,2
3,1,3.0,2,0.2,0,3
100,1,91.0,50,5.0,9,91
200,1,176.0,94,9.4,24,176
2000,1,1767.0,400,40.0,233,1767
10000,1,8957.0,600,60.0,1043,8957
20000,1,18022.0,723,72.3,1978,18022
40000,1,36018.0,841,84.1,3982,36018
60000,1,53991.0,873,87.3,6009,53991
80000,1,71935.0,880,88.0,8065,71935
100000,1,89919.0,888,88.8,10081,89919
2,2,2.0,1,0.1,0,2
3,2,3.0,2,0.2,0,3
100,2,81.0,48,4.8,19,81
200,2,164.0,84,8.4,36,164
2000,2,1736.0,501,50.1,264,1736
10000,2,8865.0,787,78.7,1135,8865
20000,2,17822.0,839,83.9,2178,17822
40000,2,35817.0,883,88.3,4183,35817
60000,2,53777.0,901,90.1,6223,53777
80000,2,71808.0,904,90.4,8192,71808
100000,2,89847.0,904,90.4,10153,89847
2,3,2.0,1,0.1,0,2
3,3,3.0,2,0.2,0,3
100,3,87.0,49,4.9,13,87
200,3,172.0,93,9.3,28,172
2000,3,1772.0,446,44.6,228,1772
10000,3,8948.0,697,69.7,1052,8948
20000,3,17957.0,762,76.2,2043,17957
40000,3,35990.0,819,81.9,4010,35990
60000,3,53969.0,1012,101.2,6031,53969
80000,3,72028.0,1084,108.4,7972,72028
100000,3,90095.0,1084,108.4,9905,90095
2,4,2.0,1,0.1,0,2
3,4,2.0,2,0.2,1,2
100,4,86.0,48,4.8,14,86
200,4,175.0,93,9.3,25,175
2000,4,1744.0,441,44.1,256,1744
10000,4,8888.0,691,69.1,1112,8888
20000,4,17909.0,738,73.8,2091,17909
40000,4,35913.0,747,74.7,4087,35913
60000,4,53945.0,763,76.3,6055,53945
80000,4,71922.0,777,77.7,8078,71922
100000,4,89961.0,780,78.0,10039,89961
2,5,2.0,1,0.1,0,2
3,5,3.0,2,0.2,0,3
100,5,82.0,47,4.7,18,82
200,5,166.0,93,9.3,34,166
2000,5,1748.0,457,45.7,252,1748
10000,5,8908.0,788,78.8,1092,8908
20000,5,17859.0,862,86.2,2141,17859
40000,5,35835.0,900,90.0,4165,35835
60000,5,53880.0,900,90.0,6120,53880
80000,5,71795.0,911,91.1,8205,71795
100000,5,89749.0,930,93.0,10251,89749
2,6,2.0,1,0.1,0,2
3,6,3.0,2,0.2,0,3
100,6,86.0,48,4.8,14,86
200,6,176.0,92,9.2,24,176
2000,6,1756.0,489,48.9,244,1756
10000,6,8909.0,662,66.2,1091,8909
20000,6,17890.0,700,70.0,2110,17890
40000,6,35942.0,712,71.2,4058,35942
60000,6,53934.0,719,71.9,6066,53934
80000,6,71951.0,720,72.0,8049,71951
100000,6,89961.0,723,72.3,10039,89961
2,7,2.0,1,0.1,0,2
3,7,3.0,2,0.2,0,3
100,7,88.0,49,4.9,12,88
200,7,171.0,90,9.0,29,171
2000,7,1757.0,416,41.6,243,1757
10000,7,8893.0,655,65.5,1107,8893
20000,7,17920.0,665,66.5,2080,17920
40000,7,35920.0,746,74.6,4080,35920
60000,7,53973.0,750,75.0,6027,53973
80000,7,71965.0,758,75.8,8035,71965
100000,7,89945.0,762,76.2,10055,89945
2,8,2.0,1,0.1,0,2
3,8,2.0,2,0.2,1,2
100,8,79.0,48,4.8,21,79
200,8,165.0,93,9.3,35,165
2000,8,1745.0,529,52.9,255,1745
10000,8,8942.0,766,76.6,1058,8942
20000,8,17968.0,837,83.7,2032,17968
40000,8,35968.0,871,87.1,4032,35968
60000,8,53940.0,880,88.0,6060,53940
80000,8,71944.0,889,88.9,8056,71944
100000,8,89885.0,911,91.1,10115,89885
2,9,2.0,1,0.1,0,2
3,9,3.0,2,0.2,0,3
100,9,86.0,48,4.8,14,86
200,9,174.0,92,9.2,26,174
2000,9,1753.0,507,50.7,247,1753
10000,9,8948.0,657,65.7,1052,8948
20000,9,17930.0,721,72.1,2070,17930
40000,9,35939.0,744,74.4,4061,35939
60000,9,53995.0,767,76.7,6005,53995
80000,9,72004.0,768,76.8,7996,72004
100000,9,90006.0,801,80.1,9994,90006
2,10,2.0,1,0.1,0,2
3,10,3.0,2,0.2,0,3
100,10,89.0,49,4.9,11,89
200,10,172.0,91,9.1,28,172
2000,10,1733.0,436,43.6,267,1733
10000,10,8910.0,662,66.2,1090,8910
20000,10,17924.0,733,73.3,2076,17924
40000,10,35982.0,744,74.4,4018,35982
60000,10,53829.0,780,78.0,6171,53829
80000,10,71773.0,786,78.6,8227,71773
100000,10,89762.0,787,78.7,10238,89762
2,11,2.0,1,0.1,0,2
3,11,2.0,2,0.2,1,2
100,11,82.0,48,4.8,18,82
200,11,174.0,96,9.6,26,174
2000,11,1739.0,534,53.4,261,1739
10000,11,8893.0,722,72.2,1107,8893
20000,11,17968.0,748,74.8,2032,17968
40000,11,35964.0,841,84.1,4036,35964
60000,11,53956.0,844,84.4,6044,53956
80000,11,71877.0,850,85.0,8123,71877
100000,11,89888.0,852,85.2,10112,89888
2,12,2.0,1,0.1,0,2
3,12,3.0,2,0.2,0,3
100,12,83.0,47,4.7,17,83
200,12,172.0,94,9.4,28,172
2000,12,1746.0,446,44.6,254,1746
10000,12,8908.0,721,72.1,1092,8908
20000,12,17932.0,743,74.3,2068,17932
40000,12,35956.0,778,77.8,4044,35956
60000,12,53949.0,806,80.6,6051,53949
80000,12,71965.0,843,84.3,8035,71965
100000,12,89934.0,844,84.4,10066,89934
2,13,2.0,1,0.1,0,2
3,13,3.0,2,0.2,0,3
100,13,81.0,47,4.7,19,81
200,13,169.0,91,9.1,31,169
2000,13,1745.0,443,44.3,255,1745
10000,13,8910.0,602,60.2,1090,8910
20000,13,17868.0,674,67.4,2132,17868
40000,13,35799.0,927,92.7,4201,35799
60000,13,53799.0,928,92.8,6201,53799
80000,13,71758.0,953,95.3,8242,71758
100000,13,89803.0,954,95.4,10197,89803
2,14,2.0,1,0.1,0,2
3,14,3.0,2,0.2,0,3
100,14,84.0,49,4.9,16,84
200,14,167.0,92,9.2,33,167
2000,14,1743.0,527,52.7,257,1743
10000,14,8920.0,828,82.8,1080,8920
20000,14,17974.0,866,86.6,2026,17974
40000,14,35927.0,1058,105.8,4073,35927
60000,14,53960.0,1070,107.0,6040,53960
80000,14,71975.0,1074,107.4,8025,71975
100000,14,89957.0,1076,107.6,10043,89957
2,15,2.0,1,0.1,0,2
3,15,2.0,2,0.2,1,2
100,15,88.0,49,4.9,12,88
200,15,177.0,95,9.5,23,177
2000,15,1757.0,462,46.2,243,1757
10000,15,8935.0,711,71.1,1065,8935
20000,15,17959.0,759,75.9,2041,17959
40000,15,36041.0,764,76.4,3959,36041
60000,15,54137.0,778,77.8,5863,54137
80000,15,72137.0,809,80.9,7863,72137
100000,15,90157.0,812,81.2,9843,90157
2,16,2.0,1,0.1,0,2
3,16,3.0,2,0.2,0,3
100,16,81.0,51,5.1,19,81
200,16,170.0,100,10.0,30,170
2000,16,1738.0,585,58.5,262,1738
10000,16,8889.0,830,83.0,1111,8889
20000,16,17897.0,845,84.5,2103,17897
40000,16,35867.0,868,86.8,4133,35867
60000,16,53787.0,911,91.1,6213,53787
80000,16,71755.0,916,91.6,8245,71755
100000,16,89793.0,916,91.6,10207,89793
2,17,2.0,1,0.1,0,2
3,17,3.0,2,0.2,0,3
100,17,84.0,49,4.9,16,84
200,17,170.0,90,9.0,30,170
2000,17,1760.0,409,40.9,240,1760
10000,17,8959.0,628,62.8,1041,8959
20000,17,17968.0,708,70.8,2032,17968
40000,17,35846.0,819,81.9,4154,35846
60000,17,53834.0,917,91.7,6166,53834
80000,17,71862.0,919,91.9,8138,71862
100000,17,89936.0,919,91.9,10064,89936
2,18,2.0,1,0.1,0,2
3,18,2.0,2,0.2,1,2
100,18,81.0,49,4.9,19,81
200,18,164.0,91,9.1,36,164
2000,18,1746.0,487,48.7,254,1746
10000,18,8914.0,889,88.9,1086,8914
20000,18,17878.0,983,98.3,2122,17878
40000,18,35918.0,1006,100.6,4082,35918
60000,18,53937.0,1013,101.3,6063,53937
80000,18,71957.0,1016,101.6,8043,71957
100000,18,89989.0,1016,101.6,10011,89989
2,19,2.0,1,0.1,0,2
3,19,3.0,2,0.2,0,3
100,19,91.0,50,5.0,9,91
200,19,176.0,87,8.7,24,176
2000,19,1762.0,428,42.8,238,1762
10000,19,8933.0,707,70.7,1067,8933
20000,19,17922.0,730,73.0,2078,17922
40000,19,35874.0,760,76.0,4126,35874
60000,19,53869.0,790,79.0,6131,53869
80000,19,71866.0,801,80.1,8134,71866
100000,19,89817.0,807,80.7,10183,89817
2,20,1.0,1,0.1,1,1
3,20,2.0,1,0.1,1,2
100,20,89.0,49,4.9,11,89
200,20,172.0,92,9.2,28,172
2000,20,1751.0,392,39.2,249,1751
10000,20,8969.0,566,56.6,1031,8969
20000,20,17997.0,620,62.0,2003,17997
40000,20,35939.0,751,75.1,4061,35939
60000,20,53920.0,798,79.8,6080,53920
80000,20,71996.0,798,79.8,8004,71996
100000,20,90069.0,798,79.8,9931,90069
2,21,2.0,1,0.1,0,2
3,21,2.0,2,0.2,1,2
100,21,86.0,48,4.8,14,86
200,21,164.0,93,9.3,36,164
2000,21,1748.0,479,47.9,252,1748
10000,21,8934.0,632,63.2,1066,8934
20000,21,17960.0,687,68.7,2040,17960
40000,21,35995.0,747,74.7,4005,35995
60000,21,53999.0,762,76.2,6001,53999
80000,21,71977.0,767,76.7,8023,71977
100000,21,89894.0,798,79.8,10106,89894
2,22,1.0,1,0.1,1,1
3,22,2.0,1,0.1,1,2
100,22,83.0,45,4.5,17,83
200,22,167.0,79,7.9,33,167
2000,22,1736.0,295,29.5,264,1736
10000,22,8905.0,566,56.6,1095,8905
20000,22,17895.0,663,66.3,2105,17895
40000,22,35858.0,669,66.9,4142,35858
60000,22,53866.0,690,69.0,6134,53866
80000,22,71811.0,691,69.1,8189,71811
100000,22,89870.0,724,72.4,10130,89870
2,23,1.0,1,0.1,1,1
3,23,2.0,2,0.2,1,2
100,23,87.0,51,5.1,13,87
200,23,171.0,99,9.9,29,171
2000,23,1748.0,446,44.6,252,1748
10000,23,8878.0,742,74.2,1122,8878
20000,23,17964.0,744,74.4,2036,17964
40000,23,35938.0,771,77.1,4062,35938
60000,23,54008.0,774,77.4,5992,54008
80000,23,72082.0,774,77.4,7918,72082
100000,23,90141.0,778,77.8,9859,90141
2,24,2.0,1,0.1,0,2
3,24,3.0,2,0.2,0,3
100,24,80.0,48,4.8,20,80
200,24,164.0,88,8.8,36,164
2000,24,1742.0,411,41.1,258,1742
10000,24,8923.0,601,60.1,1077,8923
20000,24,17925.0,710,71.0,2075,17925
40000,24,35864.0,780,78.0,4136,35864
60000,24,53843.0,789,78.9,6157,53843
80000,24,71831.0,791,79.1,8169,71831
100000,24,89885.0,791,79.1,10115,89885
2,25,2.0,1,0.1,0,2
3,25,2.0,2,0.2,1,2
100,25,89.0,49,4.9,11,89
200,25,175.0,92,9.2,25,175
2000,25,1769.0,438,43.8,231,1769
10000,25,8994.0,622,62.2,1006,8994
20000,25,17934.0,662,66.2,2066,17934
40000,25,35903.0,732,73.2,4097,35903
60000,25,53933.0,738,73.8,6067,53933
80000,25,71910.0,743,74.3,8090,71910
100000,25,89921.0,748,74.8,10079,89921
2,26,2.0,1,0.1,0,2
3,26,3.0,2,0.2,0,3
100,26,86.0,48,4.8,14,86
200,26,175.0,91,9.1,25,175
2000,26,1756.0,587,58.7,244,1756
10000,26,8895.0,1004,100.4,1105,8895
20000,26,17894.0,1066,106.6,2106,17894
40000,26,35912.0,1112,111.2,4088,35912
60000,26,53944.0,1116,111.6,6056,53944
80000,26,71921.0,1125,112.5,8079,71921
100000,26,89934.0,1143,114.3,10066,89934
2,27,2.0,1,0.1,0,2
3,27,3.0,2,0.2,0,3
100,27,79.0,48,4.8,21,79
200,27,168.0,94,9.4,32,168
2000,27,1747.0,644,64.4,253,1747
10000,27,8907.0,1036,103.6,1093,8907
20000,27,17907.0,1147,114.7,2093,17907
40000,27,35861.0,1194,119.4,4139,35861
60000,27,53836.0,1240,124.0,6164,53836
80000,27,71816.0,1250,125.0,8184,71816
100000,27,89693.0,1263,126.3,10307,89693
2,28,2.0,1,0.1,0,2
3,28,3.0,2,0.2,0,3
100,28,80.0,46,4.6,20,80
200,28,167.0,85,8.5,33,167
2000,28,1751.0,388,38.8,249,1751
10000,28,8878.0,621,62.1,1122,8878
20000,28,17881.0,765,76.5,2119,17881
40000,28,35818.0,808,80.8,4182,35818
60000,28,53732.0,849,84.9,6268,53732
80000,28,71705.0,850,85.0,8295,71705
100000,28,89781.0,850,85.0,10219,89781
2,29,2.0,1,0.1,0,2
3,29,3.0,2,0.2,0,3
100,29,85.0,45,4.5,15,85
200,29,168.0,78,7.8,32,168
2000,29,1765.0,392,39.2,235,1765
10000,29,8956.0,683,68.3,1044,8956
20000,29,17918.0,795,79.5,2082,17918
40000,29,35914.0,842,84.2,4086,35914
60000,29,53948.0,854,85.4,6052,53948
80000,29,71959.0,882,88.2,8041,71959
100000,29,89927.0,883,88.3,10073,89927
2,30,2.0,1,0.1,0,2
3,30,3.0,2,0.2,0,3
100,30,84.0,47,4.7,16,84
200,30,173.0,92,9.2,27,173
2000,30,1762.0,491,49.1,238,1762
10000,30,8948.0,806,80.6,1052,8948
20000,30,17945.0,898,89.8,2055,17945
40000,30,35986.0,958,95.8,4014,35986
60000,30,53953.0,1023,102.3,6047,53953
80000,30,71993.0,1028,102.8,8007,71993
100000,30,90087.0,1030,103.0,9913,90087
2,31,2.0,1,0.1,0,2
3,31,2.0,2,0.2,1,2
100,31,86.0,48,4.8,14,86
200,31,172.0,89,8.9,28,172
2000,31,1756.0,413,41.3,244,1756
10000,31,8909.0,596,59.6,1091,8909
20000,31,17870.0,632,63.2,2130,17870
40000,31,35832.0,641,64.1,4168,35832
60000,31,53845.0,645,64.5,6155,53845
80000,31,71841.0,661,66.1,8159,71841
100000,31,89913.0,661,66.1,10087,89913
2,32,2.0,1,0.1,0,2
3,32,3.0,2,0.2,0,3
100,32,88.0,49,4.9,12,88
200,32,171.0,94,9.4,29,171
2000,32,1754.0,448,44.8,246,1754
10000,32,8874.0,735,73.5,1126,8874
20000,32,17890.0,764,76.4,2110,17890
40000,32,35862.0,794,79.4,4138,35862
60000,32,53820.0,829,82.9,6180,53820
80000,32,71847.0,831,83.1,8153,71847
100000,32,89884.0,832,83.2,10116,89884
2,33,2.0,1,0.1,0,2
3,33,3.0,2,0.2,0,3
100,33,89.0,50,5.0,11,89
200,33,173.0,95,9.5,27,173
2000,33,1778.0,428,42.8,222,1778
10000,33,8922.0,713,71.3,1078,8922
20000,33,17939.0,754,75.4,2061,17939
40000,33,35949.0,760,76.0,4051,35949
60000,33,53981.0,768,76.8,6019,53981
80000,33,72001.0,790,79.0,7999,72001
100000,33,90019.0,791,79.1,9981,90019
2,34,1.0,1,0.1,1,1
3,34,2.0,1,0.1,1,2
100,34,83.0,47,4.7,17,83
200,34,167.0,95,9.5,33,167
2000,34,1741.0,328,32.8,259,1741
10000,34,8896.0,453,45.3,1104,8896
20000,34,17909.0,489,48.9,2091,17909
40000,34,35852.0,523,52.3,4148,35852
60000,34,53791.0,552,55.2,6209,53791
80000,34,71784.0,552,55.2,8216,71784
100000,34,89797.0,552,55.2,10203,89797
2,35,2.0,1,0.1,0,2
3,35,3.0,2,0.2,0,3
100,35,89.0,50,5.0,11,89
200,35,178.0,95,9.5,22,178
2000,35,1757.0,389,38.9,243,1757
10000,35,8933.0,543,54.3,1067,8933
20000,35,17953.0,565,56.5,2047,17953
40000,35,35939.0,601,60.1,4061,35939
60000,35,53912.0,604,60.4,6088,53912
80000,35,71866.0,615,61.5,8134,71866
100000,35,89814.0,617,61.7,10186,89814
2,36,1.0,1,0.1,1,1
3,36,1.0,2,0.2,2,1
100,36,87.0,48,4.8,13,87
200,36,169.0,93,9.3,31,169
2000,36,1748.0,473,47.3,252,1748
10000,36,8893.0,737,73.7,1107,8893
20000,36,17900.0,782,78.2,2100,17900
40000,36,35865.0,816,81.6,4135,35865
60000,36,53850.0,820,82.0,6150,53850
80000,36,71878.0,820,82.0,8122,71878
100000,36,89843.0,830,83.0,10157,89843
2,37,2.0,1,0.1,0,2
3,37,3.0,2,0.2,0,3
100,37,85.0,47,4.7,15,85
200,37,170.0,90,9.0,30,170
2000,37,1758.0,412,41.2,242,1758
10000,37,8942.0,633,63.3,1058,8942
20000,37,17966.0,751,75.1,2034,17966
40000,37,36013.0,783,78.3,3987,36013
60000,37,53976.0,789,78.9,6024,53976
80000,37,71928.0,802,80.2,8072,71928
100000,37,89980.0,803,80.3,10020,89980
2,38,2.0,1,0.1,0,2
3,38,3.0,2,0.2,0,3
100,38,83.0,45,4.5,17,83
200,38,163.0,78,7.8,37,163
2000,38,1761.0,438,43.8,239,1761
10000,38,8909.0,610,61.0,1091,8909
20000,38,17967.0,621,62.1,2033,17967
40000,38,35963.0,632,63.2,4037,35963
60000,38,53924.0,637,63.7,6076,53924
80000,38,71964.0,640,64.0,8036,71964
100000,38,89969.0,664,66.4,10031,89969
2,39,2.0,1,0.1,0,2
3,39,2.0,2,0.2,1,2
100,39,89.0,49,4.9,11,89
200,39,172.0,91,9.1,28,172
2000,39,1752.0,469,46.9,248,1752
10000,39,8912.0,784,78.4,1088,8912
20000,39,18013.0,787,78.7,1987,18013
40000,39,35975.0,830,83.0,4025,35975
60000,39,53990.0,874,87.4,6010,53990
80000,39,72045.0,876,87.6,7955,72045
100000,39,90111.0,878,87.8,9889,90111
2,40,2.0,1,0.1,0,2
3,40,3.0,2,0.2,0,3
100,40,87.0,47,4.7,13,87
200,40,175.0,87,8.7,25,175
2000,40,1772.0,409,40.9,228,1772
10000,40,8899.0,708,70.8,1101,8899
20000,40,17829.0,793,79.3,2171,17829
40000,40,35863.0,830,83.0,4137,35863
60000,40,53831.0,843,84.3,6169,53831
80000,40,71835.0,846,84.6,8165,71835
100000,40,89861.0,846,84.6,10139,89861
2,41,2.0,1,0.1,0,2
3,41,3.0,2,0.2,0,3
100,41,84.0,48,4.8,16,84
200,41,175.0,95,9.5,25,175
2000,41,1780.0,445,44.5,220,1780
10000,41,8952.0,807,80.7,1048,8952
20000,41,17938.0,865,86.5,2062,17938
40000,41,35921.0,882,88.2,4079,35921
60000,41,53846.0,908,90.8,6154,53846
80000,41,71798.0,920,92.0,8202,71798
100000,41,89788.0,920,92.0,10212,89788
2,42,2.0,1,0.1,0,2
3,42,3.0,2,0.2,0,3
100,42,87.0,50,5.0,13,87
200,42,168.0,95,9.5,32,168
2000,42,1747.0,485,48.5,253,1747
10000,42,8935.0,828,82.8,1065,8935
20000,42,17932.0,910,91.0,2068,17932
40000,42,35912.0,1049,104.9,4088,35912
60000,42,53968.0,1092,109.2,6032,53968
80000,42,71990.0,1098,109.8,8010,71990
100000,42,90027.0,1099,109.9,9973,90027
2,43,2.0,1,0.1,0,2
3,43,3.0,2,0.2,0,3
100,43,86.0,49,4.9,14,86
200,43,172.0,99,9.9,28,172
2000,43,1749.0,480,48.0,251,1749
10000,43,8956.0,710,71.0,1044,8956
20000,43,17917.0,774,77.4,2083,17917
40000,43,35908.0,814,81.4,4092,35908
60000,43,53809.0,873,87.3,6191,53809
80000,43,71760.0,887,88.7,8240,71760
100000,43,89802.0,887,88.7,10198,89802
2,44,2.0,1,0.1,0,2
3,44,3.0,2,0.2,0,3
100,44,83.0,48,4.8,17,83
200,44,174.0,93,9.3,26,174
2000,44,1751.0,399,39.9,249,1751
10000,44,8872.0,726,72.6,1128,8872
20000,44,17885.0,820,82.0,2115,17885
40000,44,35880.0,857,85.7,4120,35880
60000,44,53842.0,888,88.8,6158,53842
80000,44,71860.0,889,88.9,8140,71860
100000,44,89784.0,900,90.0,10216,89784
2,45,2.0,1,0.1,0,2
3,45,3.0,2,0.2,0,3
100,45,88.0,50,5.0,12,88
200,45,171.0,96,9.6,29,171
2000,45,1755.0,495,49.5,245,1755
10000,45,8919.0,850,85.0,1081,8919
20000,45,17852.0,902,90.2,2148,17852
40000,45,35856.0,949,94.9,4144,35856
60000,45,53874.0,953,95.3,6126,53874
80000,45,71886.0,965,96.5,8114,71886
100000,45,89851.0,994,99.4,10149,89851
2,46,2.0,1,0.1,0,2
3,46,2.0,2,0.2,1,2
100,46,84.0,48,4.8,16,84
200,46,170.0,95,9.5,30,170
2000,46,1732.0,657,65.7,268,1732
10000,46,8900.0,1019,101.9,1100,8900
20000,46,17977.0,1097,109.7,2023,17977
40000,46,35955.0,1178,117.8,4045,35955
60000,46,53968.0,1240,124.0,6032,53968
80000,46,71980.0,1244,124.4,8020,71980
100000,46,89933.0,1259,125.9,10067,89933
2,47,2.0,1,0.1,0,2
3,47,2.0,2,0.2,1,2
100,47,85.0,49,4.9,15,85
200,47,169.0,93,9.3,31,169
2000,47,1729.0,533,53.3,271,1729
10000,47,8949.0,839,83.9,1051,8949
20000,47,17933.0,928,92.8,2067,17933
40000,47,35895.0,997,99.7,4105,35895
60000,47,53872.0,1058,105.8,6128,53872
80000,47,71961.0,1058,105.8,8039,71961
100000,47,89963.0,1060,106.0,10037,89963
2,48,1.0,1,0.1,1,1
3,48,1.0,2,0.2,2,1
100,48,83.0,47,4.7,17,83
200,48,166.0,88,8.8,34,166
2000,48,1736.0,341,34.1,264,1736
10000,48,8910.0,499,49.9,1090,8910
20000,48,17914.0,537,53.7,2086,17914
40000,48,35915.0,569,56.9,4085,35915
60000,48,53891.0,573,57.3,6109,53891
80000,48,71905.0,586,58.6,8095,71905
100000,48,89897.0,586,58.6,10103,89897
2,49,2.0,1,0.1,0,2
3,49,2.0,2,0.2,1,2
100,49,89.0,49,4.9,11,89
200,49,174.0,84,8.4,26,174
2000,49,1762.0,454,45.4,238,1762
10000,49,8968.0,904,90.4,1032,8968
20000,49,17970.0,980,98.0,2030,17970
40000,49,36008.0,1053,105.3,3992,36008
60000,49,54083.0,1055,105.5,5917,54083
80000,49,72121.0,1088,108.8,7879,72121
100000,49,90137.0,1105,110.5,9863,90137
2,50,2.0,1,0.1,0,2
3,50,3.0,2,0.2,0,3
100,50,82.0,45,4.5,18,82
200,50,171.0,92,9.2,29,171
2000,50,1765.0,497,49.7,235,1765
10000,50,9011.0,681,68.1,989,9011
20000,50,17987.0,771,77.1,2013,17987
40000,50,36011.0,821,82.1,3989,36011
60000,50,53999.0,839,83.9,6001,53999
80000,50,72030.0,850,85.0,7970,72030
100000,50,90004.0,884,88.4,9996,90004
2,51,1.0,1,0.1,1,1
3,51,2.0,1,0.1,1,2
100,51,81.0,43,4.3,19,81
200,51,166.0,85,8.5,34,166
2000,51,1738.0,400,40.0,262,1738
10000,51,8965.0,517,51.7,1035,8965
20000,51,17931.0,796,79.6,2069,17931
40000,51,35920.0,848,84.8,4080,35920
60000,51,53955.0,857,85.7,6045,53955
80000,51,71937.0,864,86.4,8063,71937
100000,51,89918.0,869,86.9,10082,89918
2,52,1.0,1,0.1,1,1
3,52,1.0,1,0.1,2,1
100,52,90.0,50,5.0,10,90
200,52,175.0,95,9.5,25,175
2000,52,1791.0,454,45.4,209,1791
10000,52,8965.0,733,73.3,1035,8965
20000,52,17981.0,829,82.9,2019,17981
40000,52,35894.0,903,90.3,4106,35894
60000,52,53881.0,997,99.7,6119,53881
80000,52,71865.0,1033,103.3,8135,71865
100000,52,89876.0,1038,103.8,10124,89876
2,53,2.0,1,0.1,0,2
3,53,3.0,2,0.2,0,3
100,53,79.0,52,5.2,21,79
200,53,165.0,96,9.6,35,165
2000,53,1715.0,535,53.5,285,1715
10000,53,8902.0,754,75.4,1098,8902
20000,53,17899.0,805,80.5,2101,17899
40000,53,35917.0,831,83.1,4083,35917
60000,53,53823.0,870,87.0,6177,53823
80000,53,71776.0,947,94.7,8224,71776
100000,53,89812.0,950,95.0,10188,89812
2,54,1.0,1,0.1,1,1
3,54,1.0,1,0.1,2,1
100,54,86.0,51,5.1,14,86
200,54,173.0,97,9.7,27,173
2000,54,1782.0,472,47.2,218,1782
10000,54,8985.0,934,93.4,1015,8985
20000,54,17980.0,1087,108.7,2020,17980
40000,54,36034.0,1166,116.6,3966,36034
60000,54,54020.0,1191,119.1,5980,54020
80000,54,72006.0,1226,122.6,7994,72006
100000,54,89987.0,1314,131.4,10013,89987
2,55,2.0,1,0.1,0,2
3,55,3.0,2,0.2,0,3
100,55,81.0,49,4.9,19,81
200,55,162.0,97,9.7,38,162
2000,55,1745.0,398,39.8,255,1745
10000,55,8941.0,744,74.4,1059,8941
20000,55,17902.0,897,89.7,2098,17902
40000,55,35898.0,918,91.8,4102,35898
60000,55,53887.0,927,92.7,6113,53887
80000,55,71872.0,947,94.7,8128,71872
100000,55,89874.0,954,95.4,10126,89874
2,56,1.0,1,0.1,1,1
3,56,2.0,1,0.1,1,2
100,56,84.0,48,4.8,16,84
200,56,166.0,89,8.9,34,166
2000,56,1746.0,478,47.8,254,1746
10000,56,8919.0,754,75.4,1081,8919
20000,56,17933.0,792,79.2,2067,17933
40000,56,35980.0,840,84.0,4020,35980
60000,56,53978.0,853,85.3,6022,53978
80000,56,71915.0,864,86.4,8085,71915
100000,56,89973.0,881,88.1,10027,89973
2,57,1.0,1,0.1,1,1
3,57,2.0,1,0.1,1,2
100,57,87.0,48,4.8,13,87
200,57,176.0,92,9.2,24,176
2000,57,1757.0,457,45.7,243,1757
10000,57,8925.0,762,76.2,1075,8925
20000,57,17902.0,796,79.6,2098,17902
40000,57,35891.0,809,80.9,4109,35891
60000,57,53837.0,836,83.6,6163,53837
80000,57,71767.0,841,84.1,8233,71767
100000,57,89824.0,841,84.1,10176,89824
2,58,2.0,1,0.1,0,2
3,58,3.0,2,0.2,0,3
100,58,86.0,51,5.1,14,86
200,58,174.0,100,10.0,26,174
2000,58,1750.0,542,54.2,250,1750
10000,58,8899.0,963,96.3,1101,8899
20000,58,17907.0,1224,122.4,2093,17907
40000,58,35897.0,1320,132.0,4103,35897
60000,58,53974.0,1336,133.6,6026,53974
80000,58,71983.0,1352,135.2,8017,71983
100000,58,90084.0,1352,135.2,9916,90084
2,59,2.0,1,0.1,0,2
3,59,3.0,2,0.2,0,3
100,59,83.0,48,4.8,17,83
200,59,168.0,89,8.9,32,168
2000,59,1729.0,559,55.9,271,1729
10000,59,8919.0,821,82.1,1081,8919
20000,59,17915.0,955,95.5,2085,17915
40000,59,35837.0,1040,104.0,4163,35837
60000,59,53831.0,1104,110.4,6169,53831
80000,59,71753.0,1114,111.4,8247,71753
100000,59,89673.0,1132,113.2,10327,89673
2,60,2.0,1,0.1,0,2
3,60,2.0,2,0.2,1,2
100,60,82.0,47,4.7,18,82
200,60,163.0,92,9.2,37,163
2000,60,1741.0,512,51.2,259,1741
10000,60,8962.0,730,73.0,1038,8962
20000,60,17987.0,775,77.5,2013,17987
40000,60,35930.0,839,83.9,4070,35930
60000,60,53911.0,917,91.7,6089,53911
80000,60,71919.0,920,92.0,8081,71919
100000,60,89859.0,957,95.7,10141,89859
2,61,1.0,1,0.1,1,1
3,61,2.0,1,0.1,1,2
100,61,84.0,50,5.0,16,84
200,61,174.0,90,9.0,26,174
2000,61,1769.0,361,36.1,231,1769
10000,61,8990.0,480,48.0,1010,8990
20000,61,17964.0,580,58.0,2036,17964
40000,61,36038.0,647,64.7,3962,36038
60000,61,54051.0,661,66.1,5949,54051
80000,61,72048.0,731,73.1,7952,72048
100000,61,90102.0,757,75.7,9898,90102
2,62,1.0,1,0.1,1,1
3,62,2.0,1,0.1,1,2
100,62,77.0,48,4.8,23,77
200,62,162.0,94,9.4,38,162
2000,62,1753.0,480,48.0,247,1753
10000,62,8858.0,926,92.6,1142,8858
20000,62,17826.0,963,96.3,2174,17826
40000,62,35839.0,971,97.1,4161,35839
60000,62,53871.0,1023,102.3,6129,53871
80000,62,71869.0,1028,102.8,8131,71869
100000,62,89810.0,1038,103.8,10190,89810
2,63,2.0,1,0.1,0,2
3,63,3.0,2,0.2,0,3
100,63,85.0,47,4.7,15,85
200,63,175.0,85,8.5,25,175
2000,63,1742.0,439,43.9,258,1742
10000,63,8939.0,634,63.4,1061,8939
20000,63,17912.0,715,71.5,2088,17912
40000,63,35896.0,917,91.7,4104,35896
60000,63,53856.0,931,93.1,6144,53856
80000,63,71873.0,934,93.4,8127,71873
100000,63,89777.0,1029,102.9,10223,89777
2,64,1.0,1,0.1,1,1
3,64,2.0,1,0.1,1,2
100,64,83.0,47,4.7,17,83
200,64,167.0,89,8.9,33,167
2000,64,1745.0,434,43.4,255,1745
10000,64,8902.0,641,64.1,1098,8902
20000,64,17894.0,684,68.4,2106,17894
40000,64,35865.0,697,69.7,4135,35865
60000,64,53789.0,701,70.1,6211,53789
80000,64,71785.0,704,70.4,8215,71785
100000,64,89733.0,713,71.3,10267,89733
2,65,1.0,1,0.1,1,1
3,65,2.0,1,0.1,1,2
100,65,83.0,45,4.5,17,83
200,65,166.0,85,8.5,34,166
2000,65,1756.0,483,48.3,244,1756
10000,65,8948.0,703,70.3,1052,8948
20000,65,17936.0,834,83.4,2064,17936
40000,65,35963.0,857,85.7,4037,35963
60000,65,53965.0,867,86.7,6035,53965
80000,65,71965.0,869,86.9,8035,71965
100000,65,89956.0,871,87.1,10044,89956
2,66,2.0,1,0.1,0,2
3,66,2.0,2,0.2,1,2
100,66,85.0,50,5.0,15,85
200,66,170.0,98,9.8,30,170
2000,66,1747.0,444,44.4,253,1747
10000,66,8920.0,664,66.4,1080,8920
20000,66,17953.0,719,71.9,2047,17953
40000,66,35952.0,770,77.0,4048,35952
60000,66,53952.0,780,78.0,6048,53952
80000,66,71954.0,784,78.4,8046,71954
100000,66,89867.0,786,78.6,10133,89867
2,67,2.0,1,0.1,0,2
3,67,3.0,2,0.2,0,3
100,67,89.0,50,5.0,11,89
200,67,176.0,98,9.8,24,176
2000,67,1776.0,428,42.8,224,1776
10000,67,8987.0,687,68.7,1013,8987
20000,67,17972.0,753,75.3,2028,17972
40000,67,35891.0,914,91.4,4109,35891
60000,67,53903.0,920,92.0,6097,53903
80000,67,71930.0,928,92.8,8070,71930
100000,67,89896.0,933,93.3,10104,89896
2,68,2.0,1,0.1,0,2
3,68,3.0,2,0.2,0,3
100,68,87.0,48,4.8,13,87
200,68,176.0,92,9.2,24,176
2000,68,1781.0,413,41.3,219,1781
10000,68,8926.0,617,61.7,1074,8926
20000,68,17919.0,708,70.8,2081,17919
40000,68,35925.0,772,77.2,4075,35925
60000,68,53828.0,892,89.2,6172,53828
80000,68,71840.0,894,89.4,8160,71840
100000,68,89846.0,900,90.0,10154,89846
2,69,2.0,1,0.1,0,2
3,69,3.0,2,0.2,0,3
100,69,90.0,50,5.0,10,90
200,69,176.0,97,9.7,24,176
2000,69,1763.0,445,44.5,237,1763
10000,69,8951.0,606,60.6,1049,8951
20000,69,17922.0,710,71.0,2078,17922
40000,69,35866.0,766,76.6,4134,35866
60000,69,53885.0,766,76.6,6115,53885
80000,69,71920.0,767,76.7,8080,71920
100000,69,89945.0,768,76.8,10055,89945
2,70,2.0,1,0.1,0,2
3,70,3.0,2,0.2,0,3
100,70,84.0,45,4.5,16,84
200,70,166.0,83,8.3,34,166
2000,70,1764.0,466,46.6,236,1764
10000,70,8949.0,741,74.1,1051,8949
20000,70,17973.0,817,81.7,2027,17973
40000,70,35947.0,843,84.3,4053,35947
60000,70,53987.0,849,84.9,6013,53987
80000,70,71958.0,859,85.9,8042,71958
100000,70,89980.0,861,86.1,10020,89980
2,71,2.0,1,0.1,0,2
3,71,3.0,2,0.2,0,3
100,71,85.0,49,4.9,15,85
200,71,171.0,92,9.2,29,171
2000,71,1737.0,528,52.8,263,1737
10000,71,8914.0,773,77.3,1086,8914
20000,71,17942.0,803,80.3,2058,17942
40000,71,35876.0,829,82.9,4124,35876
60000,71,53886.0,880,88.0,6114,53886
80000,71,71861.0,881,88.1,8139,71861
100000,71,89802.0,883,88.3,10198,89802
2,72,2.0,1,0.1,0,2
3,72,3.0,2,0.2,0,3
100,72,86.0,50,5.0,14,86
200,72,175.0,97,9.7,25,175
2000,72,1789.0,404,40.4,211,1789
10000,72,8952.0,605,60.5,1048,8952
20000,72,17902.0,651,65.1,2098,17902
40000,72,35860.0,727,72.7,4140,35860
60000,72,53809.0,741,74.1,6191,53809
80000,72,71847.0,746,74.6,8153,71847
100000,72,89853.0,747,74.7,10147,89853
2,73,2.0,1,0.1,0,2
3,73,2.0,2,0.2,1,2
100,73,84.0,47,4.7,16,84
200,73,167.0,88,8.8,33,167
2000,73,1753.0,420,42.0,247,1753
10000,73,8897.0,668,66.8,1103,8897
20000,73,17942.0,735,73.5,2058,17942
40000,73,35926.0,821,82.1,4074,35926
60000,73,53936.0,833,83.3,6064,53936
80000,73,71875.0,835,83.5,8125,71875
100000,73,89973.0,835,83.5,10027,89973
2,74,2.0,1,0.1,0,2
3,74,3.0,2,0.2,0,3
100,74,87.0,48,4.8,13,87
200,74,175.0,91,9.1,25,175
2000,74,1768.0,571,57.1,232,1768
10000,74,8960.0,859,85.9,1040,8960
20000,74,17915.0,945,94.5,2085,17915
40000,74,35942.0,1082,108.2,4058,35942
60000,74,53972.0,1128,112.8,6028,53972
80000,74,72016.0,1129,112.9,7984,72016
100000,74,89968.0,1147,114.7,10032,89968
2,75,2.0,1,0.1,0,2
3,75,3.0,2,0.2,0,3
100,75,84.0,48,4.8,16,84
200,75,173.0,93,9.3,27,173
2000,75,1750.0,505,50.5,250,1750
10000,75,8938.0,869,86.9,1062,8938
20000,75,17889.0,1014,101.4,2111,17889
40000,75,35919.0,1049,104.9,4081,35919
60000,75,53917.0,1055,105.5,6083,53917
80000,75,71938.0,1059,105.9,8062,71938
100000,75,89875.0,1087,108.7,10125,89875
2,76,1.0,1,0.1,1,1
3,76,2.0,1,0.1,1,2
100,76,82.0,47,4.7,18,82
200,76,166.0,85,8.5,34,166
2000,76,1739.0,430,43.0,261,1739
10000,76,8884.0,685,68.5,1116,8884
20000,76,17861.0,719,71.9,2139,17861
40000,76,35945.0,722,72.2,4055,35945
60000,76,53931.0,769,76.9,6069,53931
80000,76,71929.0,792,79.2,8071,71929
100000,76,89907.0,815,81.5,10093,89907
2,77,2.0,1,0.1,0,2
3,77,3.0,2,0.2,0,3
100,77,89.0,49,4.9,11,89
200,77,177.0,94,9.4,23,177
2000,77,1757.0,527,52.7,243,1757
10000,77,8980.0,745,74.5,1020,8980
20000,77,17935.0,904,90.4,2065,17935
40000,77,35957.0,1006,100.6,4043,35957
60000,77,53983.0,1013,101.3,6017,53983
80000,77,71976.0,1031,103.1,8024,71976
100000,77,89967.0,1039,103.9,10033,89967
2,78,2.0,1,0.1,0,2
3,78,3.0,2,0.2,0,3
100,78,81.0,47,4.7,19,81
200,78,170.0,88,8.8,30,170
2000,78,1775.0,516,51.6,225,1775
10000,78,8942.0,892,89.2,1058,8942
20000,78,17935.0,978,97.8,2065,17935
40000,78,35893.0,1014,101.4,4107,35893
60000,78,53856.0,1050,105.0,6144,53856
80000,78,71846.0,1057,105.7,8154,71846
100000,78,89813.0,1081,108.1,10187,89813
2,79,1.0,1,0.1,1,1
3,79,2.0,2,0.2,1,2
100,79,86.0,47,4.7,14,86
200,79,168.0,89,8.9,32,168
2000,79,1727.0,451,45.1,273,1727
10000,79,8908.0,677,67.7,1092,8908
20000,79,17875.0,782,78.2,2125,17875
40000,79,35876.0,841,84.1,4124,35876
60000,79,53852.0,847,84.7,6148,53852
80000,79,71830.0,852,85.2,8170,71830
100000,79,89787.0,853,85.3,10213,89787
2,80,1.0,1,0.1,1,1
3,80,2.0,1,0.1,1,2
100,80,84.0,47,4.7,16,84
200,80,168.0,89,8.9,32,168
2000,80,1772.0,480,48.0,228,1772
10000,80,8910.0,814,81.4,1090,8910
20000,80,17924.0,865,86.5,2076,17924
40000,80,35919.0,915,91.5,4081,35919
60000,80,53833.0,934,93.4,6167,53833
80000,80,71779.0,959,95.9,8221,71779
100000,80,89831.0,959,95.9,10169,89831
2,81,2.0,1,0.1,0,2
3,81,3.0,2,0.2,0,3
100,81,86.0,49,4.9,14,86
200,81,174.0,94,9.4,26,174
2000,81,1762.0,494,49.4,238,1762
10000,81,8997.0,749,74.9,1003,8997
20000,81,17962.0,858,85.8,2038,17962
40000,81,35965.0,925,92.5,4035,35965
60000,81,53944.0,953,95.3,6056,53944
80000,81,71937.0,959,95.9,8063,71937
100000,81,89944.0,963,96.3,10056,89944
2,82,2.0,1,0.1,0,2
3,82,3.0,2,0.2,0,3
100,82,86.0,49,4.9,14,86
200,82,172.0,89,8.9,28,172
2000,82,1742.0,427,42.7,258,1742
10000,82,8883.0,670,67.0,1117,8883
20000,82,17831.0,745,74.5,2169,17831
40000,82,35834.0,784,78.4,4166,35834
60000,82,53854.0,792,79.2,6146,53854
80000,82,71828.0,799,79.9,8172,71828
100000,82,89784.0,806,80.6,10216,89784
2,83,2.0,1,0.1,0,2
3,83,3.0,2,0.2,0,3
100,83,83.0,51,5.1,17,83
200,83,170.0,95,9.5,30,170
2000,83,1755.0,421,42.1,245,1755
10000,83,8956.0,573,57.3,1044,8956
20000,83,17969.0,585,58.5,2031,17969
40000,83,35878.0,617,61.7,4122,35878
60000,83,53840.0,620,62.0,6160,53840
80000,83,71858.0,621,62.1,8142,71858
100000,83,89832.0,621,62.1,10168,89832
2,84,2.0,1,0.1,0,2
3,84,3.0,2,0.2,0,3
100,84,82.0,48,4.8,18,82
200,84,169.0,91,9.1,31,169
2000,84,1750.0,461,46.1,250,1750
10000,84,8908.0,794,79.4,1092,8908
20000,84,17941.0,814,81.4,2059,17941
40000,84,35849.0,880,88.0,4151,35849
60000,84,53847.0,886,88.6,6153,53847
80000,84,71914.0,886,88.6,8086,71914
100000,84,89947.0,887,88.7,10053,89947
2,85,1.0,1,0.1,1,1
3,85,2.0,1,0.1,1,2
100,85,89.0,49,4.9,11,89
200,85,172.0,95,9.5,28,172
2000,85,1772.0,481,48.1,228,1772
10000,85,8955.0,692,69.2,1045,8955
20000,85,17938.0,748,74.8,2062,17938
40000,85,35850.0,877,87.7,4150,35850
60000,85,53893.0,878,87.8,6107,53893
80000,85,71874.0,880,88.0,8126,71874
100000,85,89834.0,886,88.6,10166,89834
2,86,2.0,1,0.1,0,2
3,86,3.0,2,0.2,0,3
100,86,81.0,45,4.5,19,81
200,86,173.0,84,8.4,27,173
2000,86,1726.0,422,42.2,274,1726
10000,86,8908.0,678,67.8,1092,8908
20000,86,17880.0,803,80.3,2120,17880
40000,86,35883.0,825,82.5,4117,35883
60000,86,53979.0,825,82.5,6021,53979
80000,86,72026.0,825,82.5,7974,72026
100000,86,90031.0,827,82.7,9969,90031
2,87,2.0,1,0.1,0,2
3,87,2.0,2,0.2,1,2
100,87,78.0,51,5.1,22,78
200,87,159.0,98,9.8,41,159
2000,87,1748.0,504,50.4,252,1748
10000,87,8958.0,792,79.2,1042,8958
20000,87,17940.0,942,94.2,2060,17940
40000,87,35887.0,1076,107.6,4113,35887
60000,87,53920.0,1086,108.6,6080,53920
80000,87,71989.0,1097,109.7,8011,71989
100000,87,89941.0,1099,109.9,10059,89941
2,88,1.0,1,0.1,1,1
3,88,2.0,1,0.1,1,2
100,88,84.0,49,4.9,16,84
200,88,171.0,99,9.9,29,171
2000,88,1754.0,502,50.2,246,1754
10000,88,8945.0,736,73.6,1055,8945
20000,88,17912.0,841,84.1,2088,17912
40000,88,35962.0,851,85.1,4038,35962
60000,88,53868.0,941,94.1,6132,53868
80000,88,71871.0,953,95.3,8129,71871
100000,88,89819.0,1000,100.0,10181,89819
2,89,2.0,1,0.1,0,2
3,89,3.0,2,0.2,0,3
100,89,84.0,47,4.7,16,84
200,89,168.0,89,8.9,32,168
2000,89,1757.0,343,34.3,243,1757
10000,89,8937.0,593,59.3,1063,8937
20000,89,17920.0,683,68.3,2080,17920
40000,89,35926.0,718,71.8,4074,35926
60000,89,53876.0,748,74.8,6124,53876
80000,89,71872.0,761,76.1,8128,71872
100000,89,89974.0,761,76.1,10026,89974
2,90,1.0,1,0.1,1,1
3,90,2.0,1,0.1,1,2
100,90,82.0,46,4.6,18,82
200,90,174.0,92,9.2,26,174
2000,90,1728.0,498,49.8,272,1728
10000,90,8947.0,882,88.2,1053,8947
20000,90,17952.0,1010,101.0,2048,17952
40000,90,35957.0,1102,110.2,4043,35957
60000,90,53999.0,1160,116.0,6001,53999
80000,90,71937.0,1168,116.8,8063,71937
100000,90,89894.0,1172,117.2,10106,89894
2,91,2.0,1,0.1,0,2
3,91,3.0,2,0.2,0,3
100,91,84.0,50,5.0,16,84
200,91,166.0,94,9.4,34,166
2000,91,1738.0,569,56.9,262,1738
10000,91,8914.0,916,91.6,1086,8914
20000,91,17875.0,1050,105.0,2125,17875
40000,91,35869.0,1075,107.5,4131,35869
60000,91,53805.0,1103,110.3,6195,53805
80000,91,71795.0,1129,112.9,8205,71795
100000,91,89734.0,1130,113.0,10266,89734
2,92,2.0,1,0.1,0,2
3,92,3.0,2,0.2,0,3
100,92,86.0,47,4.7,14,86
200,92,169.0,86,8.6,31,169
2000,92,1730.0,458,45.8,270,1730
10000,92,8913.0,658,65.8,1087,8913
20000,92,17833.0,693,69.3,2167,17833
40000,92,35831.0,703,70.3,4169,35831
60000,92,53809.0,710,71.0,6191,53809
80000,92,71828.0,725,72.5,8172,71828
100000,92,89825.0,725,72.5,10175,89825
2,93,2.0,1,0.1,0,2
3,93,3.0,2,0.2,0,3
100,93,85.0,49,4.9,15,85
200,93,165.0,93,9.3,35,165
2000,93,1759.0,348,34.8,241,1759
10000,93,8934.0,608,60.8,1066,8934
20000,93,17974.0,711,71.1,2026,17974
40000,93,36042.0,782,78.2,3958,36042
60000,93,54011.0,818,81.8,5989,54011
80000,93,71973.0,820,82.0,8027,71973
100000,93,90047.0,822,82.2,9953,90047
2,94,2.0,1,0.1,0,2
3,94,3.0,2,0.2,0,3
100,94,89.0,50,5.0,11,89
200,94,172.0,91,9.1,28,172
2000,94,1775.0,389,38.9,225,1775
10000,94,8999.0,628,62.8,1001,8999
20000,94,18056.0,655,65.5,1944,18056
40000,94,36077.0,804,80.4,3923,36077
60000,94,54121.0,925,92.5,5879,54121
80000,94,72143.0,950,95.0,7857,72143
100000,94,90171.0,955,95.5,9829,90171
2,95,2.0,1,0.1,0,2
3,95,3.0,2,0.2,0,3
100,95,82.0,47,4.7,18,82
200,95,167.0,90,9.0,33,167
2000,95,1738.0,430,43.0,262,1738
10000,95,8877.0,660,66.0,1123,8877
20000,95,17903.0,693,69.3,2097,17903
40000,95,35838.0,721,72.1,4162,35838
60000,95,53833.0,739,73.9,6167,53833
80000,95,71794.0,742,74.2,8206,71794
100000,95,89802.0,749,74.9,10198,89802
2,96,1.0,1,0.1,1,1
3,96,2.0,1,0.1,1,2
100,96,85.0,49,4.9,15,85
200,96,166.0,86,8.6,34,166
2000,96,1768.0,469,46.9,232,1768
10000,96,8895.0,778,77.8,1105,8895
20000,96,17928.0,871,87.1,2072,17928
40000,96,35842.0,988,98.8,4158,35842
60000,96,53891.0,994,99.4,6109,53891
80000,96,71923.0,994,99.4,8077,71923
100000,96,89959.0,1005,100.5,10041,89959
2,97,2.0,1,0.1,0,2
3,97,3.0,2,0.2,0,3
100,97,82.0,50,5.0,18,82
200,97,166.0,92,9.2,34,166
2000,97,1758.0,442,44.2,242,1758
10000,97,8925.0,726,72.6,1075,8925
20000,97,17924.0,744,74.4,2076,17924
40000,97,35921.0,764,76.4,4079,35921
60000,97,53976.0,765,76.5,6024,53976
80000,97,71989.0,784,78.4,8011,71989
100000,97,89971.0,789,78.9,10029,89971
2,98,2.0,1,0.1,0,2
3,98,3.0,2,0.2,0,3
100,98,84.0,47,4.7,16,84
200,98,172.0,88,8.8,28,172
2000,98,1762.0,426,42.6,238,1762
10000,98,8954.0,640,64.0,1046,8954
20000,98,17957.0,699,69.9,2043,17957
40000,98,35866.0,743,74.3,4134,35866
60000,98,53820.0,765,76.5,6180,53820
80000,98,71819.0,766,76.6,8181,71819
100000,98,89873.0,766,76.6,10127,89873
2,99,2.0,1,0.1,0,2
3,99,3.0,2,0.2,0,3
100,99,92.0,50,5.0,8,92
200,99,178.0,95,9.5,22,178
2000,99,1757.0,533,53.3,243,1757
10000,99,8959.0,858,85.8,1041,8959
20000,99,17997.0,985,98.5,2003,17997
40000,99,35946.0,1031,103.1,4054,35946
60000,99,53870.0,1062,106.2,6130,53870
80000,99,71896.0,1089,108.9,8104,71896
100000,99,89898.0,1105,110.5,10102,89898
2,100,2.0,1,0.1,0,2
3,100,3.0,2,0.2,0,3
100,100,83.0,49,4.9,17,83
200,100,166.0,100,10.0,34,166
2000,100,1741.0,434,43.4,259,1741
10000,100,8865.0,826,82.6,1135,8865
20000,100,17883.0,852,85.2,2117,17883
40000,100,35902.0,950,95.0,4098,35902
60000,100,53860.0,1024,102.4,6140,53860
80000,100,71951.0,1024,102.4,8049,71951
100000,100,89978.0,1024,102.4,10022,89978
