Timestep,Iteration,Total Reward,Suboptimal Arms,Total Regret,Zeros Count,Ones Count
2,1,1.0,1,0.1,1,1
3,1,2.0,1,0.1,1,2
100,1,84.0,48,4.8,16,84
200,1,168.0,89,8.9,32,168
2000,1,1737.0,482,48.2,263,1737
10000,1,8922.0,824,82.4,1078,8922
20000,1,17950.0,944,94.4,2050,17950
40000,1,35992.0,1020,102.0,4008,35992
60000,1,53936.0,1050,105.0,6064,53936
80000,1,71924.0,1063,106.3,8076,71924
100000,1,89923.0,1064,106.4,10077,89923
2,2,2.0,1,0.1,0,2
3,2,3.0,1,0.1,0,3
100,2,85.0,47,4.7,15,85
200,2,167.0,86,8.6,33,167
2000,2,1734.0,514,51.4,266,1734
10000,2,8883.0,754,75.4,1117,8883
20000,2,17848.0,823,82.3,2152,17848
40000,2,35820.0,839,83.9,4180,35820
60000,2,53797.0,874,87.4,6203,53797
80000,2,71819.0,925,92.5,8181,71819
100000,2,89901.0,925,92.5,10099,89901
2,3,2.0,1,0.1,0,2
3,3,3.0,1,0.1,0,3
100,3,91.0,50,5.0,9,91
200,3,173.0,90,9.0,27,173
2000,3,1763.0,401,40.1,237,1763
10000,3,8938.0,736,73.6,1062,8938
20000,3,17975.0,801,80.1,2025,17975
40000,3,36014.0,871,87.1,3986,36014
60000,3,54012.0,898,89.8,5988,54012
80000,3,72032.0,900,90.0,7968,72032
100000,3,89974.0,916,91.6,10026,89974
2,4,2.0,1,0.1,0,2
3,4,3.0,1,0.1,0,3
100,4,85.0,48,4.8,15,85
200,4,173.0,94,9.4,27,173
2000,4,1740.0,546,54.6,260,1740
10000,4,8938.0,765,76.5,1062,8938
20000,4,17964.0,779,77.9,2036,17964
40000,4,36009.0,816,81.6,3991,36009
60000,4,54008.0,860,86.0,5992,54008
80000,4,72012.0,873,87.3,7988,72012
100000,4,90013.0,882,88.2,9987,90013
2,5,2.0,1,0.1,0,2
3,5,3.0,1,0.1,0,3
100,5,88.0,49,4.9,12,88
200,5,179.0,94,9.4,21,179
2000,5,1779.0,368,36.8,221,1779
10000,5,8958.0,722,72.2,1042,8958
20000,5,17962.0,756,75.6,2038,17962
40000,5,35914.0,864,86.4,4086,35914
60000,5,53796.0,924,92.4,6204,53796
80000,5,71740.0,925,92.5,8260,71740
100000,5,89789.0,931,93.1,10211,89789
2,6,1.0,1,0.1,1,1
3,6,2.0,1,0.1,1,2
100,6,84.0,48,4.8,16,84
200,6,172.0,89,8.9,28,172
2000,6,1792.0,349,34.9,208,1792
10000,6,8983.0,550,55.0,1017,8983
20000,6,17971.0,790,79.0,2029,17971
40000,6,36044.0,795,79.5,3956,36044
60000,6,54069.0,807,80.7,5931,54069
80000,6,72023.0,810,81.0,7977,72023
100000,6,89963.0,812,81.2,10037,89963
2,7,2.0,1,0.1,0,2
3,7,3.0,1,0.1,0,3
100,7,82.0,48,4.8,18,82
200,7,164.0,87,8.7,36,164
2000,7,1769.0,348,34.8,231,1769
10000,7,8937.0,500,50.0,1063,8937
20000,7,17888.0,539,53.9,2112,17888
40000,7,35881.0,550,55.0,4119,35881
60000,7,53834.0,573,57.3,6166,53834
80000,7,71840.0,575,57.5,8160,71840
100000,7,89798.0,575,57.5,10202,89798
2,8,2.0,1,0.1,0,2
3,8,3.0,1,0.1,0,3
100,8,83.0,47,4.7,17,83
200,8,169.0,91,9.1,31,169
2000,8,1749.0,418,41.8,251,1749
10000,8,8951.0,762,76.2,1049,8951
20000,8,17934.0,911,91.1,2066,17934
40000,8,35843.0,974,97.4,4157,35843
60000,8,53819.0,1008,100.8,6181,53819
80000,8,71842.0,1008,100.8,8158,71842
100000,8,89931.0,1008,100.8,10069,89931
2,9,2.0,1,0.1,0,2
3,9,3.0,1,0.1,0,3
100,9,89.0,50,5.0,11,89
200,9,179.0,96,9.6,21,179
2000,9,1746.0,466,46.6,254,1746
10000,9,8988.0,667,66.7,1012,8988
20000,9,17960.0,814,81.4,2040,17960
40000,9,35960.0,935,93.5,4040,35960
60000,9,53962.0,959,95.9,6038,53962
80000,9,71940.0,986,98.6,8060,71940
100000,9,89936.0,991,99.1,10064,89936
2,10,2.0,1,0.1,0,2
3,10,3.0,1,0.1,0,3
100,10,87.0,49,4.9,13,87
200,10,169.0,83,8.3,31,169
2000,10,1764.0,479,47.9,236,1764
10000,10,8965.0,679,67.9,1035,8965
20000,10,18001.0,707,70.7,1999,18001
40000,10,36053.0,732,73.2,3947,36053
60000,10,54060.0,753,75.3,5940,54060
80000,10,72002.0,767,76.7,7998,72002
100000,10,90020.0,805,80.5,9980,90020
2,11,2.0,1,0.1,0,2
3,11,3.0,1,0.1,0,3
100,11,88.0,49,4.9,12,88
200,11,166.0,89,8.9,34,166
2000,11,1740.0,464,46.4,260,1740
10000,11,8883.0,657,65.7,1117,8883
20000,11,17861.0,696,69.6,2139,17861
40000,11,35867.0,726,72.6,4133,35867
60000,11,53918.0,728,72.8,6082,53918
80000,11,71969.0,740,74.0,8031,71969
100000,11,89882.0,753,75.3,10118,89882
2,12,2.0,1,0.1,0,2
3,12,3.0,1,0.1,0,3
100,12,82.0,46,4.6,18,82
200,12,170.0,84,8.4,30,170
2000,12,1749.0,364,36.4,251,1749
10000,12,9000.0,545,54.5,1000,9000
20000,12,17979.0,574,57.4,2021,17979
40000,12,35976.0,636,63.6,4024,35976
60000,12,53973.0,640,64.0,6027,53973
80000,12,71954.0,652,65.2,8046,71954
100000,12,89999.0,652,65.2,10001,89999
2,13,2.0,1,0.1,0,2
3,13,3.0,1,0.1,0,3
100,13,87.0,48,4.8,13,87
200,13,174.0,93,9.3,26,174
2000,13,1772.0,472,47.2,228,1772
10000,13,8911.0,836,83.6,1089,8911
20000,13,17920.0,935,93.5,2080,17920
40000,13,35892.0,982,98.2,4108,35892
60000,13,53868.0,987,98.7,6132,53868
80000,13,71834.0,995,99.5,8166,71834
100000,13,89856.0,996,99.6,10144,89856
2,14,2.0,1,0.1,0,2
3,14,3.0,1,0.1,0,3
100,14,89.0,50,5.0,11,89
200,14,177.0,90,9.0,23,177
2000,14,1758.0,476,47.6,242,1758
10000,14,8942.0,689,68.9,1058,8942
20000,14,17928.0,737,73.7,2072,17928
40000,14,35937.0,745,74.5,4063,35937
60000,14,53939.0,763,76.3,6061,53939
80000,14,71833.0,807,80.7,8167,71833
100000,14,89825.0,811,81.1,10175,89825
2,15,1.0,1,0.1,1,1
3,15,2.0,1,0.1,1,2
100,15,84.0,46,4.6,16,84
200,15,165.0,87,8.7,35,165
2000,15,1758.0,449,44.9,242,1758
10000,15,8904.0,720,72.0,1096,8904
20000,15,17901.0,842,84.2,2099,17901
40000,15,35890.0,882,88.2,4110,35890
60000,15,53886.0,891,89.1,6114,53886
80000,15,71848.0,894,89.4,8152,71848
100000,15,89856.0,900,90.0,10144,89856
2,16,2.0,1,0.1,0,2
3,16,3.0,1,0.1,0,3
100,16,89.0,49,4.9,11,89
200,16,170.0,95,9.5,30,170
2000,16,1761.0,423,42.3,239,1761
10000,16,8943.0,600,60.0,1057,8943
20000,16,17910.0,659,65.9,2090,17910
40000,16,35877.0,672,67.2,4123,35877
60000,16,53862.0,686,68.6,6138,53862
80000,16,71841.0,706,70.6,8159,71841
100000,16,89876.0,706,70.6,10124,89876
2,17,2.0,1,0.1,0,2
3,17,3.0,1,0.1,0,3
100,17,89.0,49,4.9,11,89
200,17,175.0,93,9.3,25,175
2000,17,1771.0,444,44.4,229,1771
10000,17,8929.0,912,91.2,1071,8929
20000,17,17954.0,951,95.1,2046,17954
40000,17,35991.0,994,99.4,4009,35991
60000,17,53945.0,1043,104.3,6055,53945
80000,17,71939.0,1046,104.6,8061,71939
100000,17,89945.0,1073,107.3,10055,89945
2,18,2.0,1,0.1,0,2
3,18,3.0,1,0.1,0,3
100,18,83.0,45,4.5,17,83
200,18,170.0,85,8.5,30,170
2000,18,1763.0,359,35.9,237,1763
10000,18,8956.0,496,49.6,1044,8956
20000,18,17931.0,585,58.5,2069,17931
40000,18,35981.0,615,61.5,4019,35981
60000,18,53934.0,699,69.9,6066,53934
80000,18,71950.0,700,70.0,8050,71950
100000,18,90011.0,710,71.0,9989,90011
2,19,2.0,1,0.1,0,2
3,19,3.0,1,0.1,0,3
100,19,91.0,49,4.9,9,91
200,19,175.0,97,9.7,25,175
2000,19,1740.0,566,56.6,260,1740
10000,19,8873.0,931,93.1,1127,8873
20000,19,17913.0,971,97.1,2087,17913
40000,19,35954.0,994,99.4,4046,35954
60000,19,53960.0,1019,101.9,6040,53960
80000,19,72021.0,1021,102.1,7979,72021
100000,19,89992.0,1057,105.7,10008,89992
2,20,1.0,1,0.1,1,1
3,20,2.0,2,0.2,1,2
100,20,81.0,46,4.6,19,81
200,20,166.0,89,8.9,34,166
2000,20,1755.0,502,50.2,245,1755
10000,20,8918.0,900,90.0,1082,8918
20000,20,17887.0,967,96.7,2113,17887
40000,20,35860.0,997,99.7,4140,35860
60000,20,53842.0,1136,113.6,6158,53842
80000,20,71784.0,1139,113.9,8216,71784
100000,20,89784.0,1140,114.0,10216,89784
2,21,1.0,1,0.1,1,1
3,21,2.0,1,0.1,1,2
100,21,87.0,49,4.9,13,87
200,21,177.0,96,9.6,23,177
2000,21,1777.0,448,44.8,223,1777
10000,21,8962.0,744,74.4,1038,8962
20000,21,17987.0,806,80.6,2013,17987
40000,21,35899.0,854,85.4,4101,35899
60000,21,53916.0,857,85.7,6084,53916
80000,21,71889.0,878,87.8,8111,71889
100000,21,89894.0,879,87.9,10106,89894
2,22,1.0,1,0.1,1,1
3,22,2.0,1,0.1,1,2
100,22,85.0,49,4.9,15,85
200,22,173.0,91,9.1,27,173
2000,22,1772.0,391,39.1,228,1772
10000,22,8958.0,703,70.3,1042,8958
20000,22,17993.0,740,74.0,2007,17993
40000,22,36028.0,766,76.6,3972,36028
60000,22,54037.0,774,77.4,5963,54037
80000,22,72005.0,779,77.9,7995,72005
100000,22,90016.0,779,77.9,9984,90016
2,23,2.0,1,0.1,0,2
3,23,3.0,1,0.1,0,3
100,23,86.0,49,4.9,14,86
200,23,173.0,91,9.1,27,173
2000,23,1765.0,443,44.3,235,1765
10000,23,8942.0,872,87.2,1058,8942
20000,23,17916.0,920,92.0,2084,17916
40000,23,35883.0,949,94.9,4117,35883
60000,23,53919.0,961,96.1,6081,53919
80000,23,71918.0,974,97.4,8082,71918
100000,23,89930.0,976,97.6,10070,89930
2,24,2.0,1,0.1,0,2
3,24,3.0,1,0.1,0,3
100,24,88.0,49,4.9,12,88
200,24,173.0,95,9.5,27,173
2000,24,1769.0,515,51.5,231,1769
10000,24,8926.0,890,89.0,1074,8926
20000,24,17939.0,922,92.2,2061,17939
40000,24,35935.0,951,95.1,4065,35935
60000,24,53881.0,970,97.0,6119,53881
80000,24,71866.0,971,97.1,8134,71866
100000,24,89844.0,972,97.2,10156,89844
2,25,1.0,1,0.1,1,1
3,25,2.0,2,0.2,1,2
100,25,84.0,47,4.7,16,84
200,25,170.0,91,9.1,30,170
2000,25,1723.0,558,55.8,277,1723
10000,25,8883.0,837,83.7,1117,8883
20000,25,17846.0,906,90.6,2154,17846
40000,25,35828.0,935,93.5,4172,35828
60000,25,53831.0,941,94.1,6169,53831
80000,25,71800.0,954,95.4,8200,71800
100000,25,89780.0,972,97.2,10220,89780
2,26,2.0,1,0.1,0,2
3,26,3.0,1,0.1,0,3
100,26,91.0,49,4.9,9,91
200,26,171.0,94,9.4,29,171
2000,26,1749.0,486,48.6,251,1749
10000,26,8948.0,679,67.9,1052,8948
20000,26,17948.0,843,84.3,2052,17948
40000,26,35880.0,899,89.9,4120,35880
60000,26,53945.0,901,90.1,6055,53945
80000,26,71879.0,917,91.7,8121,71879
100000,26,89854.0,921,92.1,10146,89854
2,27,2.0,1,0.1,0,2
3,27,3.0,1,0.1,0,3
100,27,84.0,48,4.8,16,84
200,27,172.0,91,9.1,28,172
2000,27,1759.0,480,48.0,241,1759
10000,27,8891.0,857,85.7,1109,8891
20000,27,17877.0,882,88.2,2123,17877
40000,27,35845.0,940,94.0,4155,35845
60000,27,53858.0,974,97.4,6142,53858
80000,27,71894.0,990,99.0,8106,71894
100000,27,89869.0,990,99.0,10131,89869
2,28,2.0,1,0.1,0,2
3,28,3.0,1,0.1,0,3
100,28,86.0,47,4.7,14,86
200,28,171.0,79,7.9,29,171
2000,28,1741.0,456,45.6,259,1741
10000,28,8910.0,811,81.1,1090,8910
20000,28,17929.0,944,94.4,2071,17929
40000,28,35956.0,1006,100.6,4044,35956
60000,28,53933.0,1031,103.1,6067,53933
80000,28,71884.0,1046,104.6,8116,71884
100000,28,89943.0,1048,104.8,10057,89943
2,29,0.0,1,0.1,2,0
3,29,0.0,1,0.1,3,0
100,29,87.0,50,5.0,13,87
200,29,173.0,95,9.5,27,173
2000,29,1726.0,494,49.4,274,1726
10000,29,8921.0,628,62.8,1079,8921
20000,29,17907.0,695,69.5,2093,17907
40000,29,35894.0,747,74.7,4106,35894
60000,29,53866.0,752,75.2,6134,53866
80000,29,71831.0,753,75.3,8169,71831
100000,29,89790.0,789,78.9,10210,89790
2,30,2.0,1,0.1,0,2
3,30,3.0,1,0.1,0,3
100,30,86.0,48,4.8,14,86
200,30,169.0,93,9.3,31,169
2000,30,1758.0,492,49.2,242,1758
10000,30,8919.0,736,73.6,1081,8919
20000,30,17846.0,901,90.1,2154,17846
40000,30,35889.0,907,90.7,4111,35889
60000,30,53883.0,917,91.7,6117,53883
80000,30,71883.0,939,93.9,8117,71883
100000,30,89826.0,942,94.2,10174,89826
2,31,1.0,1,0.1,1,1
3,31,2.0,1,0.1,1,2
100,31,86.0,50,5.0,14,86
200,31,164.0,94,9.4,36,164
2000,31,1768.0,423,42.3,232,1768
10000,31,8903.0,760,76.0,1097,8903
20000,31,17890.0,795,79.5,2110,17890
40000,31,35944.0,804,80.4,4056,35944
60000,31,53955.0,809,80.9,6045,53955
80000,31,71990.0,811,81.1,8010,71990
100000,31,89992.0,816,81.6,10008,89992
2,32,2.0,1,0.1,0,2
3,32,3.0,1,0.1,0,3
100,32,89.0,49,4.9,11,89
200,32,177.0,90,9.0,23,177
2000,32,1748.0,482,48.2,252,1748
10000,32,8932.0,816,81.6,1068,8932
20000,32,17931.0,900,90.0,2069,17931
40000,32,35934.0,926,92.6,4066,35934
60000,32,53916.0,946,94.6,6084,53916
80000,32,71966.0,947,94.7,8034,71966
100000,32,89957.0,987,98.7,10043,89957
2,33,2.0,1,0.1,0,2
3,33,3.0,1,0.1,0,3
100,33,86.0,48,4.8,14,86
200,33,174.0,94,9.4,26,174
2000,33,1755.0,446,44.6,245,1755
10000,33,8949.0,726,72.6,1051,8949
20000,33,17988.0,766,76.6,2012,17988
40000,33,36048.0,795,79.5,3952,36048
60000,33,54068.0,803,80.3,5932,54068
80000,33,72128.0,840,84.0,7872,72128
100000,33,90156.0,852,85.2,9844,90156
2,34,2.0,1,0.1,0,2
3,34,3.0,1,0.1,0,3
100,34,86.0,48,4.8,14,86
200,34,172.0,93,9.3,28,172
2000,34,1751.0,456,45.6,249,1751
10000,34,8928.0,647,64.7,1072,8928
20000,34,17932.0,740,74.0,2068,17932
40000,34,35815.0,862,86.2,4185,35815
60000,34,53751.0,900,90.0,6249,53751
80000,34,71735.0,924,92.4,8265,71735
100000,34,89779.0,924,92.4,10221,89779
2,35,2.0,1,0.1,0,2
3,35,3.0,1,0.1,0,3
100,35,90.0,49,4.9,10,90
200,35,184.0,96,9.6,16,184
2000,35,1774.0,457,45.7,226,1774
10000,35,8896.0,940,94.0,1104,8896
20000,35,17878.0,1027,102.7,2122,17878
40000,35,35884.0,1043,104.3,4116,35884
60000,35,53804.0,1089,108.9,6196,53804
80000,35,71787.0,1090,109.0,8213,71787
100000,35,89761.0,1093,109.3,10239,89761
2,36,2.0,1,0.1,0,2
3,36,3.0,1,0.1,0,3
100,36,86.0,47,4.7,14,86
200,36,171.0,89,8.9,29,171
2000,36,1766.0,427,42.7,234,1766
10000,36,9003.0,738,73.8,997,9003
20000,36,17981.0,835,83.5,2019,17981
40000,36,35983.0,898,89.8,4017,35983
60000,36,53976.0,944,94.4,6024,53976
80000,36,71989.0,950,95.0,8011,71989
100000,36,89891.0,981,98.1,10109,89891
2,37,2.0,1,0.1,0,2
3,37,3.0,1,0.1,0,3
100,37,84.0,48,4.8,16,84
200,37,172.0,89,8.9,28,172
2000,37,1771.0,398,39.8,229,1771
10000,37,8957.0,640,64.0,1043,8957
20000,37,17926.0,677,67.7,2074,17926
40000,37,35987.0,693,69.3,4013,35987
60000,37,54009.0,720,72.0,5991,54009
80000,37,72007.0,742,74.2,7993,72007
100000,37,90006.0,743,74.3,9994,90006
2,38,2.0,1,0.1,0,2
3,38,3.0,1,0.1,0,3
100,38,89.0,50,5.0,11,89
200,38,167.0,97,9.7,33,167
2000,38,1764.0,407,40.7,236,1764
10000,38,8882.0,832,83.2,1118,8882
20000,38,17912.0,843,84.3,2088,17912
40000,38,35927.0,903,90.3,4073,35927
60000,38,53914.0,933,93.3,6086,53914
80000,38,71819.0,957,95.7,8181,71819
100000,38,89781.0,959,95.9,10219,89781
2,39,1.0,1,0.1,1,1
3,39,1.0,1,0.1,2,1
100,39,83.0,47,4.7,17,83
200,39,170.0,91,9.1,30,170
2000,39,1750.0,538,53.8,250,1750
10000,39,8903.0,862,86.2,1097,8903
20000,39,17865.0,990,99.0,2135,17865
40000,39,35870.0,1003,100.3,4130,35870
60000,39,53875.0,1031,103.1,6125,53875
80000,39,71863.0,1035,103.5,8137,71863
100000,39,89815.0,1074,107.4,10185,89815
2,40,2.0,1,0.1,0,2
3,40,3.0,1,0.1,0,3
100,40,85.0,47,4.7,15,85
200,40,174.0,92,9.2,26,174
2000,40,1767.0,426,42.6,233,1767
10000,40,8902.0,760,76.0,1098,8902
20000,40,17917.0,824,82.4,2083,17917
40000,40,35852.0,851,85.1,4148,35852
60000,40,53806.0,951,95.1,6194,53806
80000,40,71835.0,951,95.1,8165,71835
100000,40,89806.0,957,95.7,10194,89806
2,41,2.0,1,0.1,0,2
3,41,3.0,1,0.1,0,3
100,41,84.0,46,4.6,16,84
200,41,169.0,92,9.2,31,169
2000,41,1762.0,381,38.1,238,1762
10000,41,8923.0,821,82.1,1077,8923
20000,41,17898.0,895,89.5,2102,17898
40000,41,35882.0,921,92.1,4118,35882
60000,41,53911.0,934,93.4,6089,53911
80000,41,71885.0,962,96.2,8115,71885
100000,41,89899.0,965,96.5,10101,89899
2,42,1.0,1,0.1,1,1
3,42,2.0,1,0.1,1,2
100,42,82.0,46,4.6,18,82
200,42,169.0,86,8.6,31,169
2000,42,1759.0,486,48.6,241,1759
10000,42,8907.0,883,88.3,1093,8907
20000,42,17975.0,904,90.4,2025,17975
40000,42,35971.0,936,93.6,4029,35971
60000,42,53947.0,973,97.3,6053,53947
80000,42,71903.0,976,97.6,8097,71903
100000,42,89911.0,985,98.5,10089,89911
2,43,2.0,1,0.1,0,2
3,43,2.0,1,0.1,1,2
100,43,85.0,50,5.0,15,85
200,43,176.0,100,10.0,24,176
2000,43,1760.0,604,60.4,240,1760
10000,43,8916.0,923,92.3,1084,8916
20000,43,17908.0,1044,104.4,2092,17908
40000,43,35860.0,1114,111.4,4140,35860
60000,43,53783.0,1142,114.2,6217,53783
80000,43,71769.0,1143,114.3,8231,71769
100000,43,89723.0,1150,115.0,10277,89723
2,44,2.0,1,0.1,0,2
3,44,3.0,1,0.1,0,3
100,44,88.0,49,4.9,12,88
200,44,171.0,92,9.2,29,171
2000,44,1751.0,493,49.3,249,1751
10000,44,8932.0,681,68.1,1068,8932
20000,44,17911.0,785,78.5,2089,17911
40000,44,35970.0,791,79.1,4030,35970
60000,44,53995.0,801,80.1,6005,53995
80000,44,72054.0,803,80.3,7946,72054
100000,44,90105.0,806,80.6,9895,90105
2,45,2.0,1,0.1,0,2
3,45,3.0,1,0.1,0,3
100,45,88.0,49,4.9,12,88
200,45,170.0,98,9.8,30,170
2000,45,1758.0,503,50.3,242,1758
10000,45,8917.0,841,84.1,1083,8917
20000,45,17919.0,893,89.3,2081,17919
40000,45,35956.0,951,95.1,4044,35956
60000,45,53857.0,1005,100.5,6143,53857
80000,45,71860.0,1030,103.0,8140,71860
100000,45,89856.0,1030,103.0,10144,89856
2,46,2.0,1,0.1,0,2
3,46,3.0,1,0.1,0,3
100,46,80.0,48,4.8,20,80
200,46,165.0,93,9.3,35,165
2000,46,1748.0,505,50.5,252,1748
10000,46,8938.0,715,71.5,1062,8938
20000,46,17943.0,758,75.8,2057,17943
40000,46,35903.0,813,81.3,4097,35903
60000,46,53905.0,825,82.5,6095,53905
80000,46,71844.0,830,83.0,8156,71844
100000,46,89833.0,832,83.2,10167,89833
2,47,2.0,1,0.1,0,2
3,47,3.0,1,0.1,0,3
100,47,89.0,49,4.9,11,89
200,47,181.0,94,9.4,19,181
2000,47,1762.0,446,44.6,238,1762
10000,47,8924.0,796,79.6,1076,8924
20000,47,17922.0,870,87.0,2078,17922
40000,47,35840.0,1052,105.2,4160,35840
60000,47,53792.0,1095,109.5,6208,53792
80000,47,71750.0,1098,109.8,8250,71750
100000,47,89819.0,1098,109.8,10181,89819
2,48,1.0,1,0.1,1,1
3,48,2.0,2,0.2,1,2
100,48,85.0,48,4.8,15,85
200,48,171.0,92,9.2,29,171
2000,48,1733.0,409,40.9,267,1733
10000,48,8941.0,663,66.3,1059,8941
20000,48,17870.0,831,83.1,2130,17870
40000,48,35863.0,861,86.1,4137,35863
60000,48,53857.0,891,89.1,6143,53857
80000,48,71836.0,893,89.3,8164,71836
100000,48,89870.0,893,89.3,10130,89870
2,49,2.0,1,0.1,0,2
3,49,3.0,1,0.1,0,3
100,49,85.0,49,4.9,15,85
200,49,167.0,95,9.5,33,167
2000,49,1760.0,436,43.6,240,1760
10000,49,8959.0,677,67.7,1041,8959
20000,49,17925.0,743,74.3,2075,17925
40000,49,36020.0,754,75.4,3980,36020
60000,49,53897.0,770,77.0,6103,53897
80000,49,71837.0,784,78.4,8163,71837
100000,49,89811.0,785,78.5,10189,89811
2,50,2.0,1,0.1,0,2
3,50,3.0,1,0.1,0,3
100,50,87.0,50,5.0,13,87
200,50,169.0,92,9.2,31,169
2000,50,1751.0,424,42.4,249,1751
10000,50,8940.0,874,87.4,1060,8940
20000,50,17924.0,962,96.2,2076,17924
40000,50,35870.0,1001,100.1,4130,35870
60000,50,53810.0,1074,107.4,6190,53810
80000,50,71806.0,1076,107.6,8194,71806
100000,50,89851.0,1076,107.6,10149,89851
2,51,2.0,1,0.1,0,2
3,51,3.0,1,0.1,0,3
100,51,88.0,48,4.8,12,88
200,51,173.0,94,9.4,27,173
2000,51,1768.0,524,52.4,232,1768
10000,51,8897.0,911,91.1,1103,8897
20000,51,17912.0,964,96.4,2088,17912
40000,51,36013.0,968,96.8,3987,36013
60000,51,54039.0,1008,100.8,5961,54039
80000,51,72008.0,1062,106.2,7992,72008
100000,51,89990.0,1073,107.3,10010,89990
2,52,1.0,1,0.1,1,1
3,52,2.0,2,0.2,1,2
100,52,90.0,50,5.0,10,90
200,52,172.0,92,9.2,28,172
2000,52,1766.0,454,45.4,234,1766
10000,52,8914.0,714,71.4,1086,8914
20000,52,17940.0,763,76.3,2060,17940
40000,52,35944.0,818,81.8,4056,35944
60000,52,53945.0,839,83.9,6055,53945
80000,52,71919.0,840,84.0,8081,71919
100000,52,90034.0,844,84.4,9966,90034
2,53,2.0,1,0.1,0,2
3,53,3.0,1,0.1,0,3
100,53,82.0,47,4.7,18,82
200,53,167.0,90,9.0,33,167
2000,53,1739.0,502,50.2,261,1739
10000,53,8918.0,847,84.7,1082,8918
20000,53,17932.0,902,90.2,2068,17932
40000,53,35978.0,948,94.8,4022,35978
60000,53,54052.0,972,97.2,5948,54052
80000,53,72016.0,994,99.4,7984,72016
100000,53,90096.0,994,99.4,9904,90096
2,54,2.0,1,0.1,0,2
3,54,3.0,1,0.1,0,3
100,54,80.0,52,5.2,20,80
200,54,171.0,105,10.5,29,171
2000,54,1725.0,688,68.8,275,1725
10000,54,8871.0,1157,115.7,1129,8871
20000,54,17874.0,1208,120.8,2126,17874
40000,54,35913.0,1212,121.2,4087,35913
60000,54,53897.0,1229,122.9,6103,53897
80000,54,71913.0,1231,123.1,8087,71913
100000,54,89918.0,1233,123.3,10082,89918
2,55,1.0,1,0.1,1,1
3,55,2.0,1,0.1,1,2
100,55,83.0,49,4.9,17,83
200,55,167.0,90,9.0,33,167
2000,55,1745.0,515,51.5,255,1745
10000,55,8961.0,798,79.8,1039,8961
20000,55,17973.0,857,85.7,2027,17973
40000,55,35968.0,872,87.2,4032,35968
60000,55,53950.0,894,89.4,6050,53950
80000,55,71922.0,896,89.6,8078,71922
100000,55,89880.0,910,91.0,10120,89880
2,56,1.0,1,0.1,1,1
3,56,1.0,1,0.1,2,1
100,56,81.0,49,4.9,19,81
200,56,171.0,94,9.4,29,171
2000,56,1746.0,475,47.5,254,1746
10000,56,8969.0,747,74.7,1031,8969
20000,56,17969.0,802,80.2,2031,17969
40000,56,36004.0,854,85.4,3996,36004
60000,56,54034.0,871,87.1,5966,54034
80000,56,72077.0,903,90.3,7923,72077
100000,56,90114.0,904,90.4,9886,90114
2,57,2.0,1,0.1,0,2
3,57,3.0,1,0.1,0,3
100,57,84.0,49,4.9,16,84
200,57,169.0,96,9.6,31,169
2000,57,1742.0,582,58.2,258,1742
10000,57,8900.0,1021,102.1,1100,8900
20000,57,17860.0,1106,110.6,2140,17860
40000,57,35862.0,1172,117.2,4138,35862
60000,57,53812.0,1191,119.1,6188,53812
80000,57,71779.0,1251,125.1,8221,71779
100000,57,89794.0,1251,125.1,10206,89794
2,58,2.0,1,0.1,0,2
3,58,2.0,1,0.1,1,2
100,58,90.0,50,5.0,10,90
200,58,167.0,93,9.3,33,167
2000,58,1736.0,501,50.1,264,1736
10000,58,8905.0,830,83.0,1095,8905
20000,58,17922.0,928,92.8,2078,17922
40000,58,35848.0,1036,103.6,4152,35848
60000,58,53726.0,1089,108.9,6274,53726
80000,58,71703.0,1115,111.5,8297,71703
100000,58,89702.0,1130,113.0,10298,89702
2,59,1.0,1,0.1,1,1
3,59,2.0,1,0.1,1,2
100,59,82.0,47,4.7,18,82
200,59,169.0,93,9.3,31,169
2000,59,1746.0,469,46.9,254,1746
10000,59,8930.0,784,78.4,1070,8930
20000,59,17936.0,845,84.5,2064,17936
40000,59,35889.0,966,96.6,4111,35889
60000,59,53848.0,1034,103.4,6152,53848
80000,59,71855.0,1071,107.1,8145,71855
100000,59,89801.0,1072,107.2,10199,89801
2,60,1.0,1,0.1,1,1
3,60,1.0,2,0.2,2,1
100,60,84.0,49,4.9,16,84
200,60,173.0,92,9.2,27,173
2000,60,1762.0,561,56.1,238,1762
10000,60,8913.0,901,90.1,1087,8913
20000,60,17917.0,946,94.6,2083,17917
40000,60,35894.0,976,97.6,4106,35894
60000,60,53878.0,1007,100.7,6122,53878
80000,60,71795.0,1033,103.3,8205,71795
100000,60,89896.0,1033,103.3,10104,89896
2,61,2.0,1,0.1,0,2
3,61,3.0,1,0.1,0,3
100,61,90.0,49,4.9,10,90
200,61,174.0,92,9.2,26,174
2000,61,1761.0,504,50.4,239,1761
10000,61,8956.0,784,78.4,1044,8956
20000,61,17945.0,859,85.9,2055,17945
40000,61,36057.0,868,86.8,3943,36057
60000,61,54058.0,882,88.2,5942,54058
80000,61,72067.0,959,95.9,7933,72067
100000,61,90008.0,961,96.1,9992,90008
2,62,2.0,1,0.1,0,2
3,62,3.0,1,0.1,0,3
100,62,86.0,48,4.8,14,86
200,62,171.0,87,8.7,29,171
2000,62,1759.0,421,42.1,241,1759
10000,62,8935.0,775,77.5,1065,8935
20000,62,17947.0,809,80.9,2053,17947
40000,62,35957.0,874,87.4,4043,35957
60000,62,53886.0,924,92.4,6114,53886
80000,62,71908.0,925,92.5,8092,71908
100000,62,89978.0,925,92.5,10022,89978
2,63,2.0,1,0.1,0,2
3,63,3.0,1,0.1,0,3
100,63,81.0,46,4.6,19,81
200,63,167.0,93,9.3,33,167
2000,63,1753.0,518,51.8,247,1753
10000,63,8926.0,791,79.1,1074,8926
20000,63,17930.0,880,88.0,2070,17930
40000,63,35811.0,939,93.9,4189,35811
60000,63,53815.0,944,94.4,6185,53815
80000,63,71802.0,955,95.5,8198,71802
100000,63,89657.0,962,96.2,10343,89657
2,64,2.0,1,0.1,0,2
3,64,3.0,1,0.1,0,3
100,64,86.0,48,4.8,14,86
200,64,177.0,90,9.0,23,177
2000,64,1773.0,539,53.9,227,1773
10000,64,8897.0,884,88.4,1103,8897
20000,64,17853.0,951,95.1,2147,17853
40000,64,35884.0,1038,103.8,4116,35884
60000,64,53892.0,1041,104.1,6108,53892
80000,64,71872.0,1044,104.4,8128,71872
100000,64,89843.0,1061,106.1,10157,89843
2,65,2.0,1,0.1,0,2
3,65,2.0,1,0.1,1,2
100,65,86.0,48,4.8,14,86
200,65,173.0,97,9.7,27,173
2000,65,1742.0,466,46.6,258,1742
10000,65,8919.0,711,71.1,1081,8919
20000,65,17940.0,729,72.9,2060,17940
40000,65,35948.0,778,77.8,4052,35948
60000,65,53921.0,783,78.3,6079,53921
80000,65,71918.0,784,78.4,8082,71918
100000,65,89967.0,794,79.4,10033,89967
2,66,2.0,1,0.1,0,2
3,66,3.0,1,0.1,0,3
100,66,81.0,46,4.6,19,81
200,66,168.0,84,8.4,32,168
2000,66,1752.0,468,46.8,248,1752
10000,66,8977.0,714,71.4,1023,8977
20000,66,17987.0,871,87.1,2013,17987
40000,66,36044.0,907,90.7,3956,36044
60000,66,54061.0,1043,104.3,5939,54061
80000,66,72063.0,1067,106.7,7937,72063
100000,66,90085.0,1106,110.6,9915,90085
2,67,2.0,1,0.1,0,2
3,67,3.0,1,0.1,0,3
100,67,85.0,48,4.8,15,85
200,67,168.0,94,9.4,32,168
2000,67,1722.0,574,57.4,278,1722
10000,67,8858.0,862,86.2,1142,8858
20000,67,17847.0,934,93.4,2153,17847
40000,67,35826.0,950,95.0,4174,35826
60000,67,53765.0,982,98.2,6235,53765
80000,67,71739.0,1004,100.4,8261,71739
100000,67,89797.0,1004,100.4,10203,89797
2,68,1.0,1,0.1,1,1
3,68,2.0,1,0.1,1,2
100,68,87.0,50,5.0,13,87
200,68,171.0,94,9.4,29,171
2000,68,1751.0,542,54.2,249,1751
10000,68,8893.0,840,84.0,1107,8893
20000,68,17879.0,952,95.2,2121,17879
40000,68,35861.0,973,97.3,4139,35861
60000,68,53825.0,989,98.9,6175,53825
80000,68,71905.0,1044,104.4,8095,71905
100000,68,89887.0,1048,104.8,10113,89887
2,69,1.0,1,0.1,1,1
3,69,2.0,2,0.2,1,2
100,69,84.0,48,4.8,16,84
200,69,171.0,97,9.7,29,171
2000,69,1757.0,494,49.4,243,1757
10000,69,8930.0,755,75.5,1070,8930
20000,69,17886.0,798,79.8,2114,17886
40000,69,35761.0,933,93.3,4239,35761
60000,69,53770.0,939,93.9,6230,53770
80000,69,71824.0,939,93.9,8176,71824
100000,69,89864.0,939,93.9,10136,89864
2,70,2.0,1,0.1,0,2
3,70,3.0,1,0.1,0,3
100,70,82.0,48,4.8,18,82
200,70,165.0,90,9.0,35,165
2000,70,1764.0,359,35.9,236,1764
10000,70,8989.0,551,55.1,1011,8989
20000,70,17963.0,586,58.6,2037,17963
40000,70,35932.0,606,60.6,4068,35932
60000,70,53928.0,607,60.7,6072,53928
80000,70,71944.0,609,60.9,8056,71944
100000,70,90006.0,612,61.2,9994,90006
2,71,1.0,1,0.1,1,1
3,71,2.0,2,0.2,1,2
100,71,90.0,50,5.0,10,90
200,71,171.0,92,9.2,29,171
2000,71,1758.0,473,47.3,242,1758
10000,71,8953.0,671,67.1,1047,8953
20000,71,17975.0,768,76.8,2025,17975
40000,71,35972.0,807,80.7,4028,35972
60000,71,53959.0,820,82.0,6041,53959
80000,71,71904.0,826,82.6,8096,71904
100000,71,89849.0,841,84.1,10151,89849
2,72,2.0,1,0.1,0,2
3,72,3.0,1,0.1,0,3
100,72,83.0,48,4.8,17,83
200,72,167.0,89,8.9,33,167
2000,72,1735.0,407,40.7,265,1735
10000,72,8891.0,544,54.4,1109,8891
20000,72,17857.0,555,55.5,2143,17857
40000,72,35839.0,561,56.1,4161,35839
60000,72,53788.0,564,56.4,6212,53788
80000,72,71780.0,565,56.5,8220,71780
100000,72,89752.0,565,56.5,10248,89752
2,73,1.0,1,0.1,1,1
3,73,2.0,1,0.1,1,2
100,73,84.0,46,4.6,16,84
200,73,168.0,87,8.7,32,168
2000,73,1759.0,326,32.6,241,1759
10000,73,8929.0,556,55.6,1071,8929
20000,73,17920.0,667,66.7,2080,17920
40000,73,35874.0,769,76.9,4126,35874
60000,73,53871.0,776,77.6,6129,53871
80000,73,71966.0,776,77.6,8034,71966
100000,73,89973.0,778,77.8,10027,89973
2,74,1.0,1,0.1,1,1
3,74,1.0,2,0.2,2,1
100,74,88.0,48,4.8,12,88
200,74,173.0,92,9.2,27,173
2000,74,1737.0,574,57.4,263,1737
10000,74,8917.0,799,79.9,1083,8917
20000,74,17917.0,882,88.2,2083,17917
40000,74,35876.0,1024,102.4,4124,35876
60000,74,53910.0,1053,105.3,6090,53910
80000,74,71980.0,1054,105.4,8020,71980
100000,74,89944.0,1175,117.5,10056,89944
2,75,2.0,1,0.1,0,2
3,75,3.0,1,0.1,0,3
100,75,85.0,46,4.6,15,85
200,75,173.0,90,9.0,27,173
2000,75,1759.0,461,46.1,241,1759
10000,75,8942.0,653,65.3,1058,8942
20000,75,17992.0,686,68.6,2008,17992
40000,75,36002.0,739,73.9,3998,36002
60000,75,53953.0,747,74.7,6047,53953
80000,75,71946.0,753,75.3,8054,71946
100000,75,89941.0,763,76.3,10059,89941
2,76,2.0,1,0.1,0,2
3,76,3.0,1,0.1,0,3
100,76,85.0,48,4.8,15,85
200,76,172.0,90,9.0,28,172
2000,76,1738.0,485,48.5,262,1738
10000,76,8878.0,718,71.8,1122,8878
20000,76,17847.0,758,75.8,2153,17847
40000,76,35803.0,839,83.9,4197,35803
60000,76,53765.0,860,86.0,6235,53765
80000,76,71762.0,864,86.4,8238,71762
100000,76,89805.0,866,86.6,10195,89805
2,77,0.0,1,0.1,2,0
3,77,1.0,1,0.1,2,1
100,77,85.0,50,5.0,15,85
200,77,172.0,93,9.3,28,172
2000,77,1765.0,467,46.7,235,1765
10000,77,8917.0,783,78.3,1083,8917
20000,77,17916.0,875,87.5,2084,17916
40000,77,35900.0,951,95.1,4100,35900
60000,77,53891.0,969,96.9,6109,53891
80000,77,71865.0,970,97.0,8135,71865
100000,77,89827.0,989,98.9,10173,89827
2,78,2.0,1,0.1,0,2
3,78,3.0,1,0.1,0,3
100,78,86.0,47,4.7,14,86
200,78,173.0,89,8.9,27,173
2000,78,1758.0,555,55.5,242,1758
10000,78,8951.0,819,81.9,1049,8951
20000,78,17944.0,881,88.1,2056,17944
40000,78,35906.0,969,96.9,4094,35906
60000,78,53925.0,980,98.0,6075,53925
80000,78,71887.0,1022,102.2,8113,71887
100000,78,89845.0,1037,103.7,10155,89845
2,79,2.0,1,0.1,0,2
3,79,3.0,1,0.1,0,3
100,79,84.0,48,4.8,16,84
200,79,168.0,89,8.9,32,168
2000,79,1750.0,473,47.3,250,1750
10000,79,8911.0,778,77.8,1089,8911
20000,79,17893.0,868,86.8,2107,17893
40000,79,35950.0,913,91.3,4050,35950
60000,79,53909.0,954,95.4,6091,53909
80000,79,71889.0,988,98.8,8111,71889
100000,79,89879.0,991,99.1,10121,89879
2,80,1.0,1,0.1,1,1
3,80,2.0,1,0.1,1,2
100,80,87.0,47,4.7,13,87
200,80,173.0,88,8.8,27,173
2000,80,1747.0,468,46.8,253,1747
10000,80,8942.0,726,72.6,1058,8942
20000,80,17925.0,796,79.6,2075,17925
40000,80,35870.0,844,84.4,4130,35870
60000,80,53823.0,858,85.8,6177,53823
80000,80,71810.0,861,86.1,8190,71810
100000,80,89867.0,861,86.1,10133,89867
2,81,1.0,1,0.1,1,1
3,81,2.0,2,0.2,1,2
100,81,85.0,47,4.7,15,85
200,81,170.0,88,8.8,30,170
2000,81,1767.0,409,40.9,233,1767
10000,81,8961.0,674,67.4,1039,8961
20000,81,17935.0,790,79.0,2065,17935
40000,81,35921.0,813,81.3,4079,35921
60000,81,53903.0,856,85.6,6097,53903
80000,81,71833.0,863,86.3,8167,71833
100000,81,89800.0,864,86.4,10200,89800
2,82,2.0,1,0.1,0,2
3,82,3.0,1,0.1,0,3
100,82,83.0,48,4.8,17,83
200,82,175.0,93,9.3,25,175
2000,82,1756.0,465,46.5,244,1756
10000,82,8953.0,737,73.7,1047,8953
20000,82,17966.0,823,82.3,2034,17966
40000,82,35975.0,843,84.3,4025,35975
60000,82,54034.0,848,84.8,5966,54034
80000,82,71943.0,906,90.6,8057,71943
100000,82,89961.0,908,90.8,10039,89961
2,83,2.0,1,0.1,0,2
3,83,3.0,1,0.1,0,3
100,83,86.0,48,4.8,14,86
200,83,171.0,89,8.9,29,171
2000,83,1720.0,441,44.1,280,1720
10000,83,8938.0,571,57.1,1062,8938
20000,83,17961.0,636,63.6,2039,17961
40000,83,35970.0,659,65.9,4030,35970
60000,83,54002.0,675,67.5,5998,54002
80000,83,72016.0,730,73.0,7984,72016
100000,83,90013.0,731,73.1,9987,90013
2,84,1.0,1,0.1,1,1
3,84,2.0,1,0.1,1,2
100,84,89.0,49,4.9,11,89
200,84,169.0,94,9.4,31,169
2000,84,1753.0,491,49.1,247,1753
10000,84,8883.0,830,83.0,1117,8883
20000,84,17889.0,853,85.3,2111,17889
40000,84,35859.0,893,89.3,4141,35859
60000,84,53892.0,934,93.4,6108,53892
80000,84,71924.0,934,93.4,8076,71924
100000,84,89942.0,953,95.3,10058,89942
2,85,1.0,1,0.1,1,1
3,85,2.0,1,0.1,1,2
100,85,85.0,47,4.7,15,85
200,85,171.0,92,9.2,29,171
2000,85,1738.0,580,58.0,262,1738
10000,85,8914.0,876,87.6,1086,8914
20000,85,17872.0,999,99.9,2128,17872
40000,85,35851.0,1115,111.5,4149,35851
60000,85,53769.0,1140,114.0,6231,53769
80000,85,71733.0,1141,114.1,8267,71733
100000,85,89723.0,1145,114.5,10277,89723
2,86,2.0,1,0.1,0,2
3,86,3.0,1,0.1,0,3
100,86,80.0,46,4.6,20,80
200,86,158.0,76,7.6,42,158
2000,86,1749.0,379,37.9,251,1749
10000,86,8928.0,761,76.1,1072,8928
20000,86,17945.0,828,82.8,2055,17945
40000,86,35943.0,860,86.0,4057,35943
60000,86,53960.0,869,86.9,6040,53960
80000,86,72037.0,870,87.0,7963,72037
100000,86,90052.0,922,92.2,9948,90052
2,87,1.0,1,0.1,1,1
3,87,2.0,1,0.1,1,2
100,87,83.0,45,4.5,17,83
200,87,168.0,90,9.0,32,168
2000,87,1764.0,506,50.6,236,1764
10000,87,8928.0,773,77.3,1072,8928
20000,87,17884.0,806,80.6,2116,17884
40000,87,35958.0,829,82.9,4042,35958
60000,87,53979.0,837,83.7,6021,53979
80000,87,72017.0,842,84.2,7983,72017
100000,87,90030.0,843,84.3,9970,90030
2,88,1.0,1,0.1,1,1
3,88,2.0,1,0.1,1,2
100,88,88.0,48,4.8,12,88
200,88,174.0,92,9.2,26,174
2000,88,1756.0,367,36.7,244,1756
10000,88,8936.0,607,60.7,1064,8936
20000,88,17908.0,669,66.9,2092,17908
40000,88,35962.0,796,79.6,4038,35962
60000,88,53937.0,812,81.2,6063,53937
80000,88,71911.0,830,83.0,8089,71911
100000,88,89899.0,831,83.1,10101,89899
2,89,2.0,1,0.1,0,2
3,89,3.0,1,0.1,0,3
100,89,89.0,50,5.0,11,89
200,89,178.0,93,9.3,22,178
2000,89,1769.0,463,46.3,231,1769
10000,89,8935.0,737,73.7,1065,8935
20000,89,17938.0,810,81.0,2062,17938
40000,89,35928.0,848,84.8,4072,35928
60000,89,54001.0,869,86.9,5999,54001
80000,89,72032.0,874,87.4,7968,72032
100000,89,90026.0,896,89.6,9974,90026
2,90,1.0,1,0.1,1,1
3,90,2.0,1,0.1,1,2
100,90,85.0,47,4.7,15,85
200,90,176.0,92,9.2,24,176
2000,90,1758.0,489,48.9,242,1758
10000,90,8893.0,823,82.3,1107,8893
20000,90,17884.0,975,97.5,2116,17884
40000,90,35915.0,987,98.7,4085,35915
60000,90,53915.0,995,99.5,6085,53915
80000,90,71953.0,999,99.9,8047,71953
100000,90,89952.0,1029,102.9,10048,89952
2,91,1.0,1,0.1,1,1
3,91,2.0,1,0.1,1,2
100,91,79.0,42,4.2,21,79
200,91,172.0,86,8.6,28,172
2000,91,1748.0,523,52.3,252,1748
10000,91,8919.0,837,83.7,1081,8919
20000,91,17915.0,975,97.5,2085,17915
40000,91,35949.0,1018,101.8,4051,35949
60000,91,53933.0,1056,105.6,6067,53933
80000,91,71940.0,1095,109.5,8060,71940
100000,91,89931.0,1098,109.8,10069,89931
2,92,2.0,1,0.1,0,2
3,92,3.0,1,0.1,0,3
100,92,85.0,46,4.6,15,85
200,92,165.0,83,8.3,35,165
2000,92,1746.0,362,36.2,254,1746
10000,92,8928.0,567,56.7,1072,8928
20000,92,17916.0,605,60.5,2084,17916
40000,92,35896.0,619,61.9,4104,35896
60000,92,53838.0,636,63.6,6162,53838
80000,92,71914.0,636,63.6,8086,71914
100000,92,89860.0,644,64.4,10140,89860
2,93,2.0,1,0.1,0,2
3,93,3.0,1,0.1,0,3
100,93,89.0,50,5.0,11,89
200,93,174.0,96,9.6,26,174
2000,93,1717.0,591,59.1,283,1717
10000,93,8880.0,915,91.5,1120,8880
20000,93,17839.0,962,96.2,2161,17839
40000,93,35841.0,987,98.7,4159,35841
60000,93,53913.0,990,99.0,6087,53913
80000,93,71961.0,990,99.0,8039,71961
100000,93,90011.0,991,99.1,9989,90011
2,94,1.0,1,0.1,1,1
3,94,2.0,1,0.1,1,2
100,94,86.0,48,4.8,14,86
200,94,170.0,90,9.0,30,170
2000,94,1752.0,427,42.7,248,1752
10000,94,8925.0,636,63.6,1075,8925
20000,94,17865.0,713,71.3,2135,17865
40000,94,35752.0,825,82.5,4248,35752
60000,94,53761.0,826,82.6,6239,53761
80000,94,71700.0,858,85.8,8300,71700
100000,94,89692.0,862,86.2,10308,89692
2,95,2.0,1,0.1,0,2
3,95,3.0,1,0.1,0,3
100,95,85.0,50,5.0,15,85
200,95,174.0,94,9.4,26,174
2000,95,1768.0,517,51.7,232,1768
10000,95,8905.0,1044,104.4,1095,8905
20000,95,17894.0,1220,122.0,2106,17894
40000,95,35858.0,1314,131.4,4142,35858
60000,95,53912.0,1392,139.2,6088,53912
80000,95,71982.0,1396,139.6,8018,71982
100000,95,89974.0,1407,140.7,10026,89974
2,96,2.0,1,0.1,0,2
3,96,3.0,1,0.1,0,3
100,96,87.0,48,4.8,13,87
200,96,175.0,90,9.0,25,175
2000,96,1763.0,414,41.4,237,1763
10000,96,8895.0,832,83.2,1105,8895
20000,96,17846.0,1030,103.0,2154,17846
40000,96,35850.0,1058,105.8,4150,35850
60000,96,53837.0,1069,106.9,6163,53837
80000,96,71878.0,1069,106.9,8122,71878
100000,96,89893.0,1087,108.7,10107,89893
2,97,2.0,1,0.1,0,2
3,97,3.0,1,0.1,0,3
100,97,86.0,47,4.7,14,86
200,97,172.0,88,8.8,28,172
2000,97,1750.0,497,49.7,250,1750
10000,97,8889.0,843,84.3,1111,8889
20000,97,17839.0,972,97.2,2161,17839
40000,97,35877.0,985,98.5,4123,35877
60000,97,53945.0,999,99.9,6055,53945
80000,97,71949.0,1003,100.3,8051,71949
100000,97,89931.0,1004,100.4,10069,89931
2,98,2.0,1,0.1,0,2
3,98,2.0,1,0.1,1,2
100,98,83.0,49,4.9,17,83
200,98,166.0,89,8.9,34,166
2000,98,1744.0,453,45.3,256,1744
10000,98,8943.0,735,73.5,1057,8943
20000,98,17944.0,801,80.1,2056,17944
40000,98,35920.0,847,84.7,4080,35920
60000,98,53887.0,960,96.0,6113,53887
80000,98,71887.0,979,97.9,8113,71887
100000,98,89897.0,983,98.3,10103,89897
2,99,2.0,1,0.1,0,2
3,99,3.0,1,0.1,0,3
100,99,88.0,50,5.0,12,88
200,99,169.0,97,9.7,31,169
2000,99,1749.0,531,53.1,251,1749
10000,99,8919.0,859,85.9,1081,8919
20000,99,17924.0,932,93.2,2076,17924
40000,99,35857.0,1067,106.7,4143,35857
60000,99,53802.0,1084,108.4,6198,53802
80000,99,71779.0,1087,108.7,8221,71779
100000,99,89687.0,1106,110.6,10313,89687
2,100,2.0,1,0.1,0,2
3,100,3.0,1,0.1,0,3
100,100,80.0,46,4.6,20,80
200,100,158.0,83,8.3,42,158
2000,100,1743.0,570,57.0,257,1743
10000,100,8895.0,909,90.9,1105,8895
20000,100,17855.0,945,94.5,2145,17855
40000,100,35869.0,975,97.5,4131,35869
60000,100,53934.0,985,98.5,6066,53934
80000,100,71946.0,992,99.2,8054,71946
100000,100,89994.0,992,99.2,10006,89994
