Timestep,Iteration,Total Reward,Suboptimal Arms,Total Regret,Zeros Count,Ones Count
2,1,1.0,1,0.01,1,1
3,1,1.0,1,0.01,2,1
100,1,53.0,51,0.26,47,53
200,1,99.0,90,0.45,101,99
2000,1,1001.0,965,4.82,999,1001
10000,1,4870.0,5464,27.32,5130,4870
20000,1,9878.0,12335,61.68,10122,9878
40000,1,19801.0,22935,114.67,20199,19801
60000,1,29676.0,35961,179.8,30324,29676
80000,1,39580.0,43526,217.63,40420,39580
100000,1,49493.0,47115,235.57,50507,49493
2,2,1.0,1,0.01,1,1
3,2,1.0,1,0.01,2,1
100,2,56.0,41,0.21,44,56
200,2,102.0,80,0.4,98,102
2000,2,977.0,1117,5.58,1023,977
10000,2,4955.0,5412,27.06,5045,4955
20000,2,9978.0,8962,44.81,10022,9978
40000,2,19992.0,12220,61.1,20008,19992
60000,2,30029.0,17777,88.88,29971,30029
80000,2,40046.0,22268,111.34,39954,40046
100000,2,49988.0,24895,124.47,50012,49988
2,3,1.0,1,0.01,1,1
3,3,2.0,2,0.01,1,2
100,3,47.0,47,0.24,53,47
200,3,93.0,86,0.43,107,93
2000,3,1006.0,1138,5.69,994,1006
10000,3,5026.0,5750,28.75,4974,5026
20000,3,9977.0,8923,44.62,10023,9977
40000,3,19933.0,14526,72.63,20067,19933
60000,3,29873.0,21266,106.33,30127,29873
80000,3,39881.0,28521,142.6,40119,39881
100000,3,49803.0,35398,176.99,50197,49803
2,4,0.0,1,0.01,2,0
3,4,0.0,1,0.01,3,0
100,4,56.0,50,0.25,44,56
200,4,100.0,99,0.5,100,100
2000,4,981.0,884,4.42,1019,981
10000,4,4937.0,5895,29.47,5063,4937
20000,4,9922.0,14163,70.82,10078,9922
40000,4,19887.0,21420,107.1,20113,19887
60000,4,29842.0,27314,136.57,30158,29842
80000,4,39690.0,32719,163.59,40310,39690
100000,4,49689.0,37231,186.15,50311,49689
2,5,1.0,1,0.01,1,1
3,5,1.0,1,0.01,2,1
100,5,58.0,50,0.25,42,58
200,5,112.0,91,0.46,88,112
2000,5,988.0,980,4.9,1012,988
10000,5,4905.0,6477,32.38,5095,4905
20000,5,9812.0,10629,53.15,10188,9812
40000,5,19795.0,12564,62.82,20205,19795
60000,5,29723.0,19077,95.38,30277,29723
80000,5,39740.0,19959,99.79,40260,39740
100000,5,49653.0,26882,134.41,50347,49653
2,6,0.0,1,0.01,2,0
3,6,0.0,1,0.01,3,0
100,6,49.0,44,0.22,51,49
200,6,91.0,80,0.4,109,91
2000,6,969.0,772,3.86,1031,969
10000,6,4969.0,5273,26.36,5031,4969
20000,6,9974.0,8470,42.35,10026,9974
40000,6,19950.0,15892,79.46,20050,19950
60000,6,30006.0,21383,106.91,29994,30006
80000,6,39971.0,24967,124.83,40029,39971
100000,6,49858.0,33400,167.0,50142,49858
2,7,2.0,1,0.01,0,2
3,7,3.0,1,0.01,0,3
100,7,63.0,55,0.28,37,63
200,7,119.0,108,0.54,81,119
2000,7,1031.0,1063,5.31,969,1031
10000,7,5006.0,4194,20.97,4994,5006
20000,7,9975.0,8721,43.61,10025,9975
40000,7,19878.0,17674,88.37,20122,19878
60000,7,29787.0,21041,105.2,30213,29787
80000,7,39809.0,22700,113.5,40191,39809
100000,7,49738.0,25387,126.93,50262,49738
2,8,1.0,1,0.01,1,1
3,8,2.0,1,0.01,1,2
100,8,56.0,53,0.27,44,56
200,8,103.0,101,0.51,97,103
2000,8,987.0,1120,5.6,1013,987
10000,8,4909.0,5072,25.36,5091,4909
20000,8,9909.0,10602,53.01,10091,9909
40000,8,19910.0,16433,82.16,20090,19910
60000,8,29917.0,20570,102.85,30083,29917
80000,8,39849.0,22710,113.55,40151,39849
100000,8,49826.0,23547,117.73,50174,49826
2,9,0.0,1,0.01,2,0
3,9,1.0,1,0.01,2,1
100,9,50.0,48,0.24,50,50
200,9,95.0,81,0.41,105,95
2000,9,976.0,1091,5.45,1024,976
10000,9,4951.0,6363,31.81,5049,4951
20000,9,9981.0,10907,54.54,10019,9981
40000,9,19797.0,19111,95.55,20203,19797
60000,9,29764.0,24269,121.34,30236,29764
80000,9,39628.0,26328,131.64,40372,39628
100000,9,49699.0,27772,138.86,50301,49699
2,10,1.0,1,0.01,1,1
3,10,1.0,2,0.01,2,1
100,10,48.0,50,0.25,52,48
200,10,103.0,91,0.46,97,103
2000,10,993.0,878,4.39,1007,993
10000,10,5014.0,2669,13.35,4986,5014
20000,10,10049.0,5785,28.92,9951,10049
40000,10,19994.0,14560,72.8,20006,19994
60000,10,29784.0,18266,91.33,30216,29784
80000,10,39839.0,19284,96.42,40161,39839
100000,10,49802.0,20307,101.53,50198,49802
2,11,2.0,1,0.01,0,2
3,11,2.0,1,0.01,1,2
100,11,52.0,46,0.23,48,52
200,11,106.0,89,0.45,94,106
2000,11,973.0,894,4.47,1027,973
10000,11,4912.0,4147,20.74,5088,4912
20000,11,9937.0,6602,33.01,10063,9937
40000,11,20002.0,14048,70.24,19998,20002
60000,11,29937.0,18266,91.33,30063,29937
80000,11,39913.0,23286,116.43,40087,39913
100000,11,49756.0,26860,134.3,50244,49756
2,12,1.0,1,0.01,1,1
3,12,1.0,1,0.01,2,1
100,12,51.0,43,0.22,49,51
200,12,103.0,91,0.46,97,103
2000,12,956.0,892,4.46,1044,956
10000,12,4962.0,5441,27.2,5038,4962
20000,12,9843.0,10388,51.94,10157,9843
40000,12,19837.0,20521,102.6,20163,19837
60000,12,29842.0,30514,152.57,30158,29842
80000,12,39831.0,39478,197.39,40169,39831
100000,12,49821.0,46907,234.53,50179,49821
2,13,1.0,1,0.01,1,1
3,13,2.0,2,0.01,1,2
100,13,51.0,57,0.29,49,51
200,13,106.0,110,0.55,94,106
2000,13,1032.0,1193,5.96,968,1032
10000,13,4979.0,4200,21.0,5021,4979
20000,13,9898.0,8757,43.79,10102,9898
40000,13,19859.0,18529,92.64,20141,19859
60000,13,29837.0,24501,122.5,30163,29837
80000,13,39917.0,27009,135.04,40083,39917
100000,13,49963.0,28831,144.15,50037,49963
2,14,1.0,1,0.01,1,1
3,14,2.0,1,0.01,1,2
100,14,52.0,51,0.26,48,52
200,14,106.0,106,0.53,94,106
2000,14,978.0,1293,6.46,1022,978
10000,14,4942.0,5275,26.37,5058,4942
20000,14,9889.0,8563,42.82,10111,9889
40000,14,19899.0,19274,96.37,20101,19899
60000,14,29754.0,28269,141.34,30246,29754
80000,14,39704.0,35372,176.86,40296,39704
100000,14,49654.0,46554,232.77,50346,49654
2,15,0.0,1,0.01,2,0
3,15,0.0,1,0.01,3,0
100,15,46.0,46,0.23,54,46
200,15,96.0,83,0.42,104,96
2000,15,983.0,674,3.37,1017,983
10000,15,4983.0,4490,22.45,5017,4983
20000,15,9910.0,8803,44.02,10090,9910
40000,15,19888.0,20211,101.05,20112,19888
60000,15,29857.0,26219,131.09,30143,29857
80000,15,39718.0,39214,196.07,40282,39718
100000,15,49620.0,48690,243.45,50380,49620
2,16,2.0,1,0.01,0,2
3,16,3.0,1,0.01,0,3
100,16,53.0,48,0.24,47,53
200,16,105.0,94,0.47,95,105
2000,16,998.0,925,4.62,1002,998
10000,16,4963.0,4705,23.52,5037,4963
20000,16,9935.0,9965,49.83,10065,9935
40000,16,19953.0,15773,78.87,20047,19953
60000,16,29921.0,26261,131.3,30079,29921
80000,16,39874.0,33667,168.33,40126,39874
100000,16,49735.0,39008,195.04,50265,49735
2,17,1.0,1,0.01,1,1
3,17,2.0,2,0.01,1,2
100,17,48.0,51,0.26,52,48
200,17,86.0,96,0.48,114,86
2000,17,979.0,747,3.73,1021,979
10000,17,4878.0,3508,17.54,5122,4878
20000,17,9835.0,8376,41.88,10165,9835
40000,17,19877.0,10176,50.88,20123,19877
60000,17,29799.0,24171,120.85,30201,29799
80000,17,39959.0,24171,120.85,40041,39959
100000,17,49948.0,25654,128.27,50052,49948
2,18,2.0,1,0.01,0,2
3,18,3.0,1,0.01,0,3
100,18,55.0,53,0.27,45,55
200,18,100.0,110,0.55,100,100
2000,18,1028.0,800,4.0,972,1028
10000,18,4967.0,3709,18.55,5033,4967
20000,18,9839.0,7444,37.22,10161,9839
40000,18,19717.0,11762,58.81,20283,19717
60000,18,29751.0,16456,82.28,30249,29751
80000,18,39743.0,20446,102.23,40257,39743
100000,18,49668.0,25536,127.68,50332,49668
2,19,1.0,1,0.01,1,1
3,19,1.0,2,0.01,2,1
100,19,59.0,43,0.22,41,59
200,19,117.0,90,0.45,83,117
2000,19,1003.0,1102,5.51,997,1003
10000,19,5006.0,4489,22.44,4994,5006
20000,19,9932.0,9851,49.26,10068,9932
40000,19,19895.0,18878,94.39,20105,19895
60000,19,29833.0,30454,152.27,30167,29833
80000,19,39800.0,34858,174.29,40200,39800
100000,19,49771.0,43853,219.26,50229,49771
2,20,0.0,1,0.01,2,0
3,20,1.0,1,0.01,2,1
100,20,48.0,48,0.24,52,48
200,20,98.0,101,0.51,102,98
2000,20,1025.0,1179,5.89,975,1025
10000,20,5011.0,4035,20.18,4989,5011
20000,20,10109.0,6051,30.25,9891,10109
40000,20,20058.0,9998,49.99,19942,20058
60000,20,30070.0,12377,61.89,29930,30070
80000,20,40027.0,16174,80.87,39973,40027
100000,20,49901.0,18823,94.11,50099,49901
2,21,2.0,1,0.01,0,2
3,21,2.0,1,0.01,1,2
100,21,55.0,47,0.24,45,55
200,21,105.0,99,0.5,95,105
2000,21,966.0,1196,5.98,1034,966
10000,21,4877.0,5462,27.31,5123,4877
20000,21,9850.0,10157,50.79,10150,9850
40000,21,19838.0,19429,97.14,20162,19838
60000,21,29888.0,25744,128.72,30112,29888
80000,21,39798.0,30973,154.86,40202,39798
100000,21,49762.0,40244,201.22,50238,49762
2,22,1.0,1,0.01,1,1
3,22,2.0,2,0.01,1,2
100,22,46.0,56,0.28,54,46
200,22,92.0,115,0.58,108,92
2000,22,1010.0,1055,5.27,990,1010
10000,22,4940.0,4060,20.3,5060,4940
20000,22,9923.0,8103,40.52,10077,9923
40000,22,19954.0,17354,86.77,20046,19954
60000,22,29905.0,25068,125.34,30095,29905
80000,22,39941.0,31247,156.23,40059,39941
100000,22,49950.0,34390,171.95,50050,49950
2,23,1.0,1,0.01,1,1
3,23,1.0,2,0.01,2,1
100,23,52.0,48,0.24,48,52
200,23,107.0,106,0.53,93,107
2000,23,1007.0,1100,5.5,993,1007
10000,23,4995.0,3851,19.26,5005,4995
20000,23,9972.0,7482,37.41,10028,9972
40000,23,19942.0,14996,74.98,20058,19942
60000,23,29886.0,23257,116.28,30114,29886
80000,23,39870.0,26209,131.04,40130,39870
100000,23,49912.0,27183,135.91,50088,49912
2,24,0.0,1,0.01,2,0
3,24,0.0,1,0.01,3,0
100,24,50.0,46,0.23,50,50
200,24,106.0,90,0.45,94,106
2000,24,1013.0,910,4.55,987,1013
10000,24,5028.0,4822,24.11,4972,5028
20000,24,10029.0,8877,44.39,9971,10029
40000,24,20127.0,19215,96.07,19873,20127
60000,24,30160.0,33610,168.05,29840,30160
80000,24,40097.0,39004,195.02,39903,40097
100000,24,50068.0,43637,218.18,49932,50068
2,25,2.0,1,0.01,0,2
3,25,2.0,1,0.01,1,2
100,25,55.0,47,0.24,45,55
200,25,99.0,99,0.5,101,99
2000,25,1044.0,990,4.95,956,1044
10000,25,5089.0,4985,24.92,4911,5089
20000,25,10057.0,9186,45.93,9943,10057
40000,25,20044.0,14357,71.79,19956,20044
60000,25,30051.0,24648,123.24,29949,30051
80000,25,39946.0,33224,166.12,40054,39946
100000,25,49900.0,37103,185.51,50100,49900
2,26,2.0,1,0.01,0,2
3,26,3.0,1,0.01,0,3
100,26,49.0,50,0.25,51,49
200,26,99.0,98,0.49,101,99
2000,26,1042.0,949,4.74,958,1042
10000,26,5067.0,5073,25.36,4933,5067
20000,26,9945.0,9785,48.93,10055,9945
40000,26,19778.0,20284,101.42,20222,19778
60000,26,29742.0,24559,122.79,30258,29742
80000,26,39822.0,25820,129.1,40178,39822
100000,26,49837.0,43602,218.01,50163,49837
2,27,1.0,1,0.01,1,1
3,27,1.0,1,0.01,2,1
100,27,52.0,43,0.22,48,52
200,27,103.0,91,0.46,97,103
2000,27,999.0,889,4.44,1001,999
10000,27,4965.0,3373,16.87,5035,4965
20000,27,9898.0,6238,31.19,10102,9898
40000,27,19918.0,9129,45.65,20082,19918
60000,27,29833.0,20969,104.84,30167,29833
80000,27,39794.0,26079,130.39,40206,39794
100000,27,49727.0,30408,152.04,50273,49727
2,28,1.0,1,0.01,1,1
3,28,1.0,1,0.01,2,1
100,28,52.0,52,0.26,48,52
200,28,99.0,105,0.53,101,99
2000,28,991.0,1059,5.29,1009,991
10000,28,4941.0,5240,26.2,5059,4941
20000,28,9849.0,10564,52.82,10151,9849
40000,28,19876.0,17507,87.53,20124,19876
60000,28,29836.0,24253,121.26,30164,29836
80000,28,39864.0,26346,131.73,40136,39864
100000,28,49846.0,31501,157.5,50154,49846
2,29,1.0,1,0.01,1,1
3,29,1.0,2,0.01,2,1
100,29,54.0,42,0.21,46,54
200,29,102.0,82,0.41,98,102
2000,29,1029.0,869,4.34,971,1029
10000,29,5001.0,4924,24.62,4999,5001
20000,29,10061.0,8767,43.84,9939,10061
40000,29,20076.0,16825,84.12,19924,20076
60000,29,30021.0,26110,130.55,29979,30021
80000,29,39986.0,30814,154.07,40014,39986
100000,29,49902.0,43599,217.99,50098,49902
2,30,1.0,1,0.01,1,1
3,30,2.0,1,0.01,1,2
100,30,47.0,42,0.21,53,47
200,30,100.0,78,0.39,100,100
2000,30,1016.0,943,4.71,984,1016
10000,30,5038.0,4394,21.97,4962,5038
20000,30,9981.0,11651,58.26,10019,9981
40000,30,19866.0,20674,103.37,20134,19866
60000,30,29916.0,26277,131.38,30084,29916
80000,30,39821.0,31677,158.38,40179,39821
100000,30,49679.0,36754,183.77,50321,49679
2,31,1.0,1,0.01,1,1
3,31,1.0,2,0.01,2,1
100,31,51.0,43,0.22,49,51
200,31,105.0,93,0.47,95,105
2000,31,1011.0,977,4.88,989,1011
10000,31,4989.0,4750,23.75,5011,4989
20000,31,9908.0,10910,54.55,10092,9908
40000,31,19891.0,19261,96.3,20109,19891
60000,31,29974.0,29654,148.27,30026,29974
80000,31,39945.0,34963,174.81,40055,39945
100000,31,49850.0,42339,211.69,50150,49850
2,32,1.0,1,0.01,1,1
3,32,1.0,2,0.01,2,1
100,32,45.0,50,0.25,55,45
200,32,98.0,88,0.44,102,98
2000,32,999.0,1099,5.49,1001,999
10000,32,5017.0,5449,27.24,4983,5017
20000,32,10069.0,10681,53.41,9931,10069
40000,32,19988.0,16653,83.26,20012,19988
60000,32,30021.0,20950,104.75,29979,30021
80000,32,39933.0,25529,127.64,40067,39933
100000,32,50013.0,30490,152.45,49987,50013
2,33,0.0,1,0.01,2,0
3,33,1.0,1,0.01,2,1
100,33,40.0,48,0.24,60,40
200,33,92.0,94,0.47,108,92
2000,33,981.0,631,3.15,1019,981
10000,33,4869.0,2302,11.51,5131,4869
20000,33,9908.0,3162,15.81,10092,9908
40000,33,19748.0,10374,51.87,20252,19748
60000,33,29628.0,14724,73.62,30372,29628
80000,33,39729.0,15643,78.22,40271,39729
100000,33,49739.0,19462,97.31,50261,49739
2,34,0.0,1,0.01,2,0
3,34,0.0,1,0.01,3,0
100,34,59.0,47,0.24,41,59
200,34,108.0,98,0.49,92,108
2000,34,1026.0,1018,5.09,974,1026
10000,34,4945.0,5367,26.83,5055,4945
20000,34,9904.0,11332,56.66,10096,9904
40000,34,19710.0,19600,98.0,20290,19710
60000,34,29707.0,33888,169.44,30293,29707
80000,34,39804.0,34789,173.94,40196,39804
100000,34,49638.0,39723,198.61,50362,49638
2,35,1.0,1,0.01,1,1
3,35,2.0,1,0.01,1,2
100,35,54.0,48,0.24,46,54
200,35,109.0,94,0.47,91,109
2000,35,1023.0,1111,5.55,977,1023
10000,35,5004.0,4818,24.09,4996,5004
20000,35,10009.0,8968,44.84,9991,10009
40000,35,19937.0,19589,97.94,20063,19937
60000,35,29849.0,28024,140.12,30151,29849
80000,35,39938.0,32340,161.7,40062,39938
100000,35,49902.0,39589,197.94,50098,49902
2,36,0.0,1,0.01,2,0
3,36,1.0,1,0.01,2,1
100,36,50.0,44,0.22,50,50
200,36,102.0,104,0.52,98,102
2000,36,975.0,938,4.69,1025,975
10000,36,4964.0,3195,15.98,5036,4964
20000,36,9997.0,7599,38.0,10003,9997
40000,36,19974.0,16107,80.53,20026,19974
60000,36,29926.0,19938,99.69,30074,29926
80000,36,39914.0,22483,112.41,40086,39914
100000,36,49890.0,35950,179.75,50110,49890
2,37,1.0,1,0.01,1,1
3,37,2.0,1,0.01,1,2
100,37,49.0,38,0.19,51,49
200,37,108.0,78,0.39,92,108
2000,37,995.0,839,4.19,1005,995
10000,37,4946.0,4836,24.18,5054,4946
20000,37,10031.0,7149,35.74,9969,10031
40000,37,19972.0,19475,97.37,20028,19972
60000,37,29922.0,31475,157.37,30078,29922
80000,37,39932.0,35567,177.83,40068,39932
100000,37,49808.0,43537,217.68,50192,49808
2,38,1.0,1,0.01,1,1
3,38,1.0,2,0.01,2,1
100,38,45.0,48,0.24,55,45
200,38,89.0,93,0.47,111,89
2000,38,996.0,1297,6.48,1004,996
10000,38,4993.0,5511,27.55,5007,4993
20000,38,10004.0,12888,64.44,9996,10004
40000,38,19900.0,23310,116.55,20100,19900
60000,38,29984.0,25754,128.77,30016,29984
80000,38,39870.0,30097,150.48,40130,39870
100000,38,49753.0,35046,175.23,50247,49753
2,39,0.0,1,0.01,2,0
3,39,1.0,1,0.01,2,1
100,39,41.0,53,0.27,59,41
200,39,101.0,88,0.44,99,101
2000,39,981.0,824,4.12,1019,981
10000,39,4926.0,4935,24.67,5074,4926
20000,39,9904.0,9134,45.67,10096,9904
40000,39,19909.0,18403,92.01,20091,19909
60000,39,29847.0,23088,115.44,30153,29847
80000,39,39711.0,30953,154.76,40289,39711
100000,39,49759.0,32531,162.65,50241,49759
2,40,1.0,1,0.01,1,1
3,40,1.0,1,0.01,2,1
100,40,49.0,51,0.26,51,49
200,40,100.0,109,0.55,100,100
2000,40,973.0,1029,5.14,1027,973
10000,40,4944.0,4581,22.9,5056,4944
20000,40,9902.0,8115,40.58,10098,9902
40000,40,19928.0,13522,67.61,20072,19928
60000,40,29857.0,19614,98.07,30143,29857
80000,40,39725.0,26999,134.99,40275,39725
100000,40,49775.0,35484,177.42,50225,49775
2,41,1.0,1,0.01,1,1
3,41,1.0,1,0.01,2,1
100,41,47.0,57,0.29,53,47
200,41,92.0,120,0.6,108,92
2000,41,958.0,1194,5.97,1042,958
10000,41,4917.0,6200,31.0,5083,4917
20000,41,9890.0,9096,45.48,10110,9890
40000,41,19809.0,15389,76.95,20191,19809
60000,41,29868.0,29442,147.21,30132,29868
80000,41,39741.0,37309,186.54,40259,39741
100000,41,49731.0,40721,203.6,50269,49731
2,42,1.0,1,0.01,1,1
3,42,2.0,2,0.01,1,2
100,42,51.0,50,0.25,49,51
200,42,103.0,94,0.47,97,103
2000,42,994.0,941,4.7,1006,994
10000,42,4953.0,4060,20.3,5047,4953
20000,42,9898.0,6922,34.61,10102,9898
40000,42,19962.0,9614,48.07,20038,19962
60000,42,29956.0,18967,94.83,30044,29956
80000,42,39945.0,24029,120.14,40055,39945
100000,42,49854.0,26102,130.51,50146,49854
2,43,1.0,1,0.01,1,1
3,43,2.0,2,0.01,1,2
100,43,56.0,41,0.21,44,56
200,43,103.0,83,0.42,97,103
2000,43,1000.0,766,3.83,1000,1000
10000,43,5053.0,4677,23.38,4947,5053
20000,43,10000.0,8946,44.73,10000,10000
40000,43,19956.0,16037,80.18,20044,19956
60000,43,29731.0,21336,106.68,30269,29731
80000,43,39674.0,24536,122.68,40326,39674
100000,43,49589.0,40116,200.58,50411,49589
2,44,0.0,1,0.01,2,0
3,44,0.0,1,0.01,3,0
100,44,51.0,54,0.27,49,51
200,44,93.0,99,0.5,107,93
2000,44,1034.0,701,3.5,966,1034
10000,44,5009.0,2735,13.68,4991,5009
20000,44,9963.0,5317,26.58,10037,9963
40000,44,19959.0,6522,32.61,20041,19959
60000,44,29968.0,8501,42.51,30032,29968
80000,44,39928.0,23731,118.65,40072,39928
100000,44,49876.0,31019,155.09,50124,49876
2,45,0.0,1,0.01,2,0
3,45,0.0,1,0.01,3,0
100,45,47.0,56,0.28,53,47
200,45,91.0,107,0.54,109,91
2000,45,966.0,933,4.66,1034,966
10000,45,4928.0,5276,26.38,5072,4928
20000,45,9961.0,12029,60.15,10039,9961
40000,45,19930.0,21303,106.51,20070,19930
60000,45,29885.0,30608,153.04,30115,29885
80000,45,39775.0,35237,176.18,40225,39775
100000,45,49848.0,45798,228.99,50152,49848
2,46,1.0,1,0.01,1,1
3,46,2.0,1,0.01,1,2
100,46,50.0,40,0.2,50,50
200,46,103.0,74,0.37,97,103
2000,46,1027.0,638,3.19,973,1027
10000,46,5027.0,4457,22.28,4973,5027
20000,46,10114.0,9096,45.48,9886,10114
40000,46,19985.0,16103,80.51,20015,19985
60000,46,29932.0,24049,120.24,30068,29932
80000,46,39899.0,26960,134.8,40101,39899
100000,46,49841.0,29743,148.71,50159,49841
2,47,0.0,1,0.01,2,0
3,47,1.0,1,0.01,2,1
100,47,48.0,43,0.22,52,48
200,47,100.0,91,0.46,100,100
2000,47,992.0,903,4.51,1008,992
10000,47,4884.0,5659,28.29,5116,4884
20000,47,9822.0,11876,59.38,10178,9822
40000,47,19788.0,15849,79.25,20212,19788
60000,47,29697.0,21876,109.38,30303,29697
80000,47,39704.0,29916,149.58,40296,39704
100000,47,49642.0,32154,160.77,50358,49642
2,48,1.0,1,0.01,1,1
3,48,2.0,2,0.01,1,2
100,48,52.0,49,0.25,48,52
200,48,103.0,94,0.47,97,103
2000,48,1022.0,962,4.81,978,1022
10000,48,4958.0,3271,16.36,5042,4958
20000,48,9889.0,6854,34.27,10111,9889
40000,48,19818.0,11519,57.6,20182,19818
60000,48,29775.0,22413,112.06,30225,29775
80000,48,39857.0,23144,115.72,40143,39857
100000,48,49719.0,32694,163.47,50281,49719
2,49,0.0,1,0.01,2,0
3,49,0.0,1,0.01,3,0
100,49,51.0,48,0.24,49,51
200,49,107.0,102,0.51,93,107
2000,49,970.0,1143,5.71,1030,970
10000,49,4926.0,5989,29.94,5074,4926
20000,49,9774.0,10055,50.28,10226,9774
40000,49,19753.0,18250,91.25,20247,19753
60000,49,29799.0,29460,147.3,30201,29799
80000,49,39806.0,40994,204.97,40194,39806
100000,49,49854.0,43752,218.76,50146,49854
2,50,0.0,1,0.01,2,0
3,50,1.0,1,0.01,2,1
100,50,45.0,54,0.27,55,45
200,50,91.0,101,0.51,109,91
2000,50,980.0,887,4.43,1020,980
10000,50,4909.0,4298,21.49,5091,4909
20000,50,9852.0,8115,40.58,10148,9852
40000,50,19924.0,12312,61.56,20076,19924
60000,50,29924.0,16641,83.2,30076,29924
80000,50,39805.0,20241,101.2,40195,39805
100000,50,49901.0,20246,101.23,50099,49901
2,51,1.0,1,0.01,1,1
3,51,1.0,2,0.01,2,1
100,51,44.0,57,0.29,56,44
200,51,93.0,110,0.55,107,93
2000,51,1006.0,1197,5.98,994,1006
10000,51,4954.0,5236,26.18,5046,4954
20000,51,9926.0,11061,55.31,10074,9926
40000,51,19918.0,24964,124.82,20082,19918
60000,51,29903.0,33829,169.14,30097,29903
80000,51,39857.0,39879,199.39,40143,39857
100000,51,49804.0,47141,235.7,50196,49804
2,52,1.0,1,0.01,1,1
3,52,1.0,1,0.01,2,1
100,52,38.0,47,0.24,62,38
200,52,83.0,92,0.46,117,83
2000,52,968.0,1140,5.7,1032,968
10000,52,4941.0,5564,27.82,5059,4941
20000,52,9944.0,7767,38.84,10056,9944
40000,52,20014.0,16138,80.69,19986,20014
60000,52,29974.0,20704,103.52,30026,29974
80000,52,39859.0,24376,121.88,40141,39859
100000,52,49835.0,29638,148.19,50165,49835
2,53,1.0,1,0.01,1,1
3,53,2.0,1,0.01,1,2
100,53,56.0,50,0.25,44,56
200,53,102.0,91,0.46,98,102
2000,53,994.0,652,3.26,1006,994
10000,53,4939.0,4436,22.18,5061,4939
20000,53,9899.0,7955,39.78,10101,9899
40000,53,19849.0,12882,64.41,20151,19849
60000,53,29799.0,24857,124.28,30201,29799
80000,53,39852.0,31274,156.37,40148,39852
100000,53,49732.0,35376,176.88,50268,49732
2,54,1.0,1,0.01,1,1
3,54,2.0,1,0.01,1,2
100,54,49.0,48,0.24,51,49
200,54,101.0,88,0.44,99,101
2000,54,1003.0,916,4.58,997,1003
10000,54,4979.0,5412,27.06,5021,4979
20000,54,10034.0,10059,50.3,9966,10034
40000,54,20064.0,16197,80.98,19936,20064
60000,54,30097.0,19362,96.81,29903,30097
80000,54,40027.0,23193,115.96,39973,40027
100000,54,49963.0,25103,125.51,50037,49963
2,55,0.0,1,0.01,2,0
3,55,0.0,1,0.01,3,0
100,55,57.0,53,0.27,43,57
200,55,106.0,106,0.53,94,106
2000,55,1055.0,1049,5.24,945,1055
10000,55,4988.0,4789,23.94,5012,4988
20000,55,9911.0,9370,46.85,10089,9911
40000,55,19791.0,22275,111.37,20209,19791
60000,55,29591.0,31323,156.61,30409,29591
80000,55,39508.0,39135,195.67,40492,39508
100000,55,49351.0,44169,220.84,50649,49351
2,56,2.0,1,0.01,0,2
3,56,2.0,1,0.01,1,2
100,56,55.0,49,0.25,45,55
200,56,114.0,107,0.54,86,114
2000,56,981.0,1266,6.33,1019,981
10000,56,4922.0,5547,27.73,5078,4922
20000,56,9864.0,12422,62.11,10136,9864
40000,56,19862.0,19798,98.99,20138,19862
60000,56,29690.0,30496,152.48,30310,29690
80000,56,39689.0,33904,169.52,40311,39689
100000,56,49712.0,45602,228.01,50288,49712
2,57,2.0,1,0.01,0,2
3,57,2.0,1,0.01,1,2
100,57,53.0,54,0.27,47,53
200,57,103.0,113,0.57,97,103
2000,57,970.0,1176,5.88,1030,970
10000,57,4955.0,3376,16.88,5045,4955
20000,57,9935.0,5472,27.36,10065,9935
40000,57,19802.0,8820,44.1,20198,19802
60000,57,29772.0,10384,51.92,30228,29772
80000,57,39760.0,11878,59.39,40240,39760
100000,57,49723.0,12122,60.61,50277,49723
2,58,2.0,1,0.01,0,2
3,58,2.0,1,0.01,1,2
100,58,48.0,42,0.21,52,48
200,58,95.0,91,0.46,105,95
2000,58,975.0,1003,5.01,1025,975
10000,58,4931.0,4251,21.26,5069,4931
20000,58,9934.0,8414,42.07,10066,9934
40000,58,19765.0,14248,71.24,20235,19765
60000,58,29798.0,18944,94.72,30202,29798
80000,58,39874.0,20416,102.08,40126,39874
100000,58,49837.0,23740,118.7,50163,49837
2,59,1.0,1,0.01,1,1
3,59,2.0,1,0.01,1,2
100,59,58.0,50,0.25,42,58
200,59,113.0,109,0.55,87,113
2000,59,1016.0,908,4.54,984,1016
10000,59,5004.0,6230,31.15,4996,5004
20000,59,9970.0,12756,63.78,10030,9970
40000,59,20000.0,29428,147.14,20000,20000
60000,59,29889.0,41446,207.23,30111,29889
80000,59,39699.0,55990,279.95,40301,39699
100000,59,49674.0,58724,293.62,50326,49674
2,60,1.0,1,0.01,1,1
3,60,2.0,1,0.01,1,2
100,60,51.0,57,0.29,49,51
200,60,93.0,118,0.59,107,93
2000,60,988.0,1125,5.62,1012,988
10000,60,4941.0,4716,23.58,5059,4941
20000,60,9895.0,10821,54.11,10105,9895
40000,60,19990.0,15840,79.2,20010,19990
60000,60,29999.0,20809,104.04,30001,29999
80000,60,39971.0,26938,134.69,40029,39971
100000,60,50015.0,29797,148.98,49985,50015
2,61,0.0,1,0.01,2,0
3,61,0.0,1,0.01,3,0
100,61,41.0,54,0.27,59,41
200,61,93.0,106,0.53,107,93
2000,61,952.0,1384,6.92,1048,952
10000,61,4894.0,5275,26.37,5106,4894
20000,61,9894.0,8990,44.95,10106,9894
40000,61,19850.0,20899,104.49,20150,19850
60000,61,29712.0,29838,149.19,30288,29712
80000,61,39746.0,33844,169.22,40254,39746
100000,61,49808.0,34336,171.68,50192,49808
2,62,0.0,1,0.01,2,0
3,62,1.0,1,0.01,2,1
100,62,42.0,46,0.23,58,42
200,62,98.0,97,0.49,102,98
2000,62,1002.0,1055,5.27,998,1002
10000,62,4999.0,4636,23.18,5001,4999
20000,62,10024.0,9730,48.65,9976,10024
40000,62,19924.0,18380,91.9,20076,19924
60000,62,29931.0,22788,113.94,30069,29931
80000,62,39942.0,25664,128.32,40058,39942
100000,62,49877.0,33718,168.59,50123,49877
2,63,0.0,1,0.01,2,0
3,63,1.0,1,0.01,2,1
100,63,45.0,52,0.26,55,45
200,63,84.0,93,0.47,116,84
2000,63,968.0,1148,5.74,1032,968
10000,63,4950.0,3965,19.83,5050,4950
20000,63,9976.0,7370,36.85,10024,9976
40000,63,19993.0,12079,60.4,20007,19993
60000,63,29985.0,21997,109.98,30015,29985
80000,63,39915.0,29973,149.86,40085,39915
100000,63,49883.0,33715,168.57,50117,49883
2,64,0.0,1,0.01,2,0
3,64,1.0,1,0.01,2,1
100,64,52.0,56,0.28,48,52
200,64,107.0,112,0.56,93,107
2000,64,982.0,890,4.45,1018,982
10000,64,4912.0,5140,25.7,5088,4912
20000,64,9939.0,12274,61.37,10061,9939
40000,64,19825.0,18300,91.5,20175,19825
60000,64,29730.0,31682,158.41,30270,29730
80000,64,39590.0,41877,209.38,40410,39590
100000,64,49616.0,42602,213.01,50384,49616
2,65,2.0,1,0.01,0,2
3,65,2.0,1,0.01,1,2
100,65,44.0,55,0.28,56,44
200,65,87.0,114,0.57,113,87
2000,65,1021.0,1021,5.1,979,1021
10000,65,4986.0,6016,30.08,5014,4986
20000,65,9968.0,10534,52.67,10032,9968
40000,65,19908.0,19018,95.09,20092,19908
60000,65,29809.0,25272,126.36,30191,29809
80000,65,39788.0,27997,139.98,40212,39788
100000,65,49814.0,31253,156.26,50186,49814
2,66,0.0,1,0.01,2,0
3,66,1.0,1,0.01,2,1
100,66,59.0,50,0.25,41,59
200,66,106.0,97,0.49,94,106
2000,66,1002.0,804,4.02,998,1002
10000,66,4930.0,3934,19.67,5070,4930
20000,66,9854.0,6376,31.88,10146,9854
40000,66,19836.0,8376,41.88,20164,19836
60000,66,29897.0,16523,82.61,30103,29897
80000,66,39898.0,22867,114.33,40102,39898
100000,66,49832.0,34889,174.44,50168,49832
2,67,1.0,1,0.01,1,1
3,67,2.0,1,0.01,1,2
100,67,49.0,51,0.26,51,49
200,67,96.0,106,0.53,104,96
2000,67,996.0,946,4.73,1004,996
10000,67,5014.0,3588,17.94,4986,5014
20000,67,9954.0,8437,42.19,10046,9954
40000,67,19879.0,17172,85.86,20121,19879
60000,67,29750.0,21977,109.88,30250,29750
80000,67,39817.0,22334,111.67,40183,39817
100000,67,49796.0,29692,148.46,50204,49796
2,68,1.0,1,0.01,1,1
3,68,2.0,2,0.01,1,2
100,68,45.0,52,0.26,55,45
200,68,90.0,103,0.52,110,90
2000,68,982.0,1011,5.05,1018,982
10000,68,4982.0,4790,23.95,5018,4982
20000,68,10005.0,8454,42.27,9995,10005
40000,68,19986.0,16673,83.36,20014,19986
60000,68,29937.0,22161,110.8,30063,29937
80000,68,39804.0,25507,127.53,40196,39804
100000,68,49826.0,32738,163.69,50174,49826
2,69,1.0,1,0.01,1,1
3,69,2.0,2,0.01,1,2
100,69,50.0,48,0.24,50,50
200,69,101.0,89,0.45,99,101
2000,69,991.0,862,4.31,1009,991
10000,69,4980.0,4804,24.02,5020,4980
20000,69,9907.0,8724,43.62,10093,9907
40000,69,19974.0,12193,60.97,20026,19974
60000,69,29942.0,17517,87.58,30058,29942
80000,69,40068.0,25019,125.09,39932,40068
100000,69,49970.0,38349,191.74,50030,49970
2,70,0.0,1,0.01,2,0
3,70,0.0,1,0.01,3,0
100,70,56.0,59,0.3,44,56
200,70,100.0,119,0.6,100,100
2000,70,1012.0,1043,5.21,988,1012
10000,70,4982.0,5249,26.24,5018,4982
20000,70,10006.0,9820,49.1,9994,10006
40000,70,19939.0,20038,100.19,20061,19939
60000,70,29908.0,28404,142.02,30092,29908
80000,70,39857.0,38425,192.12,40143,39857
100000,70,49868.0,40729,203.64,50132,49868
2,71,0.0,1,0.01,2,0
3,71,1.0,1,0.01,2,1
100,71,58.0,42,0.21,42,58
200,71,107.0,88,0.44,93,107
2000,71,984.0,791,3.95,1016,984
10000,71,4908.0,3893,19.47,5092,4908
20000,71,9859.0,7813,39.07,10141,9859
40000,71,19860.0,9868,49.34,20140,19860
60000,71,29854.0,11880,59.4,30146,29854
80000,71,39838.0,16547,82.73,40162,39838
100000,71,49864.0,19112,95.56,50136,49864
2,72,0.0,1,0.01,2,0
3,72,0.0,1,0.01,3,0
100,72,46.0,57,0.29,54,46
200,72,88.0,101,0.51,112,88
2000,72,1014.0,609,3.04,986,1014
10000,72,5029.0,4826,24.13,4971,5029
20000,72,9977.0,10129,50.65,10023,9977
40000,72,19867.0,23399,116.99,20133,19867
60000,72,29898.0,27826,139.13,30102,29898
80000,72,39785.0,38974,194.87,40215,39785
100000,72,49807.0,46649,233.24,50193,49807
2,73,2.0,1,0.01,0,2
3,73,2.0,1,0.01,1,2
100,73,47.0,50,0.25,53,47
200,73,97.0,98,0.49,103,97
2000,73,986.0,909,4.54,1014,986
10000,73,4921.0,5146,25.73,5079,4921
20000,73,10024.0,6277,31.38,9976,10024
40000,73,20064.0,11240,56.2,19936,20064
60000,73,30022.0,14772,73.86,29978,30022
80000,73,40040.0,17487,87.43,39960,40040
100000,73,50054.0,18423,92.11,49946,50054
2,74,0.0,1,0.01,2,0
3,74,0.0,1,0.01,3,0
100,74,44.0,44,0.22,56,44
200,74,86.0,94,0.47,114,86
2000,74,938.0,969,4.84,1062,938
10000,74,4967.0,4306,21.53,5033,4967
20000,74,9988.0,9311,46.56,10012,9988
40000,74,19964.0,14928,74.64,20036,19964
60000,74,29906.0,22192,110.96,30094,29906
80000,74,39891.0,25696,128.48,40109,39891
100000,74,49942.0,29855,149.27,50058,49942
2,75,1.0,1,0.01,1,1
3,75,1.0,1,0.01,2,1
100,75,47.0,52,0.26,53,47
200,75,93.0,88,0.44,107,93
2000,75,1026.0,1026,5.13,974,1026
10000,75,5003.0,5115,25.57,4997,5003
20000,75,9966.0,11173,55.87,10034,9966
40000,75,19927.0,20408,102.04,20073,19927
60000,75,29827.0,34489,172.44,30173,29827
80000,75,39690.0,44983,224.91,40310,39690
100000,75,49590.0,57113,285.56,50410,49590
2,76,2.0,1,0.01,0,2
3,76,2.0,1,0.01,1,2
100,76,42.0,57,0.29,58,42
200,76,102.0,109,0.55,98,102
2000,76,993.0,991,4.95,1007,993
10000,76,5003.0,4157,20.79,4997,5003
20000,76,9997.0,8533,42.67,10003,9997
40000,76,19996.0,16004,80.02,20004,19996
60000,76,30115.0,18738,93.69,29885,30115
80000,76,39987.0,25103,125.51,40013,39987
100000,76,49934.0,30226,151.13,50066,49934
2,77,2.0,1,0.01,0,2
3,77,3.0,1,0.01,0,3
100,77,60.0,52,0.26,40,60
200,77,119.0,97,0.49,81,119
2000,77,1007.0,978,4.89,993,1007
10000,77,4999.0,4897,24.48,5001,4999
20000,77,10030.0,10347,51.74,9970,10030
40000,77,19961.0,18278,91.39,20039,19961
60000,77,29763.0,27311,136.55,30237,29763
80000,77,39736.0,32412,162.06,40264,39736
100000,77,49675.0,45315,226.57,50325,49675
2,78,1.0,1,0.01,1,1
3,78,2.0,2,0.01,1,2
100,78,52.0,57,0.29,48,52
200,78,111.0,118,0.59,89,111
2000,78,994.0,972,4.86,1006,994
10000,78,5010.0,4307,21.54,4990,5010
20000,78,9999.0,9112,45.56,10001,9999
40000,78,20007.0,18794,93.97,19993,20007
60000,78,29865.0,26251,131.25,30135,29865
80000,78,39822.0,36106,180.53,40178,39822
100000,78,49766.0,38228,191.14,50234,49766
2,79,2.0,1,0.01,0,2
3,79,3.0,1,0.01,0,3
100,79,55.0,50,0.25,45,55
200,79,109.0,96,0.48,91,109
2000,79,1025.0,1266,6.33,975,1025
10000,79,5015.0,6895,34.47,4985,5015
20000,79,9975.0,11777,58.89,10025,9975
40000,79,20064.0,25069,125.34,19936,20064
60000,79,29926.0,38847,194.23,30074,29926
80000,79,39898.0,45884,229.42,40102,39898
100000,79,50031.0,46331,231.65,49969,50031
2,80,1.0,1,0.01,1,1
3,80,1.0,2,0.01,2,1
100,80,52.0,47,0.24,48,52
200,80,103.0,95,0.48,97,103
2000,80,1010.0,855,4.27,990,1010
10000,80,4987.0,3535,17.68,5013,4987
20000,80,10021.0,7089,35.44,9979,10021
40000,80,19949.0,15172,75.86,20051,19949
60000,80,29857.0,27301,136.5,30143,29857
80000,80,39897.0,30617,153.08,40103,39897
100000,80,49882.0,34477,172.38,50118,49882
2,81,1.0,1,0.01,1,1
3,81,1.0,1,0.01,2,1
100,81,43.0,45,0.23,57,43
200,81,91.0,96,0.48,109,91
2000,81,983.0,1307,6.53,1017,983
10000,81,4963.0,3161,15.81,5037,4963
20000,81,9944.0,4227,21.14,10056,9944
40000,81,20042.0,9755,48.78,19958,20042
60000,81,30023.0,16308,81.54,29977,30023
80000,81,40019.0,22509,112.54,39981,40019
100000,81,50002.0,27333,136.66,49998,50002
2,82,1.0,1,0.01,1,1
3,82,1.0,2,0.01,2,1
100,82,49.0,44,0.22,51,49
200,82,93.0,75,0.38,107,93
2000,82,962.0,1020,5.1,1038,962
10000,82,4930.0,4345,21.72,5070,4930
20000,82,9924.0,6721,33.6,10076,9924
40000,82,19917.0,14178,70.89,20083,19917
60000,82,29838.0,17306,86.53,30162,29838
80000,82,39817.0,18626,93.13,40183,39817
100000,82,49922.0,18772,93.86,50078,49922
2,83,1.0,1,0.01,1,1
3,83,2.0,2,0.01,1,2
100,83,47.0,45,0.23,53,47
200,83,100.0,95,0.48,100,100
2000,83,994.0,776,3.88,1006,994
10000,83,4978.0,2944,14.72,5022,4978
20000,83,9953.0,7670,38.35,10047,9953
40000,83,19918.0,15296,76.48,20082,19918
60000,83,29902.0,20673,103.36,30098,29902
80000,83,39867.0,25547,127.73,40133,39867
100000,83,49901.0,27921,139.6,50099,49901
2,84,1.0,1,0.01,1,1
3,84,1.0,2,0.01,2,1
100,84,55.0,57,0.29,45,55
200,84,108.0,106,0.53,92,108
2000,84,995.0,931,4.65,1005,995
10000,84,4943.0,5382,26.91,5057,4943
20000,84,10006.0,6885,34.42,9994,10006
40000,84,19784.0,14934,74.67,20216,19784
60000,84,29692.0,25400,127.0,30308,29692
80000,84,39666.0,35774,178.87,40334,39666
100000,84,49672.0,37858,189.29,50328,49672
2,85,0.0,1,0.01,2,0
3,85,1.0,1,0.01,2,1
100,85,50.0,55,0.28,50,50
200,85,100.0,120,0.6,100,100
2000,85,1014.0,1323,6.61,986,1014
10000,85,4947.0,4640,23.2,5053,4947
20000,85,9949.0,7783,38.92,10051,9949
40000,85,19834.0,12693,63.47,20166,19834
60000,85,29788.0,17369,86.84,30212,29788
80000,85,39872.0,19646,98.23,40128,39872
100000,85,49750.0,27004,135.02,50250,49750
2,86,0.0,1,0.01,2,0
3,86,0.0,1,0.01,3,0
100,86,57.0,49,0.25,43,57
200,86,119.0,105,0.53,81,119
2000,86,1057.0,845,4.22,943,1057
10000,86,5051.0,4664,23.32,4949,5051
20000,86,10009.0,8526,42.63,9991,10009
40000,86,20026.0,14963,74.82,19974,20026
60000,86,30023.0,18176,90.88,29977,30023
80000,86,40021.0,24181,120.9,39979,40021
100000,86,50081.0,32887,164.43,49919,50081
2,87,1.0,1,0.01,1,1
3,87,2.0,2,0.01,1,2
100,87,55.0,48,0.24,45,55
200,87,106.0,107,0.54,94,106
2000,87,1031.0,961,4.8,969,1031
10000,87,5002.0,4544,22.72,4998,5002
20000,87,10139.0,8102,40.51,9861,10139
40000,87,20121.0,15729,78.65,19879,20121
60000,87,29938.0,23026,115.13,30062,29938
80000,87,39865.0,28806,144.03,40135,39865
100000,87,49726.0,33923,169.61,50274,49726
2,88,1.0,1,0.01,1,1
3,88,1.0,1,0.01,2,1
100,88,46.0,50,0.25,54,46
200,88,103.0,112,0.56,97,103
2000,88,953.0,942,4.71,1047,953
10000,88,4907.0,4021,20.11,5093,4907
20000,88,9977.0,5454,27.27,10023,9977
40000,88,20006.0,7280,36.4,19994,20006
60000,88,29974.0,11645,58.23,30026,29974
80000,88,39964.0,14936,74.68,40036,39964
100000,88,49891.0,24569,122.84,50109,49891
2,89,0.0,1,0.01,2,0
3,89,1.0,1,0.01,2,1
100,89,48.0,48,0.24,52,48
200,89,97.0,104,0.52,103,97
2000,89,1010.0,944,4.72,990,1010
10000,89,5067.0,3650,18.25,4933,5067
20000,89,10129.0,5042,25.21,9871,10129
40000,89,20004.0,10647,53.24,19996,20004
60000,89,30014.0,15827,79.14,29986,30014
80000,89,39984.0,25501,127.5,40016,39984
100000,89,49943.0,33071,165.35,50057,49943
2,90,0.0,1,0.01,2,0
3,90,0.0,1,0.01,3,0
100,90,47.0,53,0.27,53,47
200,90,91.0,112,0.56,109,91
2000,90,998.0,1145,5.72,1002,998
10000,90,4921.0,5391,26.95,5079,4921
20000,90,9808.0,12219,61.1,10192,9808
40000,90,19717.0,20255,101.27,20283,19717
60000,90,29698.0,21509,107.54,30302,29698
80000,90,39564.0,32778,163.89,40436,39564
100000,90,49478.0,37902,189.51,50522,49478
2,91,1.0,1,0.01,1,1
3,91,1.0,2,0.01,2,1
100,91,48.0,57,0.29,52,48
200,91,99.0,113,0.57,101,99
2000,91,999.0,973,4.86,1001,999
10000,91,4948.0,4195,20.98,5052,4948
20000,91,9874.0,7096,35.48,10126,9874
40000,91,19899.0,16634,83.17,20101,19899
60000,91,29853.0,30141,150.7,30147,29853
80000,91,39861.0,38755,193.77,40139,39861
100000,91,49875.0,41715,208.57,50125,49875
2,92,0.0,1,0.01,2,0
3,92,0.0,1,0.01,3,0
100,92,56.0,54,0.27,44,56
200,92,98.0,102,0.51,102,98
2000,92,970.0,885,4.42,1030,970
10000,92,4978.0,2590,12.95,5022,4978
20000,92,10065.0,3969,19.85,9935,10065
40000,92,20081.0,8432,42.16,19919,20081
60000,92,29940.0,12919,64.6,30060,29940
80000,92,39937.0,17754,88.77,40063,39937
100000,92,49770.0,19437,97.18,50230,49770
2,93,1.0,1,0.01,1,1
3,93,1.0,2,0.01,2,1
100,93,55.0,48,0.24,45,55
200,93,103.0,93,0.47,97,103
2000,93,1023.0,908,4.54,977,1023
10000,93,5032.0,3973,19.87,4968,5032
20000,93,10042.0,8396,41.98,9958,10042
40000,93,19954.0,15775,78.88,20046,19954
60000,93,29980.0,22856,114.28,30020,29980
80000,93,39994.0,25844,129.22,40006,39994
100000,93,50088.0,27406,137.03,49912,50088
2,94,1.0,1,0.01,1,1
3,94,1.0,1,0.01,2,1
100,94,52.0,52,0.26,48,52
200,94,102.0,97,0.49,98,102
2000,94,1001.0,917,4.58,999,1001
10000,94,4931.0,4783,23.91,5069,4931
20000,94,9840.0,9126,45.63,10160,9840
40000,94,19838.0,14480,72.4,20162,19838
60000,94,29939.0,16407,82.03,30061,29939
80000,94,39859.0,25748,128.74,40141,39859
100000,94,49940.0,26792,133.96,50060,49940
2,95,2.0,1,0.01,0,2
3,95,3.0,1,0.01,0,3
100,95,56.0,53,0.27,44,56
200,95,114.0,99,0.5,86,114
2000,95,1013.0,1100,5.5,987,1013
10000,95,4984.0,4348,21.74,5016,4984
20000,95,9992.0,8801,44.01,10008,9992
40000,95,19927.0,19208,96.04,20073,19927
60000,95,29929.0,25326,126.63,30071,29929
80000,95,39965.0,27040,135.2,40035,39965
100000,95,49907.0,30029,150.14,50093,49907
2,96,0.0,1,0.01,2,0
3,96,0.0,1,0.01,3,0
100,96,47.0,52,0.26,53,47
200,96,98.0,112,0.56,102,98
2000,96,1006.0,1038,5.19,994,1006
10000,96,5004.0,4515,22.57,4996,5004
20000,96,9883.0,9467,47.34,10117,9883
40000,96,19794.0,15549,77.75,20206,19794
60000,96,29853.0,17800,89.0,30147,29853
80000,96,39749.0,27111,135.55,40251,39749
100000,96,49576.0,35588,177.94,50424,49576
2,97,1.0,1,0.01,1,1
3,97,2.0,2,0.01,1,2
100,97,52.0,53,0.27,48,52
200,97,104.0,97,0.49,96,104
2000,97,997.0,947,4.73,1003,997
10000,97,5041.0,3464,17.32,4959,5041
20000,97,10093.0,6255,31.27,9907,10093
40000,97,20082.0,15373,76.87,19918,20082
60000,97,30024.0,23112,115.56,29976,30024
80000,97,40049.0,26125,130.62,39951,40049
100000,97,50117.0,27948,139.74,49883,50117
2,98,0.0,1,0.01,2,0
3,98,0.0,1,0.01,3,0
100,98,38.0,52,0.26,62,38
200,98,93.0,95,0.48,107,93
2000,98,969.0,824,4.12,1031,969
10000,98,5010.0,3883,19.42,4990,5010
20000,98,10029.0,6120,30.6,9971,10029
40000,98,20024.0,9615,48.08,19976,20024
60000,98,29902.0,13236,66.18,30098,29902
80000,98,39862.0,23054,115.27,40138,39862
100000,98,49878.0,24215,121.07,50122,49878
2,99,1.0,1,0.01,1,1
3,99,2.0,2,0.01,1,2
100,99,52.0,47,0.24,48,52
200,99,99.0,83,0.42,101,99
2000,99,980.0,1295,6.47,1020,980
10000,99,4883.0,5072,25.36,5117,4883
20000,99,9793.0,8879,44.4,10207,9793
40000,99,19762.0,21274,106.37,20238,19762
60000,99,29735.0,24543,122.71,30265,29735
80000,99,39654.0,31041,155.2,40346,39654
100000,99,49633.0,37120,185.6,50367,49633
2,100,1.0,1,0.01,1,1
3,100,1.0,1,0.01,2,1
100,100,46.0,59,0.3,54,46
200,100,99.0,111,0.56,101,99
2000,100,971.0,784,3.92,1029,971
10000,100,4962.0,3384,16.92,5038,4962
20000,100,9849.0,7311,36.56,10151,9849
40000,100,19851.0,11150,55.75,20149,19851
60000,100,29772.0,14203,71.02,30228,29772
80000,100,39897.0,14755,73.78,40103,39897
100000,100,49797.0,15617,78.09,50203,49797
