Timestep,Iteration,Total Reward,Suboptimal Arms,Total Regret,Zeros Count,Ones Count
2,1,2.0,1,0.1,0,2
3,1,3.0,1,0.1,0,3
100,1,92.0,5,0.5,8,92
200,1,183.0,5,0.5,17,183
2000,1,1798.0,5,0.5,202,1798
10000,1,9009.0,5,0.5,991,9009
20000,1,18019.0,5,0.5,1981,18019
40000,1,35949.0,5,0.5,4051,35949
60000,1,53902.0,5,0.5,6098,53902
80000,1,71918.0,5,0.5,8082,71918
100000,1,89898.0,5,0.5,10102,89898
2,2,1.0,1,0.1,1,1
3,2,1.0,2,0.2,2,1
100,2,76.0,99,9.9,24,76
200,2,152.0,199,19.9,48,152
2000,2,1620.0,1999,199.9,380,1620
10000,2,7994.0,9999,999.9,2006,7994
20000,2,16005.0,19999,1999.9,3995,16005
40000,2,31945.0,39999,3999.9,8055,31945
60000,2,47898.0,59999,5999.9,12102,47898
80000,2,63866.0,79999,7999.9,16134,63866
100000,2,79979.0,99999,9999.9,20021,79979
2,3,2.0,1,0.1,0,2
3,3,3.0,1,0.1,0,3
100,3,95.0,3,0.3,5,95
200,3,189.0,3,0.3,11,189
2000,3,1813.0,3,0.3,187,1813
10000,3,8989.0,3,0.3,1011,8989
20000,3,18016.0,3,0.3,1984,18016
40000,3,35982.0,3,0.3,4018,35982
60000,3,53998.0,3,0.3,6002,53998
80000,3,71998.0,3,0.3,8002,71998
100000,3,89996.0,3,0.3,10004,89996
2,4,2.0,1,0.1,0,2
3,4,3.0,1,0.1,0,3
100,4,86.0,2,0.2,14,86
200,4,178.0,2,0.2,22,178
2000,4,1769.0,2,0.2,231,1769
10000,4,8967.0,2,0.2,1033,8967
20000,4,17938.0,2,0.2,2062,17938
40000,4,35934.0,2,0.2,4066,35934
60000,4,53957.0,2,0.2,6043,53957
80000,4,71990.0,2,0.2,8010,71990
100000,4,89967.0,2,0.2,10033,89967
2,5,2.0,1,0.1,0,2
3,5,3.0,1,0.1,0,3
100,5,91.0,50,5.0,9,91
200,5,180.0,100,10.0,20,180
2000,5,1713.0,1000,100.0,287,1713
10000,5,8502.0,5000,500.0,1498,8502
20000,5,16981.0,10000,1000.0,3019,16981
40000,5,34032.0,20000,2000.0,5968,34032
60000,5,51066.0,30000,3000.0,8934,51066
80000,5,68178.0,40000,4000.0,11822,68178
100000,5,85177.0,50000,5000.0,14823,85177
2,6,2.0,1,0.1,0,2
3,6,3.0,1,0.1,0,3
100,6,78.0,95,9.5,22,78
200,6,155.0,195,19.5,45,155
2000,6,1601.0,1995,199.5,399,1601
10000,6,7994.0,9995,999.5,2006,7994
20000,6,15913.0,19995,1999.5,4087,15913
40000,6,31977.0,39995,3999.5,8023,31977
60000,6,47969.0,59995,5999.5,12031,47969
80000,6,63972.0,79995,7999.5,16028,63972
100000,6,80069.0,99995,9999.5,19931,80069
2,7,1.0,1,0.1,1,1
3,7,2.0,2,0.2,1,2
100,7,83.0,99,9.9,17,83
200,7,159.0,199,19.9,41,159
2000,7,1584.0,1999,199.9,416,1584
10000,7,8035.0,9999,999.9,1965,8035
20000,7,16052.0,19999,1999.9,3948,16052
40000,7,31998.0,39999,3999.9,8002,31998
60000,7,47951.0,59999,5999.9,12049,47951
80000,7,63972.0,79999,7999.9,16028,63972
100000,7,79984.0,99999,9999.9,20016,79984
2,8,2.0,1,0.1,0,2
3,8,2.0,1,0.1,1,2
100,8,75.0,98,9.8,25,75
200,8,154.0,198,19.8,46,154
2000,8,1606.0,1998,199.8,394,1606
10000,8,8005.0,9998,999.8,1995,8005
20000,8,16021.0,19998,1999.8,3979,16021
40000,8,32002.0,39998,3999.8,7998,32002
60000,8,47958.0,59998,5999.8,12042,47958
80000,8,63921.0,79998,7999.8,16079,63921
100000,8,79911.0,99998,9999.8,20089,79911
2,9,2.0,1,0.1,0,2
3,9,3.0,1,0.1,0,3
100,9,88.0,2,0.2,12,88
200,9,180.0,2,0.2,20,180
2000,9,1776.0,2,0.2,224,1776
10000,9,8987.0,2,0.2,1013,8987
20000,9,17949.0,2,0.2,2051,17949
40000,9,35898.0,2,0.2,4102,35898
60000,9,53899.0,2,0.2,6101,53899
80000,9,71892.0,2,0.2,8108,71892
100000,9,89855.0,2,0.2,10145,89855
2,10,2.0,1,0.1,0,2
3,10,2.0,1,0.1,1,2
100,10,85.0,50,5.0,15,85
200,10,170.0,100,10.0,30,170
2000,10,1695.0,1000,100.0,305,1695
10000,10,8471.0,5000,500.0,1529,8471
20000,10,16997.0,10000,1000.0,3003,16997
40000,10,34037.0,20000,2000.0,5963,34037
60000,10,51064.0,30000,3000.0,8936,51064
80000,10,68079.0,40000,4000.0,11921,68079
100000,10,85029.0,50000,5000.0,14971,85029
2,11,2.0,1,0.1,0,2
3,11,3.0,1,0.1,0,3
100,11,82.0,96,9.6,18,82
200,11,167.0,196,19.6,33,167
2000,11,1616.0,1996,199.6,384,1616
10000,11,7986.0,9996,999.6,2014,7986
20000,11,15983.0,19996,1999.6,4017,15983
40000,11,31962.0,39996,3999.6,8038,31962
60000,11,48034.0,59996,5999.6,11966,48034
80000,11,64042.0,79996,7999.6,15958,64042
100000,11,80055.0,99996,9999.6,19945,80055
2,12,2.0,1,0.1,0,2
3,12,3.0,1,0.1,0,3
100,12,87.0,50,5.0,13,87
200,12,178.0,100,10.0,22,178
2000,12,1706.0,1000,100.0,294,1706
10000,12,8474.0,5000,500.0,1526,8474
20000,12,16956.0,10000,1000.0,3044,16956
40000,12,33941.0,20000,2000.0,6059,33941
60000,12,50975.0,30000,3000.0,9025,50975
80000,12,67913.0,40000,4000.0,12087,67913
100000,12,84969.0,50000,5000.0,15031,84969
2,13,1.0,1,0.1,1,1
3,13,2.0,1,0.1,1,2
100,13,83.0,1,0.1,17,83
200,13,177.0,1,0.1,23,177
2000,13,1790.0,1,0.1,210,1790
10000,13,9002.0,1,0.1,998,9002
20000,13,18017.0,1,0.1,1983,18017
40000,13,36002.0,1,0.1,3998,36002
60000,13,53965.0,1,0.1,6035,53965
80000,13,72002.0,1,0.1,7998,72002
100000,13,90056.0,1,0.1,9944,90056
2,14,2.0,1,0.1,0,2
3,14,3.0,1,0.1,0,3
100,14,90.0,3,0.3,10,90
200,14,183.0,3,0.3,17,183
2000,14,1792.0,3,0.3,208,1792
10000,14,9032.0,3,0.3,968,9032
20000,14,18015.0,3,0.3,1985,18015
40000,14,35974.0,3,0.3,4026,35974
60000,14,53993.0,3,0.3,6007,53993
80000,14,71993.0,3,0.3,8007,71993
100000,14,90038.0,3,0.3,9962,90038
2,15,2.0,1,0.1,0,2
3,15,3.0,1,0.1,0,3
100,15,90.0,5,0.5,10,90
200,15,179.0,5,0.5,21,179
2000,15,1782.0,5,0.5,218,1782
10000,15,8976.0,5,0.5,1024,8976
20000,15,17959.0,5,0.5,2041,17959
40000,15,35908.0,5,0.5,4092,35908
60000,15,53861.0,5,0.5,6139,53861
80000,15,71836.0,5,0.5,8164,71836
100000,15,89775.0,5,0.5,10225,89775
2,16,2.0,1,0.1,0,2
3,16,3.0,1,0.1,0,3
100,16,91.0,50,5.0,9,91
200,16,170.0,100,10.0,30,170
2000,16,1678.0,1000,100.0,322,1678
10000,16,8531.0,5000,500.0,1469,8531
20000,16,16951.0,10000,1000.0,3049,16951
40000,16,33969.0,20000,2000.0,6031,33969
60000,16,51009.0,30000,3000.0,8991,51009
80000,16,67986.0,40000,4000.0,12014,67986
100000,16,85068.0,50000,5000.0,14932,85068
2,17,2.0,1,0.1,0,2
3,17,3.0,1,0.1,0,3
100,17,87.0,2,0.2,13,87
200,17,173.0,2,0.2,27,173
2000,17,1802.0,2,0.2,198,1802
10000,17,9035.0,2,0.2,965,9035
20000,17,18000.0,2,0.2,2000,18000
40000,17,35955.0,2,0.2,4045,35955
60000,17,53921.0,2,0.2,6079,53921
80000,17,71894.0,2,0.2,8106,71894
100000,17,89847.0,2,0.2,10153,89847
2,18,2.0,1,0.1,0,2
3,18,3.0,1,0.1,0,3
100,18,90.0,7,0.7,10,90
200,18,180.0,7,0.7,20,180
2000,18,1790.0,7,0.7,210,1790
10000,18,8980.0,7,0.7,1020,8980
20000,18,18011.0,7,0.7,1989,18011
40000,18,35971.0,7,0.7,4029,35971
60000,18,54003.0,7,0.7,5997,54003
80000,18,72062.0,7,0.7,7938,72062
100000,18,90037.0,7,0.7,9963,90037
2,19,2.0,1,0.1,0,2
3,19,3.0,1,0.1,0,3
100,19,85.0,6,0.6,15,85
200,19,182.0,6,0.6,18,182
2000,19,1802.0,6,0.6,198,1802
10000,19,9037.0,6,0.6,963,9037
20000,19,18030.0,6,0.6,1970,18030
40000,19,36060.0,6,0.6,3940,36060
60000,19,54048.0,6,0.6,5952,54048
80000,19,72021.0,6,0.6,7979,72021
100000,19,89999.0,6,0.6,10001,89999
2,20,2.0,1,0.1,0,2
3,20,3.0,1,0.1,0,3
100,20,84.0,50,5.0,16,84
200,20,173.0,100,10.0,27,173
2000,20,1716.0,1000,100.0,284,1716
10000,20,8521.0,5000,500.0,1479,8521
20000,20,16948.0,10000,1000.0,3052,16948
40000,20,33928.0,20000,2000.0,6072,33928
60000,20,50894.0,30000,3000.0,9106,50894
80000,20,67886.0,40000,4000.0,12114,67886
100000,20,84823.0,50000,5000.0,15177,84823
2,21,2.0,1,0.1,0,2
3,21,3.0,1,0.1,0,3
100,21,89.0,3,0.3,11,89
200,21,178.0,3,0.3,22,178
2000,21,1806.0,3,0.3,194,1806
10000,21,9024.0,3,0.3,976,9024
20000,21,18028.0,3,0.3,1972,18028
40000,21,35995.0,3,0.3,4005,35995
60000,21,54007.0,3,0.3,5993,54007
80000,21,72028.0,3,0.3,7972,72028
100000,21,90040.0,3,0.3,9960,90040
2,22,2.0,1,0.1,0,2
3,22,3.0,1,0.1,0,3
100,22,84.0,50,5.0,16,84
200,22,175.0,100,10.0,25,175
2000,22,1673.0,1000,100.0,327,1673
10000,22,8458.0,5000,500.0,1542,8458
20000,22,16921.0,10000,1000.0,3079,16921
40000,22,33894.0,20000,2000.0,6106,33894
60000,22,50878.0,30000,3000.0,9122,50878
80000,22,67859.0,40000,4000.0,12141,67859
100000,22,84910.0,50000,5000.0,15090,84910
2,23,2.0,1,0.1,0,2
3,23,3.0,1,0.1,0,3
100,23,80.0,95,9.5,20,80
200,23,159.0,195,19.5,41,159
2000,23,1614.0,1995,199.5,386,1614
10000,23,7972.0,9995,999.5,2028,7972
20000,23,16047.0,19995,1999.5,3953,16047
40000,23,31997.0,39995,3999.5,8003,31997
60000,23,48076.0,59995,5999.5,11924,48076
80000,23,64057.0,79995,7999.5,15943,64057
100000,23,80075.0,99995,9999.5,19925,80075
2,24,1.0,1,0.1,1,1
3,24,2.0,1,0.1,1,2
100,24,91.0,1,0.1,9,91
200,24,176.0,1,0.1,24,176
2000,24,1796.0,1,0.1,204,1796
10000,24,8990.0,1,0.1,1010,8990
20000,24,17949.0,1,0.1,2051,17949
40000,24,35940.0,1,0.1,4060,35940
60000,24,53961.0,1,0.1,6039,53961
80000,24,71900.0,1,0.1,8100,71900
100000,24,89880.0,1,0.1,10120,89880
2,25,2.0,1,0.1,0,2
3,25,3.0,1,0.1,0,3
100,25,90.0,50,5.0,10,90
200,25,175.0,100,10.0,25,175
2000,25,1724.0,1000,100.0,276,1724
10000,25,8540.0,5000,500.0,1460,8540
20000,25,17033.0,10000,1000.0,2967,17033
40000,25,34036.0,20000,2000.0,5964,34036
60000,25,51074.0,30000,3000.0,8926,51074
80000,25,68094.0,40000,4000.0,11906,68094
100000,25,85159.0,50000,5000.0,14841,85159
2,26,2.0,1,0.1,0,2
3,26,3.0,1,0.1,0,3
100,26,92.0,2,0.2,8,92
200,26,182.0,2,0.2,18,182
2000,26,1819.0,2,0.2,181,1819
10000,26,8993.0,2,0.2,1007,8993
20000,26,17974.0,2,0.2,2026,17974
40000,26,35985.0,2,0.2,4015,35985
60000,26,53951.0,2,0.2,6049,53951
80000,26,71975.0,2,0.2,8025,71975
100000,26,89933.0,2,0.2,10067,89933
2,27,2.0,1,0.1,0,2
3,27,3.0,1,0.1,0,3
100,27,87.0,95,9.5,13,87
200,27,167.0,195,19.5,33,167
2000,27,1583.0,1995,199.5,417,1583
10000,27,7997.0,9995,999.5,2003,7997
20000,27,15999.0,19995,1999.5,4001,15999
40000,27,32089.0,39995,3999.5,7911,32089
60000,27,47988.0,59995,5999.5,12012,47988
80000,27,63988.0,79995,7999.5,16012,63988
100000,27,79900.0,99995,9999.5,20100,79900
2,28,2.0,1,0.1,0,2
3,28,2.0,1,0.1,1,2
100,28,76.0,98,9.8,24,76
200,28,152.0,198,19.8,48,152
2000,28,1584.0,1998,199.8,416,1584
10000,28,8039.0,9998,999.8,1961,8039
20000,28,16048.0,19998,1999.8,3952,16048
40000,28,32142.0,39998,3999.8,7858,32142
60000,28,48132.0,59998,5999.8,11868,48132
80000,28,64118.0,79998,7999.8,15882,64118
100000,28,80078.0,99998,9999.8,19922,80078
2,29,2.0,1,0.1,0,2
3,29,3.0,1,0.1,0,3
100,29,89.0,2,0.2,11,89
200,29,178.0,2,0.2,22,178
2000,29,1785.0,2,0.2,215,1785
10000,29,8991.0,2,0.2,1009,8991
20000,29,17940.0,2,0.2,2060,17940
40000,29,35901.0,2,0.2,4099,35901
60000,29,53937.0,2,0.2,6063,53937
80000,29,71856.0,2,0.2,8144,71856
100000,29,89927.0,2,0.2,10073,89927
2,30,1.0,1,0.1,1,1
3,30,1.0,1,0.1,2,1
100,30,87.0,1,0.1,13,87
200,30,177.0,1,0.1,23,177
2000,30,1801.0,1,0.1,199,1801
10000,30,8997.0,1,0.1,1003,8997
20000,30,17987.0,1,0.1,2013,17987
40000,30,35967.0,1,0.1,4033,35967
60000,30,53921.0,1,0.1,6079,53921
80000,30,71897.0,1,0.1,8103,71897
100000,30,89894.0,1,0.1,10106,89894
2,31,2.0,1,0.1,0,2
3,31,3.0,1,0.1,0,3
100,31,87.0,2,0.2,13,87
200,31,175.0,2,0.2,25,175
2000,31,1802.0,2,0.2,198,1802
10000,31,8994.0,2,0.2,1006,8994
20000,31,17945.0,2,0.2,2055,17945
40000,31,35879.0,2,0.2,4121,35879
60000,31,53867.0,2,0.2,6133,53867
80000,31,71792.0,2,0.2,8208,71792
100000,31,89821.0,2,0.2,10179,89821
2,32,2.0,1,0.1,0,2
3,32,3.0,1,0.1,0,3
100,32,84.0,50,5.0,16,84
200,32,171.0,100,10.0,29,171
2000,32,1723.0,1000,100.0,277,1723
10000,32,8513.0,5000,500.0,1487,8513
20000,32,16998.0,10000,1000.0,3002,16998
40000,32,34015.0,20000,2000.0,5985,34015
60000,32,51044.0,30000,3000.0,8956,51044
80000,32,67945.0,40000,4000.0,12055,67945
100000,32,84938.0,50000,5000.0,15062,84938
2,33,2.0,1,0.1,0,2
3,33,3.0,1,0.1,0,3
100,33,81.0,97,9.7,19,81
200,33,166.0,197,19.7,34,166
2000,33,1597.0,1997,199.7,403,1597
10000,33,8019.0,9997,999.7,1981,8019
20000,33,16056.0,19997,1999.7,3944,16056
40000,33,31981.0,39997,3999.7,8019,31981
60000,33,47963.0,59997,5999.7,12037,47963
80000,33,63987.0,79997,7999.7,16013,63987
100000,33,80036.0,99997,9999.7,19964,80036
2,34,1.0,1,0.1,1,1
3,34,2.0,1,0.1,1,2
100,34,90.0,1,0.1,10,90
200,34,183.0,1,0.1,17,183
2000,34,1806.0,1,0.1,194,1806
10000,34,9001.0,1,0.1,999,9001
20000,34,17971.0,1,0.1,2029,17971
40000,34,35986.0,1,0.1,4014,35986
60000,34,53993.0,1,0.1,6007,53993
80000,34,71951.0,1,0.1,8049,71951
100000,34,89880.0,1,0.1,10120,89880
2,35,1.0,1,0.1,1,1
3,35,2.0,1,0.1,1,2
100,35,90.0,1,0.1,10,90
200,35,182.0,1,0.1,18,182
2000,35,1784.0,1,0.1,216,1784
10000,35,8995.0,1,0.1,1005,8995
20000,35,17951.0,1,0.1,2049,17951
40000,35,36002.0,1,0.1,3998,36002
60000,35,54029.0,1,0.1,5971,54029
80000,35,72037.0,1,0.1,7963,72037
100000,35,90083.0,1,0.1,9917,90083
2,36,1.0,1,0.1,1,1
3,36,2.0,2,0.2,1,2
100,36,86.0,99,9.9,14,86
200,36,167.0,199,19.9,33,167
2000,36,1616.0,1999,199.9,384,1616
10000,36,8037.0,9999,999.9,1963,8037
20000,36,16072.0,19999,1999.9,3928,16072
40000,36,32021.0,39999,3999.9,7979,32021
60000,36,47944.0,59999,5999.9,12056,47944
80000,36,63908.0,79999,7999.9,16092,63908
100000,36,79780.0,99999,9999.9,20220,79780
2,37,2.0,1,0.1,0,2
3,37,2.0,1,0.1,1,2
100,37,88.0,7,0.7,12,88
200,37,184.0,7,0.7,16,184
2000,37,1831.0,7,0.7,169,1831
10000,37,9020.0,7,0.7,980,9020
20000,37,18046.0,7,0.7,1954,18046
40000,37,36034.0,7,0.7,3966,36034
60000,37,54059.0,7,0.7,5941,54059
80000,37,72077.0,7,0.7,7923,72077
100000,37,90086.0,7,0.7,9914,90086
2,38,2.0,1,0.1,0,2
3,38,3.0,1,0.1,0,3
100,38,89.0,2,0.2,11,89
200,38,179.0,2,0.2,21,179
2000,38,1790.0,2,0.2,210,1790
10000,38,8965.0,2,0.2,1035,8965
20000,38,18005.0,2,0.2,1995,18005
40000,38,35924.0,2,0.2,4076,35924
60000,38,53910.0,2,0.2,6090,53910
80000,38,71826.0,2,0.2,8174,71826
100000,38,89832.0,2,0.2,10168,89832
2,39,2.0,1,0.1,0,2
3,39,3.0,1,0.1,0,3
100,39,79.0,97,9.7,21,79
200,39,154.0,197,19.7,46,154
2000,39,1568.0,1997,199.7,432,1568
10000,39,8016.0,9997,999.7,1984,8016
20000,39,16041.0,19997,1999.7,3959,16041
40000,39,32164.0,39997,3999.7,7836,32164
60000,39,48193.0,59997,5999.7,11807,48193
80000,39,64174.0,79997,7999.7,15826,64174
100000,39,80239.0,99997,9999.7,19761,80239
2,40,2.0,1,0.1,0,2
3,40,3.0,1,0.1,0,3
100,40,90.0,4,0.4,10,90
200,40,180.0,4,0.4,20,180
2000,40,1805.0,4,0.4,195,1805
10000,40,9041.0,4,0.4,959,9041
20000,40,18105.0,4,0.4,1895,18105
40000,40,36134.0,4,0.4,3866,36134
60000,40,54088.0,4,0.4,5912,54088
80000,40,72073.0,4,0.4,7927,72073
100000,40,89980.0,4,0.4,10020,89980
2,41,1.0,1,0.1,1,1
3,41,2.0,1,0.1,1,2
100,41,89.0,1,0.1,11,89
200,41,177.0,1,0.1,23,177
2000,41,1802.0,1,0.1,198,1802
10000,41,9008.0,1,0.1,992,9008
20000,41,18017.0,1,0.1,1983,18017
40000,41,36003.0,1,0.1,3997,36003
60000,41,53995.0,1,0.1,6005,53995
80000,41,72028.0,1,0.1,7972,72028
100000,41,89969.0,1,0.1,10031,89969
2,42,2.0,1,0.1,0,2
3,42,3.0,1,0.1,0,3
100,42,97.0,5,0.5,3,97
200,42,185.0,5,0.5,15,185
2000,42,1802.0,5,0.5,198,1802
10000,42,8995.0,5,0.5,1005,8995
20000,42,18006.0,5,0.5,1994,18006
40000,42,36022.0,5,0.5,3978,36022
60000,42,54052.0,5,0.5,5948,54052
80000,42,72016.0,5,0.5,7984,72016
100000,42,90041.0,5,0.5,9959,90041
2,43,2.0,1,0.1,0,2
3,43,3.0,1,0.1,0,3
100,43,87.0,2,0.2,13,87
200,43,173.0,2,0.2,27,173
2000,43,1787.0,2,0.2,213,1787
10000,43,8978.0,2,0.2,1022,8978
20000,43,17938.0,2,0.2,2062,17938
40000,43,35941.0,2,0.2,4059,35941
60000,43,53892.0,2,0.2,6108,53892
80000,43,71862.0,2,0.2,8138,71862
100000,43,89860.0,2,0.2,10140,89860
2,44,0.0,1,0.1,2,0
3,44,1.0,1,0.1,2,1
100,44,86.0,3,0.3,14,86
200,44,176.0,3,0.3,24,176
2000,44,1802.0,3,0.3,198,1802
10000,44,9037.0,3,0.3,963,9037
20000,44,18053.0,3,0.3,1947,18053
40000,44,35984.0,3,0.3,4016,35984
60000,44,53990.0,3,0.3,6010,53990
80000,44,72031.0,3,0.3,7969,72031
100000,44,89966.0,3,0.3,10034,89966
2,45,2.0,1,0.1,0,2
3,45,3.0,1,0.1,0,3
100,45,79.0,96,9.6,21,79
200,45,161.0,196,19.6,39,161
2000,45,1595.0,1996,199.6,405,1595
10000,45,8021.0,9996,999.6,1979,8021
20000,45,16002.0,19996,1999.6,3998,16002
40000,45,32120.0,39996,3999.6,7880,32120
60000,45,48233.0,59996,5999.6,11767,48233
80000,45,64275.0,79996,7999.6,15725,64275
100000,45,80270.0,99996,9999.6,19730,80270
2,46,2.0,1,0.1,0,2
3,46,3.0,1,0.1,0,3
100,46,88.0,2,0.2,12,88
200,46,175.0,2,0.2,25,175
2000,46,1779.0,2,0.2,221,1779
10000,46,8948.0,2,0.2,1052,8948
20000,46,17940.0,2,0.2,2060,17940
40000,46,35887.0,2,0.2,4113,35887
60000,46,53944.0,2,0.2,6056,53944
80000,46,71970.0,2,0.2,8030,71970
100000,46,89940.0,2,0.2,10060,89940
2,47,2.0,1,0.1,0,2
3,47,3.0,1,0.1,0,3
100,47,86.0,50,5.0,14,86
200,47,168.0,100,10.0,32,168
2000,47,1690.0,1000,100.0,310,1690
10000,47,8470.0,5000,500.0,1530,8470
20000,47,16991.0,10000,1000.0,3009,16991
40000,47,33906.0,20000,2000.0,6094,33906
60000,47,50840.0,30000,3000.0,9160,50840
80000,47,67836.0,40000,4000.0,12164,67836
100000,47,84879.0,50000,5000.0,15121,84879
2,48,2.0,1,0.1,0,2
3,48,3.0,1,0.1,0,3
100,48,91.0,7,0.7,9,91
200,48,176.0,7,0.7,24,176
2000,48,1783.0,7,0.7,217,1783
10000,48,8971.0,7,0.7,1029,8971
20000,48,17993.0,7,0.7,2007,17993
40000,48,35923.0,7,0.7,4077,35923
60000,48,53975.0,7,0.7,6025,53975
80000,48,71969.0,7,0.7,8031,71969
100000,48,89973.0,7,0.7,10027,89973
2,49,2.0,1,0.1,0,2
3,49,3.0,1,0.1,0,3
100,49,87.0,2,0.2,13,87
200,49,172.0,2,0.2,28,172
2000,49,1794.0,2,0.2,206,1794
10000,49,9044.0,2,0.2,956,9044
20000,49,18058.0,2,0.2,1942,18058
40000,49,36025.0,2,0.2,3975,36025
60000,49,54009.0,2,0.2,5991,54009
80000,49,71973.0,2,0.2,8027,71973
100000,49,89993.0,2,0.2,10007,89993
2,50,1.0,1,0.1,1,1
3,50,2.0,1,0.1,1,2
100,50,94.0,1,0.1,6,94
200,50,188.0,1,0.1,12,188
2000,50,1834.0,1,0.1,166,1834
10000,50,9068.0,1,0.1,932,9068
20000,50,18003.0,1,0.1,1997,18003
40000,50,36023.0,1,0.1,3977,36023
60000,50,54048.0,1,0.1,5952,54048
80000,50,72037.0,1,0.1,7963,72037
100000,50,90103.0,1,0.1,9897,90103
2,51,2.0,1,0.1,0,2
3,51,3.0,1,0.1,0,3
100,51,88.0,3,0.3,12,88
200,51,174.0,3,0.3,26,174
2000,51,1778.0,3,0.3,222,1778
10000,51,8987.0,3,0.3,1013,8987
20000,51,18015.0,3,0.3,1985,18015
40000,51,35983.0,3,0.3,4017,35983
60000,51,54012.0,3,0.3,5988,54012
80000,51,72022.0,3,0.3,7978,72022
100000,51,90013.0,3,0.3,9987,90013
2,52,2.0,1,0.1,0,2
3,52,3.0,1,0.1,0,3
100,52,93.0,4,0.4,7,93
200,52,184.0,4,0.4,16,184
2000,52,1782.0,4,0.4,218,1782
10000,52,8959.0,4,0.4,1041,8959
20000,52,17997.0,4,0.4,2003,17997
40000,52,36035.0,4,0.4,3965,36035
60000,52,54009.0,4,0.4,5991,54009
80000,52,72040.0,4,0.4,7960,72040
100000,52,90004.0,4,0.4,9996,90004
2,53,2.0,1,0.1,0,2
3,53,3.0,1,0.1,0,3
100,53,84.0,50,5.0,16,84
200,53,167.0,100,10.0,33,167
2000,53,1712.0,1000,100.0,288,1712
10000,53,8490.0,5000,500.0,1510,8490
20000,53,17006.0,10000,1000.0,2994,17006
40000,53,34041.0,20000,2000.0,5959,34041
60000,53,51025.0,30000,3000.0,8975,51025
80000,53,68015.0,40000,4000.0,11985,68015
100000,53,84903.0,50000,5000.0,15097,84903
2,54,1.0,1,0.1,1,1
3,54,2.0,1,0.1,1,2
100,54,88.0,1,0.1,12,88
200,54,177.0,1,0.1,23,177
2000,54,1803.0,1,0.1,197,1803
10000,54,9015.0,1,0.1,985,9015
20000,54,17988.0,1,0.1,2012,17988
40000,54,36052.0,1,0.1,3948,36052
60000,54,54050.0,1,0.1,5950,54050
80000,54,72054.0,1,0.1,7946,72054
100000,54,90018.0,1,0.1,9982,90018
2,55,2.0,1,0.1,0,2
3,55,3.0,1,0.1,0,3
100,55,90.0,3,0.3,10,90
200,55,176.0,3,0.3,24,176
2000,55,1808.0,3,0.3,192,1808
10000,55,9057.0,3,0.3,943,9057
20000,55,18108.0,3,0.3,1892,18108
40000,55,36099.0,3,0.3,3901,36099
60000,55,54079.0,3,0.3,5921,54079
80000,55,72095.0,3,0.3,7905,72095
100000,55,90089.0,3,0.3,9911,90089
2,56,2.0,1,0.1,0,2
3,56,3.0,1,0.1,0,3
100,56,88.0,50,5.0,12,88
200,56,176.0,100,10.0,24,176
2000,56,1721.0,1000,100.0,279,1721
10000,56,8514.0,5000,500.0,1486,8514
20000,56,17016.0,10000,1000.0,2984,17016
40000,56,33988.0,20000,2000.0,6012,33988
60000,56,50915.0,30000,3000.0,9085,50915
80000,56,67970.0,40000,4000.0,12030,67970
100000,56,85017.0,50000,5000.0,14983,85017
2,57,2.0,1,0.1,0,2
3,57,3.0,1,0.1,0,3
100,57,94.0,6,0.6,6,94
200,57,186.0,6,0.6,14,186
2000,57,1805.0,6,0.6,195,1805
10000,57,9041.0,6,0.6,959,9041
20000,57,17985.0,6,0.6,2015,17985
40000,57,36005.0,6,0.6,3995,36005
60000,57,53989.0,6,0.6,6011,53989
80000,57,71998.0,6,0.6,8002,71998
100000,57,90072.0,6,0.6,9928,90072
2,58,2.0,1,0.1,0,2
3,58,3.0,1,0.1,0,3
100,58,78.0,96,9.6,22,78
200,58,160.0,196,19.6,40,160
2000,58,1593.0,1996,199.6,407,1593
10000,58,8040.0,9996,999.6,1960,8040
20000,58,16010.0,19996,1999.6,3990,16010
40000,58,32044.0,39996,3999.6,7956,32044
60000,58,48033.0,59996,5999.6,11967,48033
80000,58,64031.0,79996,7999.6,15969,64031
100000,58,80073.0,99996,9999.6,19927,80073
2,59,2.0,1,0.1,0,2
3,59,3.0,1,0.1,0,3
100,59,86.0,4,0.4,14,86
200,59,176.0,4,0.4,24,176
2000,59,1788.0,4,0.4,212,1788
10000,59,8962.0,4,0.4,1038,8962
20000,59,17964.0,4,0.4,2036,17964
40000,59,36002.0,4,0.4,3998,36002
60000,59,53971.0,4,0.4,6029,53971
80000,59,72007.0,4,0.4,7993,72007
100000,59,90061.0,4,0.4,9939,90061
2,60,2.0,1,0.1,0,2
3,60,3.0,1,0.1,0,3
100,60,87.0,2,0.2,13,87
200,60,176.0,2,0.2,24,176
2000,60,1778.0,2,0.2,222,1778
10000,60,9014.0,2,0.2,986,9014
20000,60,18016.0,2,0.2,1984,18016
40000,60,35903.0,2,0.2,4097,35903
60000,60,53789.0,2,0.2,6211,53789
80000,60,71774.0,2,0.2,8226,71774
100000,60,89788.0,2,0.2,10212,89788
2,61,2.0,1,0.1,0,2
3,61,3.0,1,0.1,0,3
100,61,93.0,7,0.7,7,93
200,61,181.0,7,0.7,19,181
2000,61,1785.0,7,0.7,215,1785
10000,61,9012.0,7,0.7,988,9012
20000,61,18019.0,7,0.7,1981,18019
40000,61,35983.0,7,0.7,4017,35983
60000,61,53931.0,7,0.7,6069,53931
80000,61,71919.0,7,0.7,8081,71919
100000,61,89925.0,7,0.7,10075,89925
2,62,2.0,1,0.1,0,2
3,62,3.0,1,0.1,0,3
100,62,89.0,2,0.2,11,89
200,62,180.0,2,0.2,20,180
2000,62,1819.0,2,0.2,181,1819
10000,62,9037.0,2,0.2,963,9037
20000,62,18024.0,2,0.2,1976,18024
40000,62,35960.0,2,0.2,4040,35960
60000,62,53990.0,2,0.2,6010,53990
80000,62,71959.0,2,0.2,8041,71959
100000,62,89988.0,2,0.2,10012,89988
2,63,2.0,1,0.1,0,2
3,63,3.0,1,0.1,0,3
100,63,93.0,4,0.4,7,93
200,63,181.0,4,0.4,19,181
2000,63,1818.0,4,0.4,182,1818
10000,63,8979.0,4,0.4,1021,8979
20000,63,17966.0,4,0.4,2034,17966
40000,63,35961.0,4,0.4,4039,35961
60000,63,53950.0,4,0.4,6050,53950
80000,63,71945.0,4,0.4,8055,71945
100000,63,89882.0,4,0.4,10118,89882
2,64,2.0,1,0.1,0,2
3,64,3.0,1,0.1,0,3
100,64,80.0,50,5.0,20,80
200,64,167.0,100,10.0,33,167
2000,64,1695.0,1000,100.0,305,1695
10000,64,8501.0,5000,500.0,1499,8501
20000,64,17058.0,10000,1000.0,2942,17058
40000,64,34115.0,20000,2000.0,5885,34115
60000,64,51185.0,30000,3000.0,8815,51185
80000,64,68144.0,40000,4000.0,11856,68144
100000,64,85079.0,50000,5000.0,14921,85079
2,65,2.0,1,0.1,0,2
3,65,3.0,1,0.1,0,3
100,65,90.0,3,0.3,10,90
200,65,175.0,3,0.3,25,175
2000,65,1786.0,3,0.3,214,1786
10000,65,8997.0,3,0.3,1003,8997
20000,65,17986.0,3,0.3,2014,17986
40000,65,35940.0,3,0.3,4060,35940
60000,65,53914.0,3,0.3,6086,53914
80000,65,71956.0,3,0.3,8044,71956
100000,65,89884.0,3,0.3,10116,89884
2,66,1.0,1,0.1,1,1
3,66,2.0,1,0.1,1,2
100,66,85.0,1,0.1,15,85
200,66,176.0,1,0.1,24,176
2000,66,1794.0,1,0.1,206,1794
10000,66,9018.0,1,0.1,982,9018
20000,66,17964.0,1,0.1,2036,17964
40000,66,35900.0,1,0.1,4100,35900
60000,66,53908.0,1,0.1,6092,53908
80000,66,71909.0,1,0.1,8091,71909
100000,66,89959.0,1,0.1,10041,89959
2,67,2.0,1,0.1,0,2
3,67,2.0,1,0.1,1,2
100,67,88.0,3,0.3,12,88
200,67,180.0,3,0.3,20,180
2000,67,1786.0,3,0.3,214,1786
10000,67,8972.0,3,0.3,1028,8972
20000,67,17955.0,3,0.3,2045,17955
40000,67,35978.0,3,0.3,4022,35978
60000,67,53978.0,3,0.3,6022,53978
80000,67,71965.0,3,0.3,8035,71965
100000,67,90037.0,3,0.3,9963,90037
2,68,1.0,1,0.1,1,1
3,68,2.0,1,0.1,1,2
100,68,92.0,1,0.1,8,92
200,68,183.0,1,0.1,17,183
2000,68,1811.0,1,0.1,189,1811
10000,68,9033.0,1,0.1,967,9033
20000,68,18056.0,1,0.1,1944,18056
40000,68,36012.0,1,0.1,3988,36012
60000,68,53979.0,1,0.1,6021,53979
80000,68,71973.0,1,0.1,8027,71973
100000,68,89979.0,1,0.1,10021,89979
2,69,2.0,1,0.1,0,2
3,69,3.0,1,0.1,0,3
100,69,88.0,50,5.0,12,88
200,69,168.0,100,10.0,32,168
2000,69,1667.0,1000,100.0,333,1667
10000,69,8471.0,5000,500.0,1529,8471
20000,69,16977.0,10000,1000.0,3023,16977
40000,69,34073.0,20000,2000.0,5927,34073
60000,69,51040.0,30000,3000.0,8960,51040
80000,69,68046.0,40000,4000.0,11954,68046
100000,69,85048.0,50000,5000.0,14952,85048
2,70,1.0,1,0.1,1,1
3,70,2.0,1,0.1,1,2
100,70,89.0,1,0.1,11,89
200,70,173.0,1,0.1,27,173
2000,70,1786.0,1,0.1,214,1786
10000,70,9000.0,1,0.1,1000,9000
20000,70,17970.0,1,0.1,2030,17970
40000,70,36042.0,1,0.1,3958,36042
60000,70,54104.0,1,0.1,5896,54104
80000,70,72079.0,1,0.1,7921,72079
100000,70,90036.0,1,0.1,9964,90036
2,71,2.0,1,0.1,0,2
3,71,3.0,1,0.1,0,3
100,71,83.0,4,0.4,17,83
200,71,173.0,4,0.4,27,173
2000,71,1795.0,4,0.4,205,1795
10000,71,8952.0,4,0.4,1048,8952
20000,71,17951.0,4,0.4,2049,17951
40000,71,35961.0,4,0.4,4039,35961
60000,71,54039.0,4,0.4,5961,54039
80000,71,72050.0,4,0.4,7950,72050
100000,71,90060.0,4,0.4,9940,90060
2,72,2.0,1,0.1,0,2
3,72,3.0,1,0.1,0,3
100,72,87.0,5,0.5,13,87
200,72,178.0,5,0.5,22,178
2000,72,1805.0,5,0.5,195,1805
10000,72,9044.0,5,0.5,956,9044
20000,72,18121.0,5,0.5,1879,18121
40000,72,36092.0,5,0.5,3908,36092
60000,72,54079.0,5,0.5,5921,54079
80000,72,72078.0,5,0.5,7922,72078
100000,72,90063.0,5,0.5,9937,90063
2,73,1.0,1,0.1,1,1
3,73,2.0,1,0.1,1,2
100,73,95.0,1,0.1,5,95
200,73,189.0,1,0.1,11,189
2000,73,1836.0,1,0.1,164,1836
10000,73,9032.0,1,0.1,968,9032
20000,73,18070.0,1,0.1,1930,18070
40000,73,36062.0,1,0.1,3938,36062
60000,73,54041.0,1,0.1,5959,54041
80000,73,72044.0,1,0.1,7956,72044
100000,73,90033.0,1,0.1,9967,90033
2,74,2.0,1,0.1,0,2
3,74,2.0,1,0.1,1,2
100,74,79.0,98,9.8,21,79
200,74,156.0,198,19.8,44,156
2000,74,1579.0,1998,199.8,421,1579
10000,74,7982.0,9998,999.8,2018,7982
20000,74,15975.0,19998,1999.8,4025,15975
40000,74,31970.0,39998,3999.8,8030,31970
60000,74,48036.0,59998,5999.8,11964,48036
80000,74,63991.0,79998,7999.8,16009,63991
100000,74,79932.0,99998,9999.8,20068,79932
2,75,1.0,1,0.1,1,1
3,75,2.0,1,0.1,1,2
100,75,88.0,1,0.1,12,88
200,75,176.0,1,0.1,24,176
2000,75,1790.0,1,0.1,210,1790
10000,75,8988.0,1,0.1,1012,8988
20000,75,17943.0,1,0.1,2057,17943
40000,75,36020.0,1,0.1,3980,36020
60000,75,54047.0,1,0.1,5953,54047
80000,75,72087.0,1,0.1,7913,72087
100000,75,90165.0,1,0.1,9835,90165
2,76,2.0,1,0.1,0,2
3,76,3.0,1,0.1,0,3
100,76,88.0,4,0.4,12,88
200,76,181.0,4,0.4,19,181
2000,76,1802.0,4,0.4,198,1802
10000,76,8951.0,4,0.4,1049,8951
20000,76,17933.0,4,0.4,2067,17933
40000,76,35961.0,4,0.4,4039,35961
60000,76,53961.0,4,0.4,6039,53961
80000,76,71914.0,4,0.4,8086,71914
100000,76,89926.0,4,0.4,10074,89926
2,77,2.0,1,0.1,0,2
3,77,3.0,1,0.1,0,3
100,77,78.0,97,9.7,22,78
200,77,158.0,197,19.7,42,158
2000,77,1593.0,1997,199.7,407,1593
10000,77,7939.0,9997,999.7,2061,7939
20000,77,15881.0,19997,1999.7,4119,15881
40000,77,31994.0,39997,3999.7,8006,31994
60000,77,47956.0,59997,5999.7,12044,47956
80000,77,63960.0,79997,7999.7,16040,63960
100000,77,79883.0,99997,9999.7,20117,79883
2,78,2.0,1,0.1,0,2
3,78,3.0,1,0.1,0,3
100,78,93.0,5,0.5,7,93
200,78,178.0,5,0.5,22,178
2000,78,1806.0,5,0.5,194,1806
10000,78,8967.0,5,0.5,1033,8967
20000,78,17944.0,5,0.5,2056,17944
40000,78,35977.0,5,0.5,4023,35977
60000,78,53945.0,5,0.5,6055,53945
80000,78,71914.0,5,0.5,8086,71914
100000,78,89910.0,5,0.5,10090,89910
2,79,1.0,1,0.1,1,1
3,79,2.0,1,0.1,1,2
100,79,84.0,1,0.1,16,84
200,79,170.0,1,0.1,30,170
2000,79,1787.0,1,0.1,213,1787
10000,79,8980.0,1,0.1,1020,8980
20000,79,18014.0,1,0.1,1986,18014
40000,79,36008.0,1,0.1,3992,36008
60000,79,53993.0,1,0.1,6007,53993
80000,79,72029.0,1,0.1,7971,72029
100000,79,90118.0,1,0.1,9882,90118
2,80,2.0,1,0.1,0,2
3,80,3.0,1,0.1,0,3
100,80,78.0,94,9.4,22,78
200,80,152.0,194,19.4,48,152
2000,80,1596.0,1994,199.4,404,1596
10000,80,8056.0,9994,999.4,1944,8056
20000,80,16112.0,19994,1999.4,3888,16112
40000,80,32134.0,39994,3999.4,7866,32134
60000,80,48208.0,59994,5999.4,11792,48208
80000,80,64243.0,79994,7999.4,15757,64243
100000,80,80265.0,99994,9999.4,19735,80265
2,81,2.0,1,0.1,0,2
3,81,3.0,1,0.1,0,3
100,81,85.0,50,5.0,15,85
200,81,170.0,100,10.0,30,170
2000,81,1712.0,1000,100.0,288,1712
10000,81,8515.0,5000,500.0,1485,8515
20000,81,17019.0,10000,1000.0,2981,17019
40000,81,34002.0,20000,2000.0,5998,34002
60000,81,50929.0,30000,3000.0,9071,50929
80000,81,67966.0,40000,4000.0,12034,67966
100000,81,84905.0,50000,5000.0,15095,84905
2,82,2.0,1,0.1,0,2
3,82,3.0,1,0.1,0,3
100,82,88.0,7,0.7,12,88
200,82,180.0,7,0.7,20,180
2000,82,1797.0,7,0.7,203,1797
10000,82,8947.0,7,0.7,1053,8947
20000,82,17924.0,7,0.7,2076,17924
40000,82,35931.0,7,0.7,4069,35931
60000,82,53941.0,7,0.7,6059,53941
80000,82,72053.0,7,0.7,7947,72053
100000,82,90090.0,7,0.7,9910,90090
2,83,1.0,1,0.1,1,1
3,83,2.0,1,0.1,1,2
100,83,92.0,1,0.1,8,92
200,83,186.0,1,0.1,14,186
2000,83,1804.0,1,0.1,196,1804
10000,83,8998.0,1,0.1,1002,8998
20000,83,17964.0,1,0.1,2036,17964
40000,83,35968.0,1,0.1,4032,35968
60000,83,53967.0,1,0.1,6033,53967
80000,83,72005.0,1,0.1,7995,72005
100000,83,90030.0,1,0.1,9970,90030
2,84,2.0,1,0.1,0,2
3,84,3.0,1,0.1,0,3
100,84,78.0,94,9.4,22,78
200,84,161.0,194,19.4,39,161
2000,84,1603.0,1994,199.4,397,1603
10000,84,8028.0,9994,999.4,1972,8028
20000,84,15996.0,19994,1999.4,4004,15996
40000,84,31963.0,39994,3999.4,8037,31963
60000,84,47953.0,59994,5999.4,12047,47953
80000,84,63952.0,79994,7999.4,16048,63952
100000,84,79972.0,99994,9999.4,20028,79972
2,85,1.0,1,0.1,1,1
3,85,2.0,1,0.1,1,2
100,85,92.0,1,0.1,8,92
200,85,181.0,1,0.1,19,181
2000,85,1787.0,1,0.1,213,1787
10000,85,8985.0,1,0.1,1015,8985
20000,85,17961.0,1,0.1,2039,17961
40000,85,35938.0,1,0.1,4062,35938
60000,85,53984.0,1,0.1,6016,53984
80000,85,71946.0,1,0.1,8054,71946
100000,85,89870.0,1,0.1,10130,89870
2,86,1.0,1,0.1,1,1
3,86,2.0,1,0.1,1,2
100,86,96.0,1,0.1,4,96
200,86,184.0,1,0.1,16,184
2000,86,1792.0,1,0.1,208,1792
10000,86,9055.0,1,0.1,945,9055
20000,86,18071.0,1,0.1,1929,18071
40000,86,36093.0,1,0.1,3907,36093
60000,86,54139.0,1,0.1,5861,54139
80000,86,72171.0,1,0.1,7829,72171
100000,86,90253.0,1,0.1,9747,90253
2,87,2.0,1,0.1,0,2
3,87,3.0,1,0.1,0,3
100,87,91.0,2,0.2,9,91
200,87,185.0,2,0.2,15,185
2000,87,1791.0,2,0.2,209,1791
10000,87,8993.0,2,0.2,1007,8993
20000,87,18005.0,2,0.2,1995,18005
40000,87,35988.0,2,0.2,4012,35988
60000,87,53945.0,2,0.2,6055,53945
80000,87,71950.0,2,0.2,8050,71950
100000,87,89913.0,2,0.2,10087,89913
2,88,2.0,1,0.1,0,2
3,88,2.0,1,0.1,1,2
100,88,80.0,98,9.8,20,80
200,88,160.0,198,19.8,40,160
2000,88,1574.0,1998,199.8,426,1574
10000,88,8010.0,9998,999.8,1990,8010
20000,88,15983.0,19998,1999.8,4017,15983
40000,88,31895.0,39998,3999.8,8105,31895
60000,88,47880.0,59998,5999.8,12120,47880
80000,88,63937.0,79998,7999.8,16063,63937
100000,88,80009.0,99998,9999.8,19991,80009
2,89,2.0,1,0.1,0,2
3,89,3.0,1,0.1,0,3
100,89,90.0,3,0.3,10,90
200,89,176.0,3,0.3,24,176
2000,89,1796.0,3,0.3,204,1796
10000,89,8963.0,3,0.3,1037,8963
20000,89,17963.0,3,0.3,2037,17963
40000,89,35878.0,3,0.3,4122,35878
60000,89,53885.0,3,0.3,6115,53885
80000,89,71935.0,3,0.3,8065,71935
100000,89,89917.0,3,0.3,10083,89917
2,90,2.0,1,0.1,0,2
3,90,3.0,1,0.1,0,3
100,90,89.0,5,0.5,11,89
200,90,179.0,5,0.5,21,179
2000,90,1804.0,5,0.5,196,1804
10000,90,8988.0,5,0.5,1012,8988
20000,90,17959.0,5,0.5,2041,17959
40000,90,36002.0,5,0.5,3998,36002
60000,90,53985.0,5,0.5,6015,53985
80000,90,71977.0,5,0.5,8023,71977
100000,90,90085.0,5,0.5,9915,90085
2,91,2.0,1,0.1,0,2
3,91,2.0,1,0.1,1,2
100,91,82.0,98,9.8,18,82
200,91,161.0,198,19.8,39,161
2000,91,1636.0,1998,199.8,364,1636
10000,91,8030.0,9998,999.8,1970,8030
20000,91,16018.0,19998,1999.8,3982,16018
40000,91,32112.0,39998,3999.8,7888,32112
60000,91,48114.0,59998,5999.8,11886,48114
80000,91,64113.0,79998,7999.8,15887,64113
100000,91,80037.0,99998,9999.8,19963,80037
2,92,2.0,1,0.1,0,2
3,92,3.0,1,0.1,0,3
100,92,74.0,96,9.6,26,74
200,92,158.0,196,19.6,42,158
2000,92,1603.0,1996,199.6,397,1603
10000,92,8004.0,9996,999.6,1996,8004
20000,92,15934.0,19996,1999.6,4066,15934
40000,92,31909.0,39996,3999.6,8091,31909
60000,92,47803.0,59996,5999.6,12197,47803
80000,92,63989.0,79996,7999.6,16011,63989
100000,92,79989.0,99996,9999.6,20011,79989
2,93,2.0,1,0.1,0,2
3,93,3.0,1,0.1,0,3
100,93,92.0,7,0.7,8,92
200,93,176.0,7,0.7,24,176
2000,93,1793.0,7,0.7,207,1793
10000,93,8976.0,7,0.7,1024,8976
20000,93,17966.0,7,0.7,2034,17966
40000,93,36006.0,7,0.7,3994,36006
60000,93,53940.0,7,0.7,6060,53940
80000,93,72023.0,7,0.7,7977,72023
100000,93,89949.0,7,0.7,10051,89949
2,94,2.0,1,0.1,0,2
3,94,3.0,1,0.1,0,3
100,94,83.0,2,0.2,17,83
200,94,175.0,2,0.2,25,175
2000,94,1798.0,2,0.2,202,1798
10000,94,9018.0,2,0.2,982,9018
20000,94,18011.0,2,0.2,1989,18011
40000,94,35962.0,2,0.2,4038,35962
60000,94,53904.0,2,0.2,6096,53904
80000,94,71835.0,2,0.2,8165,71835
100000,94,89796.0,2,0.2,10204,89796
2,95,1.0,1,0.1,1,1
3,95,2.0,2,0.2,1,2
100,95,82.0,99,9.9,18,82
200,95,155.0,199,19.9,45,155
2000,95,1586.0,1999,199.9,414,1586
10000,95,7981.0,9999,999.9,2019,7981
20000,95,16047.0,19999,1999.9,3953,16047
40000,95,32141.0,39999,3999.9,7859,32141
60000,95,48175.0,59999,5999.9,11825,48175
80000,95,64237.0,79999,7999.9,15763,64237
100000,95,80208.0,99999,9999.9,19792,80208
2,96,2.0,1,0.1,0,2
3,96,3.0,1,0.1,0,3
100,96,93.0,5,0.5,7,93
200,96,184.0,5,0.5,16,184
2000,96,1804.0,5,0.5,196,1804
10000,96,9002.0,5,0.5,998,9002
20000,96,17993.0,5,0.5,2007,17993
40000,96,35959.0,5,0.5,4041,35959
60000,96,53926.0,5,0.5,6074,53926
80000,96,71903.0,5,0.5,8097,71903
100000,96,89860.0,5,0.5,10140,89860
2,97,2.0,1,0.1,0,2
3,97,3.0,1,0.1,0,3
100,97,90.0,6,0.6,10,90
200,97,177.0,6,0.6,23,177
2000,97,1817.0,6,0.6,183,1817
10000,97,9032.0,6,0.6,968,9032
20000,97,18042.0,6,0.6,1958,18042
40000,97,36015.0,6,0.6,3985,36015
60000,97,54051.0,6,0.6,5949,54051
80000,97,72015.0,6,0.6,7985,72015
100000,97,89961.0,6,0.6,10039,89961
2,98,2.0,1,0.1,0,2
3,98,3.0,1,0.1,0,3
100,98,83.0,50,5.0,17,83
200,98,166.0,100,10.0,34,166
2000,98,1725.0,1000,100.0,275,1725
10000,98,8559.0,5000,500.0,1441,8559
20000,98,17052.0,10000,1000.0,2948,17052
40000,98,33975.0,20000,2000.0,6025,33975
60000,98,50970.0,30000,3000.0,9030,50970
80000,98,68066.0,40000,4000.0,11934,68066
100000,98,85002.0,50000,5000.0,14998,85002
2,99,2.0,1,0.1,0,2
3,99,3.0,1,0.1,0,3
100,99,88.0,2,0.2,12,88
200,99,179.0,2,0.2,21,179
2000,99,1802.0,2,0.2,198,1802
10000,99,8988.0,2,0.2,1012,8988
20000,99,18055.0,2,0.2,1945,18055
40000,99,36078.0,2,0.2,3922,36078
60000,99,54085.0,2,0.2,5915,54085
80000,99,72087.0,2,0.2,7913,72087
100000,99,90123.0,2,0.2,9877,90123
2,100,2.0,1,0.1,0,2
3,100,3.0,1,0.1,0,3
100,100,88.0,5,0.5,12,88
200,100,174.0,5,0.5,26,174
2000,100,1778.0,5,0.5,222,1778
10000,100,8989.0,5,0.5,1011,8989
20000,100,17937.0,5,0.5,2063,17937
40000,100,36028.0,5,0.5,3972,36028
60000,100,53950.0,5,0.5,6050,53950
80000,100,71933.0,5,0.5,8067,71933
100000,100,89968.0,5,0.5,10032,89968
