Timestep,Iteration,Total Reward,Suboptimal Arms,Total Regret,Zeros Count,Ones Count
2,1,1.0,1,0.01,1,1
3,1,2.0,2,0.01,1,2
100,1,81.0,99,0.5,19,81
200,1,167.0,199,1.0,33,167
2000,1,1804.0,1999,10.0,196,1804
10000,1,8941.0,9999,50.0,1059,8941
20000,1,17836.0,19999,99.99,2164,17836
40000,1,35708.0,39999,199.99,4292,35708
60000,1,53597.0,59999,299.99,6403,53597
80000,1,71434.0,79999,399.99,8566,71434
100000,1,89310.0,99999,499.99,10690,89310
2,2,2.0,1,0.01,0,2
3,2,3.0,2,0.01,0,3
100,2,90.0,95,0.48,10,90
200,2,184.0,195,0.98,16,184
2000,2,1801.0,1995,9.98,199,1801
10000,2,9011.0,9995,49.98,989,9011
20000,2,17995.0,19995,99.97,2005,17995
40000,2,35847.0,39995,199.97,4153,35847
60000,2,53742.0,59995,299.97,6258,53742
80000,2,71672.0,79995,399.97,8328,71672
100000,2,89600.0,99995,499.97,10400,89600
2,3,2.0,1,0.01,0,2
3,3,3.0,2,0.01,0,3
100,3,93.0,50,0.25,7,93
200,3,185.0,100,0.5,15,185
2000,3,1792.0,1000,5.0,208,1792
10000,3,9032.0,5000,25.0,968,9032
20000,3,17962.0,10000,50.0,2038,17962
40000,3,35960.0,20000,100.0,4040,35960
60000,3,53947.0,30000,150.0,6053,53947
80000,3,71872.0,40000,200.0,8128,71872
100000,3,89847.0,50000,250.0,10153,89847
2,4,2.0,1,0.01,0,2
3,4,3.0,2,0.01,0,3
100,4,96.0,50,0.25,4,96
200,4,187.0,100,0.5,13,187
2000,4,1805.0,1000,5.0,195,1805
10000,4,8953.0,5000,25.0,1047,8953
20000,4,17906.0,10000,50.0,2094,17906
40000,4,35857.0,20000,100.0,4143,35857
60000,4,53838.0,30000,150.0,6162,53838
80000,4,71789.0,40000,200.0,8211,71789
100000,4,89736.0,50000,250.0,10264,89736
2,5,2.0,1,0.01,0,2
3,5,3.0,2,0.01,0,3
100,5,91.0,50,0.25,9,91
200,5,180.0,100,0.5,20,180
2000,5,1810.0,1000,5.0,190,1810
10000,5,8989.0,5000,25.0,1011,8989
20000,5,17961.0,10000,50.0,2039,17961
40000,5,35871.0,20000,100.0,4129,35871
60000,5,53841.0,30000,150.0,6159,53841
80000,5,71784.0,40000,200.0,8216,71784
100000,5,89776.0,50000,250.0,10224,89776
2,6,2.0,1,0.01,0,2
3,6,3.0,2,0.01,0,3
100,6,89.0,50,0.25,11,89
200,6,182.0,100,0.5,18,182
2000,6,1818.0,1000,5.0,182,1818
10000,6,9021.0,5000,25.0,979,9021
20000,6,17971.0,10000,50.0,2029,17971
40000,6,35982.0,20000,100.0,4018,35982
60000,6,53949.0,30000,150.0,6051,53949
80000,6,71936.0,40000,200.0,8064,71936
100000,6,89959.0,50000,250.0,10041,89959
2,7,2.0,1,0.01,0,2
3,7,3.0,2,0.01,0,3
100,7,83.0,93,0.47,17,83
200,7,172.0,193,0.97,28,172
2000,7,1763.0,1993,9.97,237,1763
10000,7,8928.0,9993,49.97,1072,8928
20000,7,17895.0,19993,99.96,2105,17895
40000,7,35776.0,39993,199.96,4224,35776
60000,7,53642.0,59993,299.96,6358,53642
80000,7,71578.0,79993,399.96,8422,71578
100000,7,89525.0,99993,499.96,10475,89525
2,8,2.0,1,0.01,0,2
3,8,3.0,2,0.01,0,3
100,8,88.0,98,0.49,12,88
200,8,174.0,198,0.99,26,174
2000,8,1787.0,1998,9.99,213,1787
10000,8,8907.0,9998,49.99,1093,8907
20000,8,17822.0,19998,99.99,2178,17822
40000,8,35797.0,39998,199.99,4203,35797
60000,8,53646.0,59998,299.99,6354,53646
80000,8,71546.0,79998,399.99,8454,71546
100000,8,89456.0,99998,499.99,10544,89456
2,9,2.0,1,0.01,0,2
3,9,3.0,2,0.01,0,3
100,9,85.0,96,0.48,15,85
200,9,179.0,196,0.98,21,179
2000,9,1800.0,1996,9.98,200,1800
10000,9,8942.0,9996,49.98,1058,8942
20000,9,17915.0,19996,99.98,2085,17915
40000,9,35834.0,39996,199.98,4166,35834
60000,9,53724.0,59996,299.98,6276,53724
80000,9,71675.0,79996,399.98,8325,71675
100000,9,89622.0,99996,499.98,10378,89622
2,10,2.0,1,0.01,0,2
3,10,3.0,2,0.01,0,3
100,10,94.0,95,0.48,6,94
200,10,185.0,195,0.98,15,185
2000,10,1802.0,1995,9.98,198,1802
10000,10,8940.0,9995,49.98,1060,8940
20000,10,17873.0,19995,99.97,2127,17873
40000,10,35775.0,39995,199.97,4225,35775
60000,10,53626.0,59995,299.97,6374,53626
80000,10,71530.0,79995,399.97,8470,71530
100000,10,89461.0,99995,499.97,10539,89461
2,11,2.0,1,0.01,0,2
3,11,3.0,2,0.01,0,3
100,11,92.0,3,0.02,8,92
200,11,179.0,3,0.02,21,179
2000,11,1804.0,3,0.02,196,1804
10000,11,9018.0,3,0.02,982,9018
20000,11,18038.0,3,0.02,1962,18038
40000,11,36051.0,3,0.02,3949,36051
60000,11,54003.0,3,0.02,5997,54003
80000,11,72002.0,3,0.02,7998,72002
100000,11,90038.0,3,0.02,9962,90038
2,12,2.0,1,0.01,0,2
3,12,3.0,2,0.01,0,3
100,12,94.0,95,0.48,6,94
200,12,182.0,195,0.98,18,182
2000,12,1780.0,1995,9.98,220,1780
10000,12,8921.0,9995,49.98,1079,8921
20000,12,17824.0,19995,99.97,2176,17824
40000,12,35764.0,39995,199.97,4236,35764
60000,12,53640.0,59995,299.97,6360,53640
80000,12,71535.0,79995,399.97,8465,71535
100000,12,89427.0,99995,499.97,10573,89427
2,13,2.0,1,0.01,0,2
3,13,3.0,2,0.01,0,3
100,13,88.0,50,0.25,12,88
200,13,181.0,100,0.5,19,181
2000,13,1809.0,1000,5.0,191,1809
10000,13,8979.0,5000,25.0,1021,8979
20000,13,17937.0,10000,50.0,2063,17937
40000,13,35950.0,20000,100.0,4050,35950
60000,13,53932.0,30000,150.0,6068,53932
80000,13,71851.0,40000,200.0,8149,71851
100000,13,89716.0,50000,250.0,10284,89716
2,14,2.0,1,0.01,0,2
3,14,3.0,2,0.01,0,3
100,14,83.0,97,0.49,17,83
200,14,175.0,197,0.99,25,175
2000,14,1777.0,1997,9.99,223,1777
10000,14,8938.0,9997,49.99,1062,8938
20000,14,17907.0,19997,99.98,2093,17907
40000,14,35769.0,39997,199.98,4231,35769
60000,14,53668.0,59997,299.98,6332,53668
80000,14,71606.0,79997,399.98,8394,71606
100000,14,89543.0,99997,499.98,10457,89543
2,15,2.0,1,0.01,0,2
3,15,3.0,2,0.01,0,3
100,15,93.0,96,0.48,7,93
200,15,185.0,196,0.98,15,185
2000,15,1809.0,1996,9.98,191,1809
10000,15,9010.0,9996,49.98,990,9010
20000,15,17987.0,19996,99.98,2013,17987
40000,15,35878.0,39996,199.98,4122,35878
60000,15,53695.0,59996,299.98,6305,53695
80000,15,71543.0,79996,399.98,8457,71543
100000,15,89477.0,99996,499.98,10523,89477
2,16,2.0,1,0.01,0,2
3,16,3.0,2,0.01,0,3
100,16,90.0,50,0.25,10,90
200,16,181.0,100,0.5,19,181
2000,16,1786.0,1000,5.0,214,1786
10000,16,8913.0,5000,25.0,1087,8913
20000,16,17859.0,10000,50.0,2141,17859
40000,16,35870.0,20000,100.0,4130,35870
60000,16,53840.0,30000,150.0,6160,53840
80000,16,71811.0,40000,200.0,8189,71811
100000,16,89837.0,50000,250.0,10163,89837
2,17,2.0,1,0.01,0,2
3,17,2.0,2,0.01,1,2
100,17,84.0,2,0.01,16,84
200,17,176.0,2,0.01,24,176
2000,17,1792.0,2,0.01,208,1792
10000,17,9010.0,2,0.01,990,9010
20000,17,18036.0,2,0.01,1964,18036
40000,17,35992.0,2,0.01,4008,35992
60000,17,53982.0,2,0.01,6018,53982
80000,17,72043.0,2,0.01,7957,72043
100000,17,90040.0,2,0.01,9960,90040
2,18,2.0,1,0.01,0,2
3,18,3.0,2,0.01,0,3
100,18,87.0,3,0.02,13,87
200,18,174.0,3,0.02,26,174
2000,18,1801.0,3,0.02,199,1801
10000,18,8983.0,3,0.02,1017,8983
20000,18,17972.0,3,0.02,2028,17972
40000,18,36072.0,3,0.02,3928,36072
60000,18,54087.0,3,0.02,5913,54087
80000,18,72083.0,3,0.02,7917,72083
100000,18,90153.0,3,0.02,9847,90153
2,19,2.0,1,0.01,0,2
3,19,3.0,2,0.01,0,3
100,19,94.0,93,0.47,6,94
200,19,184.0,193,0.97,16,184
2000,19,1769.0,1993,9.97,231,1769
10000,19,8959.0,9993,49.97,1041,8959
20000,19,17928.0,19993,99.96,2072,17928
40000,19,35846.0,39993,199.96,4154,35846
60000,19,53740.0,59993,299.96,6260,53740
80000,19,71667.0,79993,399.96,8333,71667
100000,19,89579.0,99993,499.96,10421,89579
2,20,2.0,1,0.01,0,2
3,20,3.0,2,0.01,0,3
100,20,92.0,3,0.02,8,92
200,20,180.0,3,0.02,20,180
2000,20,1801.0,3,0.02,199,1801
10000,20,9038.0,3,0.02,962,9038
20000,20,17964.0,3,0.02,2036,17964
40000,20,35942.0,3,0.02,4058,35942
60000,20,53955.0,3,0.02,6045,53955
80000,20,71945.0,3,0.02,8055,71945
100000,20,90027.0,3,0.02,9973,90027
2,21,2.0,1,0.01,0,2
3,21,3.0,2,0.01,0,3
100,21,82.0,94,0.47,18,82
200,21,171.0,194,0.97,29,171
2000,21,1775.0,1994,9.97,225,1775
10000,21,8931.0,9994,49.97,1069,8931
20000,21,17867.0,19994,99.97,2133,17867
40000,21,35737.0,39994,199.97,4263,35737
60000,21,53588.0,59994,299.97,6412,53588
80000,21,71538.0,79994,399.97,8462,71538
100000,21,89486.0,99994,499.97,10514,89486
2,22,2.0,1,0.01,0,2
3,22,3.0,2,0.01,0,3
100,22,90.0,98,0.49,10,90
200,22,178.0,198,0.99,22,178
2000,22,1809.0,1998,9.99,191,1809
10000,22,9005.0,9998,49.99,995,9005
20000,22,17977.0,19998,99.99,2023,17977
40000,22,35813.0,39998,199.99,4187,35813
60000,22,53717.0,59998,299.99,6283,53717
80000,22,71596.0,79998,399.99,8404,71596
100000,22,89518.0,99998,499.99,10482,89518
2,23,1.0,1,0.01,1,1
3,23,2.0,2,0.01,1,2
100,23,84.0,99,0.5,16,84
200,23,174.0,199,1.0,26,174
2000,23,1783.0,1999,10.0,217,1783
10000,23,8975.0,9999,50.0,1025,8975
20000,23,17942.0,19999,99.99,2058,17942
40000,23,35800.0,39999,199.99,4200,35800
60000,23,53720.0,59999,299.99,6280,53720
80000,23,71547.0,79999,399.99,8453,71547
100000,23,89428.0,99999,499.99,10572,89428
2,24,1.0,1,0.01,1,1
3,24,2.0,1,0.01,1,2
100,24,89.0,1,0.01,11,89
200,24,178.0,1,0.01,22,178
2000,24,1821.0,1,0.01,179,1821
10000,24,8994.0,1,0.01,1006,8994
20000,24,17969.0,1,0.01,2031,17969
40000,24,35921.0,1,0.01,4079,35921
60000,24,53918.0,1,0.01,6082,53918
80000,24,72024.0,1,0.01,7976,72024
100000,24,89966.0,1,0.01,10034,89966
2,25,2.0,1,0.01,0,2
3,25,3.0,2,0.01,0,3
100,25,79.0,98,0.49,21,79
200,25,173.0,198,0.99,27,173
2000,25,1780.0,1998,9.99,220,1780
10000,25,8944.0,9998,49.99,1056,8944
20000,25,17882.0,19998,99.99,2118,17882
40000,25,35803.0,39998,199.99,4197,35803
60000,25,53701.0,59998,299.99,6299,53701
80000,25,71555.0,79998,399.99,8445,71555
100000,25,89435.0,99998,499.99,10565,89435
2,26,2.0,1,0.01,0,2
3,26,3.0,2,0.01,0,3
100,26,90.0,98,0.49,10,90
200,26,184.0,198,0.99,16,184
2000,26,1802.0,1998,9.99,198,1802
10000,26,8960.0,9998,49.99,1040,8960
20000,26,17937.0,19998,99.99,2063,17937
40000,26,35772.0,39998,199.99,4228,35772
60000,26,53662.0,59998,299.99,6338,53662
80000,26,71562.0,79998,399.99,8438,71562
100000,26,89424.0,99998,499.99,10576,89424
2,27,2.0,1,0.01,0,2
3,27,2.0,2,0.01,1,2
100,27,90.0,2,0.01,10,90
200,27,182.0,2,0.01,18,182
2000,27,1803.0,2,0.01,197,1803
10000,27,8990.0,2,0.01,1010,8990
20000,27,18030.0,2,0.01,1970,18030
40000,27,36011.0,2,0.01,3989,36011
60000,27,54039.0,2,0.01,5961,54039
80000,27,72096.0,2,0.01,7904,72096
100000,27,90069.0,2,0.01,9931,90069
2,28,1.0,1,0.01,1,1
3,28,2.0,2,0.01,1,2
100,28,88.0,99,0.5,12,88
200,28,177.0,199,1.0,23,177
2000,28,1785.0,1999,10.0,215,1785
10000,28,8953.0,9999,50.0,1047,8953
20000,28,17951.0,19999,99.99,2049,17951
40000,28,35848.0,39999,199.99,4152,35848
60000,28,53759.0,59999,299.99,6241,53759
80000,28,71637.0,79999,399.99,8363,71637
100000,28,89549.0,99999,499.99,10451,89549
2,29,2.0,1,0.01,0,2
3,29,2.0,2,0.01,1,2
100,29,88.0,2,0.01,12,88
200,29,178.0,2,0.01,22,178
2000,29,1795.0,2,0.01,205,1795
10000,29,9020.0,2,0.01,980,9020
20000,29,18013.0,2,0.01,1987,18013
40000,29,36001.0,2,0.01,3999,36001
60000,29,53976.0,2,0.01,6024,53976
80000,29,71972.0,2,0.01,8028,71972
100000,29,89985.0,2,0.01,10015,89985
2,30,2.0,1,0.01,0,2
3,30,3.0,2,0.01,0,3
100,30,92.0,95,0.48,8,92
200,30,185.0,195,0.98,15,185
2000,30,1799.0,1995,9.98,201,1799
10000,30,8978.0,9995,49.98,1022,8978
20000,30,17938.0,19995,99.97,2062,17938
40000,30,35786.0,39995,199.97,4214,35786
60000,30,53713.0,59995,299.97,6287,53713
80000,30,71665.0,79995,399.97,8335,71665
100000,30,89654.0,99995,499.97,10346,89654
2,31,1.0,1,0.01,1,1
3,31,2.0,2,0.01,1,2
100,31,91.0,99,0.5,9,91
200,31,190.0,199,1.0,10,190
2000,31,1816.0,1999,10.0,184,1816
10000,31,8980.0,9999,50.0,1020,8980
20000,31,17883.0,19999,99.99,2117,17883
40000,31,35851.0,39999,199.99,4149,35851
60000,31,53714.0,59999,299.99,6286,53714
80000,31,71620.0,79999,399.99,8380,71620
100000,31,89500.0,99999,499.99,10500,89500
2,32,2.0,1,0.01,0,2
3,32,3.0,2,0.01,0,3
100,32,94.0,98,0.49,6,94
200,32,184.0,198,0.99,16,184
2000,32,1813.0,1998,9.99,187,1813
10000,32,8935.0,9998,49.99,1065,8935
20000,32,17864.0,19998,99.99,2136,17864
40000,32,35743.0,39998,199.99,4257,35743
60000,32,53591.0,59998,299.99,6409,53591
80000,32,71558.0,79998,399.99,8442,71558
100000,32,89488.0,99998,499.99,10512,89488
2,33,2.0,1,0.01,0,2
3,33,3.0,2,0.01,0,3
100,33,87.0,95,0.48,13,87
200,33,180.0,195,0.98,20,180
2000,33,1792.0,1995,9.98,208,1792
10000,33,8874.0,9995,49.98,1126,8874
20000,33,17806.0,19995,99.97,2194,17806
40000,33,35640.0,39995,199.97,4360,35640
60000,33,53616.0,59995,299.97,6384,53616
80000,33,71562.0,79995,399.97,8438,71562
100000,33,89384.0,99995,499.97,10616,89384
2,34,2.0,1,0.01,0,2
3,34,2.0,2,0.01,1,2
100,34,89.0,2,0.01,11,89
200,34,175.0,2,0.01,25,175
2000,34,1808.0,2,0.01,192,1808
10000,34,9014.0,2,0.01,986,9014
20000,34,18029.0,2,0.01,1971,18029
40000,34,36059.0,2,0.01,3941,36059
60000,34,54028.0,2,0.01,5972,54028
80000,34,72016.0,2,0.01,7984,72016
100000,34,89959.0,2,0.01,10041,89959
2,35,2.0,1,0.01,0,2
3,35,3.0,2,0.01,0,3
100,35,88.0,95,0.48,12,88
200,35,176.0,195,0.98,24,176
2000,35,1801.0,1995,9.98,199,1801
10000,35,8941.0,9995,49.98,1059,8941
20000,35,17911.0,19995,99.97,2089,17911
40000,35,35810.0,39995,199.97,4190,35810
60000,35,53726.0,59995,299.97,6274,53726
80000,35,71568.0,79995,399.97,8432,71568
100000,35,89441.0,99995,499.97,10559,89441
2,36,2.0,1,0.01,0,2
3,36,3.0,2,0.01,0,3
100,36,88.0,98,0.49,12,88
200,36,176.0,198,0.99,24,176
2000,36,1786.0,1998,9.99,214,1786
10000,36,8972.0,9998,49.99,1028,8972
20000,36,17973.0,19998,99.99,2027,17973
40000,36,35873.0,39998,199.99,4127,35873
60000,36,53795.0,59998,299.99,6205,53795
80000,36,71709.0,79998,399.99,8291,71709
100000,36,89575.0,99998,499.99,10425,89575
2,37,1.0,1,0.01,1,1
3,37,2.0,1,0.01,1,2
100,37,83.0,1,0.01,17,83
200,37,174.0,1,0.01,26,174
2000,37,1802.0,1,0.01,198,1802
10000,37,8972.0,1,0.01,1028,8972
20000,37,17981.0,1,0.01,2019,17981
40000,37,36008.0,1,0.01,3992,36008
60000,37,53941.0,1,0.01,6059,53941
80000,37,71932.0,1,0.01,8068,71932
100000,37,89892.0,1,0.01,10108,89892
2,38,2.0,1,0.01,0,2
3,38,3.0,2,0.01,0,3
100,38,95.0,95,0.48,5,95
200,38,178.0,195,0.98,22,178
2000,38,1818.0,1995,9.98,182,1818
10000,38,8991.0,9995,49.98,1009,8991
20000,38,17934.0,19995,99.97,2066,17934
40000,38,35841.0,39995,199.97,4159,35841
60000,38,53769.0,59995,299.97,6231,53769
80000,38,71641.0,79995,399.97,8359,71641
100000,38,89541.0,99995,499.97,10459,89541
2,39,2.0,1,0.01,0,2
3,39,3.0,2,0.01,0,3
100,39,86.0,4,0.02,14,86
200,39,178.0,4,0.02,22,178
2000,39,1797.0,4,0.02,203,1797
10000,39,9028.0,4,0.02,972,9028
20000,39,18023.0,4,0.02,1977,18023
40000,39,35982.0,4,0.02,4018,35982
60000,39,53888.0,4,0.02,6112,53888
80000,39,71945.0,4,0.02,8055,71945
100000,39,89973.0,4,0.02,10027,89973
2,40,2.0,1,0.01,0,2
3,40,3.0,2,0.01,0,3
100,40,87.0,98,0.49,13,87
200,40,174.0,198,0.99,26,174
2000,40,1782.0,1998,9.99,218,1782
10000,40,8928.0,9998,49.99,1072,8928
20000,40,17935.0,19998,99.99,2065,17935
40000,40,35882.0,39998,199.99,4118,35882
60000,40,53713.0,59998,299.99,6287,53713
80000,40,71510.0,79998,399.99,8490,71510
100000,40,89419.0,99998,499.99,10581,89419
2,41,2.0,1,0.01,0,2
3,41,3.0,2,0.01,0,3
100,41,87.0,50,0.25,13,87
200,41,181.0,100,0.5,19,181
2000,41,1808.0,1000,5.0,192,1808
10000,41,8990.0,5000,25.0,1010,8990
20000,41,17929.0,10000,50.0,2071,17929
40000,41,35837.0,20000,100.0,4163,35837
60000,41,53750.0,30000,150.0,6250,53750
80000,41,71702.0,40000,200.0,8298,71702
100000,41,89715.0,50000,250.0,10285,89715
2,42,2.0,1,0.01,0,2
3,42,3.0,2,0.01,0,3
100,42,87.0,50,0.25,13,87
200,42,176.0,100,0.5,24,176
2000,42,1791.0,1000,5.0,209,1791
10000,42,8961.0,5000,25.0,1039,8961
20000,42,17968.0,10000,50.0,2032,17968
40000,42,35926.0,20000,100.0,4074,35926
60000,42,53871.0,30000,150.0,6129,53871
80000,42,71775.0,40000,200.0,8225,71775
100000,42,89680.0,50000,250.0,10320,89680
2,43,2.0,1,0.01,0,2
3,43,3.0,2,0.01,0,3
100,43,89.0,3,0.02,11,89
200,43,182.0,3,0.02,18,182
2000,43,1801.0,3,0.02,199,1801
10000,43,9028.0,3,0.02,972,9028
20000,43,18016.0,3,0.02,1984,18016
40000,43,36016.0,3,0.02,3984,36016
60000,43,53967.0,3,0.02,6033,53967
80000,43,72019.0,3,0.02,7981,72019
100000,43,89933.0,3,0.02,10067,89933
2,44,2.0,1,0.01,0,2
3,44,3.0,2,0.01,0,3
100,44,90.0,4,0.02,10,90
200,44,180.0,4,0.02,20,180
2000,44,1793.0,4,0.02,207,1793
10000,44,8968.0,4,0.02,1032,8968
20000,44,17938.0,4,0.02,2062,17938
40000,44,35932.0,4,0.02,4068,35932
60000,44,53942.0,4,0.02,6058,53942
80000,44,71930.0,4,0.02,8070,71930
100000,44,89878.0,4,0.02,10122,89878
2,45,1.0,1,0.01,1,1
3,45,2.0,1,0.01,1,2
100,45,89.0,1,0.01,11,89
200,45,178.0,1,0.01,22,178
2000,45,1796.0,1,0.01,204,1796
10000,45,8970.0,1,0.01,1030,8970
20000,45,18002.0,1,0.01,1998,18002
40000,45,35996.0,1,0.01,4004,35996
60000,45,53972.0,1,0.01,6028,53972
80000,45,71981.0,1,0.01,8019,71981
100000,45,89955.0,1,0.01,10045,89955
2,46,2.0,1,0.01,0,2
3,46,2.0,2,0.01,1,2
100,46,87.0,93,0.47,13,87
200,46,176.0,193,0.97,24,176
2000,46,1815.0,1993,9.97,185,1815
10000,46,9003.0,9993,49.97,997,9003
20000,46,17944.0,19993,99.96,2056,17944
40000,46,35769.0,39993,199.96,4231,35769
60000,46,53638.0,59993,299.96,6362,53638
80000,46,71568.0,79993,399.96,8432,71568
100000,46,89403.0,99993,499.96,10597,89403
2,47,2.0,1,0.01,0,2
3,47,3.0,2,0.01,0,3
100,47,92.0,50,0.25,8,92
200,47,180.0,100,0.5,20,180
2000,47,1778.0,1000,5.0,222,1778
10000,47,8956.0,5000,25.0,1044,8956
20000,47,17910.0,10000,50.0,2090,17910
40000,47,35764.0,20000,100.0,4236,35764
60000,47,53685.0,30000,150.0,6315,53685
80000,47,71599.0,40000,200.0,8401,71599
100000,47,89503.0,50000,250.0,10497,89503
2,48,2.0,1,0.01,0,2
3,48,2.0,2,0.01,1,2
100,48,84.0,2,0.01,16,84
200,48,172.0,2,0.01,28,172
2000,48,1783.0,2,0.01,217,1783
10000,48,8992.0,2,0.01,1008,8992
20000,48,18034.0,2,0.01,1966,18034
40000,48,36024.0,2,0.01,3976,36024
60000,48,53980.0,2,0.01,6020,53980
80000,48,71936.0,2,0.01,8064,71936
100000,48,89838.0,2,0.01,10162,89838
2,49,2.0,1,0.01,0,2
3,49,3.0,2,0.01,0,3
100,49,93.0,97,0.49,7,93
200,49,184.0,197,0.99,16,184
2000,49,1820.0,1997,9.99,180,1820
10000,49,8947.0,9997,49.99,1053,8947
20000,49,17882.0,19997,99.98,2118,17882
40000,49,35796.0,39997,199.98,4204,35796
60000,49,53713.0,59997,299.98,6287,53713
80000,49,71605.0,79997,399.98,8395,71605
100000,49,89465.0,99997,499.98,10535,89465
2,50,2.0,1,0.01,0,2
3,50,3.0,2,0.01,0,3
100,50,88.0,3,0.02,12,88
200,50,180.0,3,0.02,20,180
2000,50,1809.0,3,0.02,191,1809
10000,50,9065.0,3,0.02,935,9065
20000,50,18058.0,3,0.02,1942,18058
40000,50,36063.0,3,0.02,3937,36063
60000,50,54068.0,3,0.02,5932,54068
80000,50,72025.0,3,0.02,7975,72025
100000,50,90068.0,3,0.02,9932,90068
2,51,1.0,1,0.01,1,1
3,51,2.0,2,0.01,1,2
100,51,89.0,99,0.5,11,89
200,51,183.0,199,1.0,17,183
2000,51,1791.0,1999,10.0,209,1791
10000,51,8952.0,9999,50.0,1048,8952
20000,51,17969.0,19999,99.99,2031,17969
40000,51,35960.0,39999,199.99,4040,35960
60000,51,53889.0,59999,299.99,6111,53889
80000,51,71747.0,79999,399.99,8253,71747
100000,51,89650.0,99999,499.99,10350,89650
2,52,2.0,1,0.01,0,2
3,52,3.0,2,0.01,0,3
100,52,92.0,50,0.25,8,92
200,52,183.0,100,0.5,17,183
2000,52,1797.0,1000,5.0,203,1797
10000,52,8992.0,5000,25.0,1008,8992
20000,52,17930.0,10000,50.0,2070,17930
40000,52,35914.0,20000,100.0,4086,35914
60000,52,53830.0,30000,150.0,6170,53830
80000,52,71813.0,40000,200.0,8187,71813
100000,52,89781.0,50000,250.0,10219,89781
2,53,0.0,1,0.01,2,0
3,53,1.0,2,0.01,2,1
100,53,89.0,3,0.02,11,89
200,53,183.0,3,0.02,17,183
2000,53,1817.0,3,0.02,183,1817
10000,53,9024.0,3,0.02,976,9024
20000,53,18011.0,3,0.02,1989,18011
40000,53,35958.0,3,0.02,4042,35958
60000,53,53902.0,3,0.02,6098,53902
80000,53,71874.0,3,0.02,8126,71874
100000,53,89930.0,3,0.02,10070,89930
2,54,2.0,1,0.01,0,2
3,54,3.0,2,0.01,0,3
100,54,91.0,7,0.04,9,91
200,54,179.0,7,0.04,21,179
2000,54,1805.0,7,0.04,195,1805
10000,54,8946.0,7,0.04,1054,8946
20000,54,17934.0,7,0.04,2066,17934
40000,54,35911.0,7,0.04,4089,35911
60000,54,53987.0,7,0.04,6013,53987
80000,54,71913.0,7,0.04,8087,71913
100000,54,89910.0,7,0.04,10090,89910
2,55,2.0,1,0.01,0,2
3,55,3.0,2,0.01,0,3
100,55,93.0,50,0.25,7,93
200,55,180.0,100,0.5,20,180
2000,55,1838.0,1000,5.0,162,1838
10000,55,9011.0,5000,25.0,989,9011
20000,55,17967.0,10000,50.0,2033,17967
40000,55,35921.0,20000,100.0,4079,35921
60000,55,53871.0,30000,150.0,6129,53871
80000,55,71871.0,40000,200.0,8129,71871
100000,55,89750.0,50000,250.0,10250,89750
2,56,2.0,1,0.01,0,2
3,56,3.0,2,0.01,0,3
100,56,90.0,6,0.03,10,90
200,56,183.0,6,0.03,17,183
2000,56,1797.0,6,0.03,203,1797
10000,56,8961.0,6,0.03,1039,8961
20000,56,17991.0,6,0.03,2009,17991
40000,56,35963.0,6,0.03,4037,35963
60000,56,53959.0,6,0.03,6041,53959
80000,56,71996.0,6,0.03,8004,71996
100000,56,90051.0,6,0.03,9949,90051
2,57,2.0,1,0.01,0,2
3,57,3.0,2,0.01,0,3
100,57,88.0,96,0.48,12,88
200,57,178.0,196,0.98,22,178
2000,57,1781.0,1996,9.98,219,1781
10000,57,8921.0,9996,49.98,1079,8921
20000,57,17843.0,19996,99.98,2157,17843
40000,57,35758.0,39996,199.98,4242,35758
60000,57,53663.0,59996,299.98,6337,53663
80000,57,71629.0,79996,399.98,8371,71629
100000,57,89465.0,99996,499.98,10535,89465
2,58,2.0,1,0.01,0,2
3,58,3.0,2,0.01,0,3
100,58,88.0,50,0.25,12,88
200,58,180.0,100,0.5,20,180
2000,58,1769.0,1000,5.0,231,1769
10000,58,8932.0,5000,25.0,1068,8932
20000,58,17953.0,10000,50.0,2047,17953
40000,58,35872.0,20000,100.0,4128,35872
60000,58,53841.0,30000,150.0,6159,53841
80000,58,71767.0,40000,200.0,8233,71767
100000,58,89679.0,50000,250.0,10321,89679
2,59,2.0,1,0.01,0,2
3,59,3.0,2,0.01,0,3
100,59,94.0,50,0.25,6,94
200,59,183.0,100,0.5,17,183
2000,59,1792.0,1000,5.0,208,1792
10000,59,8965.0,5000,25.0,1035,8965
20000,59,17903.0,10000,50.0,2097,17903
40000,59,35900.0,20000,100.0,4100,35900
60000,59,53817.0,30000,150.0,6183,53817
80000,59,71696.0,40000,200.0,8304,71696
100000,59,89611.0,50000,250.0,10389,89611
2,60,2.0,1,0.01,0,2
3,60,2.0,2,0.01,1,2
100,60,89.0,2,0.01,11,89
200,60,180.0,2,0.01,20,180
2000,60,1797.0,2,0.01,203,1797
10000,60,9007.0,2,0.01,993,9007
20000,60,17970.0,2,0.01,2030,17970
40000,60,35966.0,2,0.01,4034,35966
60000,60,53964.0,2,0.01,6036,53964
80000,60,71986.0,2,0.01,8014,71986
100000,60,89959.0,2,0.01,10041,89959
2,61,2.0,1,0.01,0,2
3,61,3.0,2,0.01,0,3
100,61,89.0,50,0.25,11,89
200,61,177.0,100,0.5,23,177
2000,61,1817.0,1000,5.0,183,1817
10000,61,9039.0,5000,25.0,961,9039
20000,61,18049.0,10000,50.0,1951,18049
40000,61,35992.0,20000,100.0,4008,35992
60000,61,53915.0,30000,150.0,6085,53915
80000,61,71784.0,40000,200.0,8216,71784
100000,61,89675.0,50000,250.0,10325,89675
2,62,1.0,1,0.01,1,1
3,62,2.0,1,0.01,1,2
100,62,92.0,1,0.01,8,92
200,62,184.0,1,0.01,16,184
2000,62,1814.0,1,0.01,186,1814
10000,62,9041.0,1,0.01,959,9041
20000,62,18029.0,1,0.01,1971,18029
40000,62,36030.0,1,0.01,3970,36030
60000,62,53973.0,1,0.01,6027,53973
80000,62,71986.0,1,0.01,8014,71986
100000,62,89998.0,1,0.01,10002,89998
2,63,2.0,1,0.01,0,2
3,63,3.0,2,0.01,0,3
100,63,88.0,98,0.49,12,88
200,63,177.0,198,0.99,23,177
2000,63,1788.0,1998,9.99,212,1788
10000,63,8916.0,9998,49.99,1084,8916
20000,63,17864.0,19998,99.99,2136,17864
40000,63,35704.0,39998,199.99,4296,35704
60000,63,53621.0,59998,299.99,6379,53621
80000,63,71617.0,79998,399.99,8383,71617
100000,63,89578.0,99998,499.99,10422,89578
2,64,1.0,1,0.01,1,1
3,64,2.0,2,0.01,1,2
100,64,88.0,99,0.5,12,88
200,64,181.0,199,1.0,19,181
2000,64,1776.0,1999,10.0,224,1776
10000,64,8973.0,9999,50.0,1027,8973
20000,64,17943.0,19999,99.99,2057,17943
40000,64,35870.0,39999,199.99,4130,35870
60000,64,53768.0,59999,299.99,6232,53768
80000,64,71651.0,79999,399.99,8349,71651
100000,64,89563.0,99999,499.99,10437,89563
2,65,2.0,1,0.01,0,2
3,65,3.0,2,0.01,0,3
100,65,92.0,95,0.48,8,92
200,65,183.0,195,0.98,17,183
2000,65,1797.0,1995,9.98,203,1797
10000,65,8900.0,9995,49.98,1100,8900
20000,65,17808.0,19995,99.97,2192,17808
40000,65,35759.0,39995,199.97,4241,35759
60000,65,53711.0,59995,299.97,6289,53711
80000,65,71619.0,79995,399.97,8381,71619
100000,65,89526.0,99995,499.97,10474,89526
2,66,2.0,1,0.01,0,2
3,66,3.0,2,0.01,0,3
100,66,90.0,95,0.48,10,90
200,66,176.0,195,0.98,24,176
2000,66,1808.0,1995,9.98,192,1808
10000,66,8978.0,9995,49.98,1022,8978
20000,66,17973.0,19995,99.97,2027,17973
40000,66,35847.0,39995,199.97,4153,35847
60000,66,53761.0,59995,299.97,6239,53761
80000,66,71665.0,79995,399.97,8335,71665
100000,66,89604.0,99995,499.97,10396,89604
2,67,2.0,1,0.01,0,2
3,67,3.0,2,0.01,0,3
100,67,94.0,5,0.03,6,94
200,67,182.0,5,0.03,18,182
2000,67,1819.0,5,0.03,181,1819
10000,67,9008.0,5,0.03,992,9008
20000,67,18035.0,5,0.03,1965,18035
40000,67,35992.0,5,0.03,4008,35992
60000,67,53934.0,5,0.03,6066,53934
80000,67,71890.0,5,0.03,8110,71890
100000,67,89900.0,5,0.03,10100,89900
2,68,2.0,1,0.01,0,2
3,68,2.0,2,0.01,1,2
100,68,90.0,2,0.01,10,90
200,68,182.0,2,0.01,18,182
2000,68,1817.0,2,0.01,183,1817
10000,68,9060.0,2,0.01,940,9060
20000,68,18103.0,2,0.01,1897,18103
40000,68,36054.0,2,0.01,3946,36054
60000,68,54091.0,2,0.01,5909,54091
80000,68,72125.0,2,0.01,7875,72125
100000,68,90005.0,2,0.01,9995,90005
2,69,2.0,1,0.01,0,2
3,69,2.0,2,0.01,1,2
100,69,83.0,2,0.01,17,83
200,69,170.0,2,0.01,30,170
2000,69,1785.0,2,0.01,215,1785
10000,69,8980.0,2,0.01,1020,8980
20000,69,17991.0,2,0.01,2009,17991
40000,69,35946.0,2,0.01,4054,35946
60000,69,54015.0,2,0.01,5985,54015
80000,69,72082.0,2,0.01,7918,72082
100000,69,90083.0,2,0.01,9917,90083
2,70,2.0,1,0.01,0,2
3,70,3.0,2,0.01,0,3
100,70,89.0,50,0.25,11,89
200,70,183.0,100,0.5,17,183
2000,70,1816.0,1000,5.0,184,1816
10000,70,9006.0,5000,25.0,994,9006
20000,70,17965.0,10000,50.0,2035,17965
40000,70,35926.0,20000,100.0,4074,35926
60000,70,53870.0,30000,150.0,6130,53870
80000,70,71877.0,40000,200.0,8123,71877
100000,70,89776.0,50000,250.0,10224,89776
2,71,2.0,1,0.01,0,2
3,71,2.0,2,0.01,1,2
100,71,90.0,2,0.01,10,90
200,71,184.0,2,0.01,16,184
2000,71,1820.0,2,0.01,180,1820
10000,71,9032.0,2,0.01,968,9032
20000,71,17955.0,2,0.01,2045,17955
40000,71,35913.0,2,0.01,4087,35913
60000,71,53841.0,2,0.01,6159,53841
80000,71,71783.0,2,0.01,8217,71783
100000,71,89744.0,2,0.01,10256,89744
2,72,1.0,1,0.01,1,1
3,72,2.0,2,0.01,1,2
100,72,85.0,99,0.5,15,85
200,72,172.0,199,1.0,28,172
2000,72,1768.0,1999,10.0,232,1768
10000,72,8907.0,9999,50.0,1093,8907
20000,72,17818.0,19999,99.99,2182,17818
40000,72,35731.0,39999,199.99,4269,35731
60000,72,53647.0,59999,299.99,6353,53647
80000,72,71568.0,79999,399.99,8432,71568
100000,72,89338.0,99999,499.99,10662,89338
2,73,2.0,1,0.01,0,2
3,73,3.0,2,0.01,0,3
100,73,86.0,3,0.02,14,86
200,73,179.0,3,0.02,21,179
2000,73,1796.0,3,0.02,204,1796
10000,73,9008.0,3,0.02,992,9008
20000,73,18042.0,3,0.02,1958,18042
40000,73,35953.0,3,0.02,4047,35953
60000,73,53943.0,3,0.02,6057,53943
80000,73,71910.0,3,0.02,8090,71910
100000,73,89980.0,3,0.02,10020,89980
2,74,2.0,1,0.01,0,2
3,74,3.0,2,0.01,0,3
100,74,91.0,50,0.25,9,91
200,74,181.0,100,0.5,19,181
2000,74,1776.0,1000,5.0,224,1776
10000,74,8963.0,5000,25.0,1037,8963
20000,74,17959.0,10000,50.0,2041,17959
40000,74,35907.0,20000,100.0,4093,35907
60000,74,53873.0,30000,150.0,6127,53873
80000,74,71892.0,40000,200.0,8108,71892
100000,74,89879.0,50000,250.0,10121,89879
2,75,2.0,1,0.01,0,2
3,75,3.0,2,0.01,0,3
100,75,89.0,93,0.47,11,89
200,75,179.0,193,0.97,21,179
2000,75,1789.0,1993,9.97,211,1789
10000,75,8953.0,9993,49.97,1047,8953
20000,75,17873.0,19993,99.96,2127,17873
40000,75,35803.0,39993,199.96,4197,35803
60000,75,53685.0,59993,299.96,6315,53685
80000,75,71515.0,79993,399.96,8485,71515
100000,75,89331.0,99993,499.96,10669,89331
2,76,2.0,1,0.01,0,2
3,76,3.0,2,0.01,0,3
100,76,89.0,50,0.25,11,89
200,76,180.0,100,0.5,20,180
2000,76,1801.0,1000,5.0,199,1801
10000,76,8977.0,5000,25.0,1023,8977
20000,76,17975.0,10000,50.0,2025,17975
40000,76,35962.0,20000,100.0,4038,35962
60000,76,53948.0,30000,150.0,6052,53948
80000,76,71901.0,40000,200.0,8099,71901
100000,76,89884.0,50000,250.0,10116,89884
2,77,1.0,1,0.01,1,1
3,77,2.0,2,0.01,1,2
100,77,81.0,99,0.5,19,81
200,77,172.0,199,1.0,28,172
2000,77,1767.0,1999,10.0,233,1767
10000,77,8910.0,9999,50.0,1090,8910
20000,77,17811.0,19999,99.99,2189,17811
40000,77,35662.0,39999,199.99,4338,35662
60000,77,53634.0,59999,299.99,6366,53634
80000,77,71542.0,79999,399.99,8458,71542
100000,77,89361.0,99999,499.99,10639,89361
2,78,2.0,1,0.01,0,2
3,78,3.0,2,0.01,0,3
100,78,90.0,50,0.25,10,90
200,78,178.0,100,0.5,22,178
2000,78,1793.0,1000,5.0,207,1793
10000,78,8965.0,5000,25.0,1035,8965
20000,78,17920.0,10000,50.0,2080,17920
40000,78,35840.0,20000,100.0,4160,35840
60000,78,53756.0,30000,150.0,6244,53756
80000,78,71772.0,40000,200.0,8228,71772
100000,78,89752.0,50000,250.0,10248,89752
2,79,2.0,1,0.01,0,2
3,79,3.0,2,0.01,0,3
100,79,91.0,4,0.02,9,91
200,79,177.0,4,0.02,23,177
2000,79,1801.0,4,0.02,199,1801
10000,79,9013.0,4,0.02,987,9013
20000,79,17993.0,4,0.02,2007,17993
40000,79,35949.0,4,0.02,4051,35949
60000,79,53976.0,4,0.02,6024,53976
80000,79,71994.0,4,0.02,8006,71994
100000,79,90018.0,4,0.02,9982,90018
2,80,2.0,1,0.01,0,2
3,80,3.0,2,0.01,0,3
100,80,91.0,50,0.25,9,91
200,80,178.0,100,0.5,22,178
2000,80,1782.0,1000,5.0,218,1782
10000,80,8953.0,5000,25.0,1047,8953
20000,80,17922.0,10000,50.0,2078,17922
40000,80,35899.0,20000,100.0,4101,35899
60000,80,53897.0,30000,150.0,6103,53897
80000,80,71816.0,40000,200.0,8184,71816
100000,80,89700.0,50000,250.0,10300,89700
2,81,2.0,1,0.01,0,2
3,81,3.0,2,0.01,0,3
100,81,91.0,97,0.49,9,91
200,81,180.0,197,0.99,20,180
2000,81,1792.0,1997,9.99,208,1792
10000,81,8975.0,9997,49.99,1025,8975
20000,81,17934.0,19997,99.98,2066,17934
40000,81,35763.0,39997,199.98,4237,35763
60000,81,53675.0,59997,299.98,6325,53675
80000,81,71595.0,79997,399.98,8405,71595
100000,81,89557.0,99997,499.98,10443,89557
2,82,1.0,1,0.01,1,1
3,82,2.0,1,0.01,1,2
100,82,86.0,1,0.01,14,86
200,82,178.0,1,0.01,22,178
2000,82,1805.0,1,0.01,195,1805
10000,82,9007.0,1,0.01,993,9007
20000,82,18058.0,1,0.01,1942,18058
40000,82,36078.0,1,0.01,3922,36078
60000,82,54107.0,1,0.01,5893,54107
80000,82,72174.0,1,0.01,7826,72174
100000,82,90168.0,1,0.01,9832,90168
2,83,2.0,1,0.01,0,2
3,83,3.0,2,0.01,0,3
100,83,94.0,50,0.25,6,94
200,83,183.0,100,0.5,17,183
2000,83,1793.0,1000,5.0,207,1793
10000,83,8997.0,5000,25.0,1003,8997
20000,83,17979.0,10000,50.0,2021,17979
40000,83,35903.0,20000,100.0,4097,35903
60000,83,53832.0,30000,150.0,6168,53832
80000,83,71782.0,40000,200.0,8218,71782
100000,83,89749.0,50000,250.0,10251,89749
2,84,2.0,1,0.01,0,2
3,84,3.0,2,0.01,0,3
100,84,88.0,98,0.49,12,88
200,84,183.0,198,0.99,17,183
2000,84,1789.0,1998,9.99,211,1789
10000,84,8968.0,9998,49.99,1032,8968
20000,84,17961.0,19998,99.99,2039,17961
40000,84,35948.0,39998,199.99,4052,35948
60000,84,53890.0,59998,299.99,6110,53890
80000,84,71799.0,79998,399.99,8201,71799
100000,84,89693.0,99998,499.99,10307,89693
2,85,2.0,1,0.01,0,2
3,85,3.0,2,0.01,0,3
100,85,87.0,96,0.48,13,87
200,85,181.0,196,0.98,19,181
2000,85,1787.0,1996,9.98,213,1787
10000,85,8945.0,9996,49.98,1055,8945
20000,85,17935.0,19996,99.98,2065,17935
40000,85,35825.0,39996,199.98,4175,35825
60000,85,53695.0,59996,299.98,6305,53695
80000,85,71647.0,79996,399.98,8353,71647
100000,85,89497.0,99996,499.98,10503,89497
2,86,2.0,1,0.01,0,2
3,86,3.0,2,0.01,0,3
100,86,90.0,97,0.49,10,90
200,86,181.0,197,0.99,19,181
2000,86,1782.0,1997,9.99,218,1782
10000,86,8994.0,9997,49.99,1006,8994
20000,86,17951.0,19997,99.98,2049,17951
40000,86,35862.0,39997,199.98,4138,35862
60000,86,53822.0,59997,299.98,6178,53822
80000,86,71770.0,79997,399.98,8230,71770
100000,86,89666.0,99997,499.98,10334,89666
2,87,2.0,1,0.01,0,2
3,87,3.0,2,0.01,0,3
100,87,92.0,98,0.49,8,92
200,87,182.0,198,0.99,18,182
2000,87,1779.0,1998,9.99,221,1779
10000,87,8946.0,9998,49.99,1054,8946
20000,87,17871.0,19998,99.99,2129,17871
40000,87,35743.0,39998,199.99,4257,35743
60000,87,53696.0,59998,299.99,6304,53696
80000,87,71557.0,79998,399.99,8443,71557
100000,87,89507.0,99998,499.99,10493,89507
2,88,2.0,1,0.01,0,2
3,88,3.0,2,0.01,0,3
100,88,86.0,50,0.25,14,86
200,88,178.0,100,0.5,22,178
2000,88,1798.0,1000,5.0,202,1798
10000,88,8959.0,5000,25.0,1041,8959
20000,88,17944.0,10000,50.0,2056,17944
40000,88,35906.0,20000,100.0,4094,35906
60000,88,53868.0,30000,150.0,6132,53868
80000,88,71863.0,40000,200.0,8137,71863
100000,88,89847.0,50000,250.0,10153,89847
2,89,2.0,1,0.01,0,2
3,89,3.0,2,0.01,0,3
100,89,92.0,3,0.02,8,92
200,89,184.0,3,0.02,16,184
2000,89,1807.0,3,0.02,193,1807
10000,89,8994.0,3,0.02,1006,8994
20000,89,17995.0,3,0.02,2005,17995
40000,89,35997.0,3,0.02,4003,35997
60000,89,54020.0,3,0.02,5980,54020
80000,89,72029.0,3,0.02,7971,72029
100000,89,90105.0,3,0.02,9895,90105
2,90,2.0,1,0.01,0,2
3,90,3.0,2,0.01,0,3
100,90,90.0,3,0.02,10,90
200,90,181.0,3,0.02,19,181
2000,90,1795.0,3,0.02,205,1795
10000,90,8966.0,3,0.02,1034,8966
20000,90,17961.0,3,0.02,2039,17961
40000,90,35911.0,3,0.02,4089,35911
60000,90,53860.0,3,0.02,6140,53860
80000,90,71862.0,3,0.02,8138,71862
100000,90,89840.0,3,0.02,10160,89840
2,91,2.0,1,0.01,0,2
3,91,3.0,2,0.01,0,3
100,91,90.0,94,0.47,10,90
200,91,179.0,194,0.97,21,179
2000,91,1792.0,1994,9.97,208,1792
10000,91,8909.0,9994,49.97,1091,8909
20000,91,17855.0,19994,99.97,2145,17855
40000,91,35720.0,39994,199.97,4280,35720
60000,91,53651.0,59994,299.97,6349,53651
80000,91,71584.0,79994,399.97,8416,71584
100000,91,89370.0,99994,499.97,10630,89370
2,92,2.0,1,0.01,0,2
3,92,2.0,2,0.01,1,2
100,92,92.0,2,0.01,8,92
200,92,181.0,2,0.01,19,181
2000,92,1789.0,2,0.01,211,1789
10000,92,8968.0,2,0.01,1032,8968
20000,92,18001.0,2,0.01,1999,18001
40000,92,36079.0,2,0.01,3921,36079
60000,92,54107.0,2,0.01,5893,54107
80000,92,72036.0,2,0.01,7964,72036
100000,92,89977.0,2,0.01,10023,89977
2,93,2.0,1,0.01,0,2
3,93,2.0,2,0.01,1,2
100,93,84.0,2,0.01,16,84
200,93,177.0,2,0.01,23,177
2000,93,1785.0,2,0.01,215,1785
10000,93,8972.0,2,0.01,1028,8972
20000,93,18009.0,2,0.01,1991,18009
40000,93,36004.0,2,0.01,3996,36004
60000,93,53997.0,2,0.01,6003,53997
80000,93,72033.0,2,0.01,7967,72033
100000,93,90048.0,2,0.01,9952,90048
2,94,2.0,1,0.01,0,2
3,94,3.0,2,0.01,0,3
100,94,90.0,5,0.03,10,90
200,94,181.0,5,0.03,19,181
2000,94,1812.0,5,0.03,188,1812
10000,94,9025.0,5,0.03,975,9025
20000,94,18010.0,5,0.03,1990,18010
40000,94,35984.0,5,0.03,4016,35984
60000,94,53993.0,5,0.03,6007,53993
80000,94,71877.0,5,0.03,8123,71877
100000,94,89797.0,5,0.03,10203,89797
2,95,2.0,1,0.01,0,2
3,95,3.0,2,0.01,0,3
100,95,92.0,50,0.25,8,92
200,95,183.0,100,0.5,17,183
2000,95,1793.0,1000,5.0,207,1793
10000,95,8944.0,5000,25.0,1056,8944
20000,95,17907.0,10000,50.0,2093,17907
40000,95,35852.0,20000,100.0,4148,35852
60000,95,53722.0,30000,150.0,6278,53722
80000,95,71660.0,40000,200.0,8340,71660
100000,95,89684.0,50000,250.0,10316,89684
2,96,2.0,1,0.01,0,2
3,96,3.0,2,0.01,0,3
100,96,92.0,98,0.49,8,92
200,96,182.0,198,0.99,18,182
2000,96,1792.0,1998,9.99,208,1792
10000,96,8980.0,9998,49.99,1020,8980
20000,96,17981.0,19998,99.99,2019,17981
40000,96,35849.0,39998,199.99,4151,35849
60000,96,53783.0,59998,299.99,6217,53783
80000,96,71777.0,79998,399.99,8223,71777
100000,96,89744.0,99998,499.99,10256,89744
2,97,1.0,1,0.01,1,1
3,97,2.0,2,0.01,1,2
100,97,92.0,99,0.5,8,92
200,97,178.0,199,1.0,22,178
2000,97,1811.0,1999,10.0,189,1811
10000,97,9012.0,9999,50.0,988,9012
20000,97,18009.0,19999,99.99,1991,18009
40000,97,35912.0,39999,199.99,4088,35912
60000,97,53855.0,59999,299.99,6145,53855
80000,97,71736.0,79999,399.99,8264,71736
100000,97,89662.0,99999,499.99,10338,89662
2,98,2.0,1,0.01,0,2
3,98,3.0,2,0.01,0,3
100,98,87.0,50,0.25,13,87
200,98,183.0,100,0.5,17,183
2000,98,1817.0,1000,5.0,183,1817
10000,98,8985.0,5000,25.0,1015,8985
20000,98,17974.0,10000,50.0,2026,17974
40000,98,35933.0,20000,100.0,4067,35933
60000,98,53783.0,30000,150.0,6217,53783
80000,98,71779.0,40000,200.0,8221,71779
100000,98,89762.0,50000,250.0,10238,89762
2,99,1.0,1,0.01,1,1
3,99,2.0,2,0.01,1,2
100,99,87.0,99,0.5,13,87
200,99,172.0,199,1.0,28,172
2000,99,1778.0,1999,10.0,222,1778
10000,99,8881.0,9999,50.0,1119,8881
20000,99,17768.0,19999,99.99,2232,17768
40000,99,35745.0,39999,199.99,4255,35745
60000,99,53694.0,59999,299.99,6306,53694
80000,99,71615.0,79999,399.99,8385,71615
100000,99,89521.0,99999,499.99,10479,89521
2,100,2.0,1,0.01,0,2
3,100,3.0,2,0.01,0,3
100,100,92.0,50,0.25,8,92
200,100,183.0,100,0.5,17,183
2000,100,1788.0,1000,5.0,212,1788
10000,100,8965.0,5000,25.0,1035,8965
20000,100,17906.0,10000,50.0,2094,17906
40000,100,35837.0,20000,100.0,4163,35837
60000,100,53754.0,30000,150.0,6246,53754
80000,100,71684.0,40000,200.0,8316,71684
100000,100,89679.0,50000,250.0,10321,89679
