Timestep,Iteration,Total Reward,Suboptimal Arms,Total Regret,Zeros Count,Ones Count
2,1,2.0,1,0.01,0,2
3,1,3.0,1,0.01,0,3
100,1,86.0,2,0.01,14,86
200,1,177.0,2,0.01,23,177
2000,1,1821.0,2,0.01,179,1821
10000,1,9064.0,2,0.01,936,9064
20000,1,18003.0,2,0.01,1997,18003
40000,1,35989.0,2,0.01,4011,35989
60000,1,53881.0,2,0.01,6119,53881
80000,1,71825.0,2,0.01,8175,71825
100000,1,89861.0,2,0.01,10139,89861
2,2,1.0,1,0.01,1,1
3,2,2.0,1,0.01,1,2
100,2,88.0,1,0.01,12,88
200,2,180.0,1,0.01,20,180
2000,2,1787.0,1,0.01,213,1787
10000,2,9012.0,1,0.01,988,9012
20000,2,18027.0,1,0.01,1973,18027
40000,2,36126.0,1,0.01,3874,36126
60000,2,54188.0,1,0.01,5812,54188
80000,2,72155.0,1,0.01,7845,72155
100000,2,90160.0,1,0.01,9840,90160
2,3,2.0,1,0.01,0,2
3,3,3.0,1,0.01,0,3
100,3,95.0,2,0.01,5,95
200,3,189.0,2,0.01,11,189
2000,3,1819.0,2,0.01,181,1819
10000,3,9007.0,2,0.01,993,9007
20000,3,17983.0,2,0.01,2017,17983
40000,3,35974.0,2,0.01,4026,35974
60000,3,54006.0,2,0.01,5994,54006
80000,3,72057.0,2,0.01,7943,72057
100000,3,90157.0,2,0.01,9843,90157
2,4,1.0,1,0.01,1,1
3,4,2.0,2,0.01,1,2
100,4,87.0,99,0.5,13,87
200,4,181.0,199,1.0,19,181
2000,4,1813.0,1999,10.0,187,1813
10000,4,8994.0,9999,50.0,1006,8994
20000,4,17963.0,19999,99.99,2037,17963
40000,4,35908.0,39999,199.99,4092,35908
60000,4,53833.0,59999,299.99,6167,53833
80000,4,71749.0,79999,399.99,8251,71749
100000,4,89537.0,99999,499.99,10463,89537
2,5,1.0,1,0.01,1,1
3,5,2.0,2,0.01,1,2
100,5,87.0,99,0.5,13,87
200,5,182.0,199,1.0,18,182
2000,5,1806.0,1999,10.0,194,1806
10000,5,8945.0,9999,50.0,1055,8945
20000,5,17928.0,19999,99.99,2072,17928
40000,5,35826.0,39999,199.99,4174,35826
60000,5,53725.0,59999,299.99,6275,53725
80000,5,71629.0,79999,399.99,8371,71629
100000,5,89563.0,99999,499.99,10437,89563
2,6,2.0,1,0.01,0,2
3,6,3.0,1,0.01,0,3
100,6,93.0,6,0.03,7,93
200,6,185.0,6,0.03,15,185
2000,6,1794.0,6,0.03,206,1794
10000,6,8996.0,6,0.03,1004,8996
20000,6,18032.0,6,0.03,1968,18032
40000,6,36012.0,6,0.03,3988,36012
60000,6,54001.0,6,0.03,5999,54001
80000,6,72020.0,6,0.03,7980,72020
100000,6,89985.0,6,0.03,10015,89985
2,7,2.0,1,0.01,0,2
3,7,3.0,1,0.01,0,3
100,7,90.0,6,0.03,10,90
200,7,175.0,6,0.03,25,175
2000,7,1798.0,6,0.03,202,1798
10000,7,9011.0,6,0.03,989,9011
20000,7,18041.0,6,0.03,1959,18041
40000,7,36022.0,6,0.03,3978,36022
60000,7,54027.0,6,0.03,5973,54027
80000,7,72119.0,6,0.03,7881,72119
100000,7,90125.0,6,0.03,9875,90125
2,8,2.0,1,0.01,0,2
3,8,3.0,1,0.01,0,3
100,8,89.0,7,0.04,11,89
200,8,179.0,7,0.04,21,179
2000,8,1787.0,7,0.04,213,1787
10000,8,9001.0,7,0.04,999,9001
20000,8,18079.0,7,0.04,1921,18079
40000,8,36146.0,7,0.04,3854,36146
60000,8,54190.0,7,0.04,5810,54190
80000,8,72194.0,7,0.04,7806,72194
100000,8,90213.0,7,0.04,9787,90213
2,9,2.0,1,0.01,0,2
3,9,2.0,1,0.01,1,2
100,9,90.0,98,0.49,10,90
200,9,179.0,198,0.99,21,179
2000,9,1774.0,1998,9.99,226,1774
10000,9,8950.0,9998,49.99,1050,8950
20000,9,17933.0,19998,99.99,2067,17933
40000,9,35869.0,39998,199.99,4131,35869
60000,9,53883.0,59998,299.99,6117,53883
80000,9,71861.0,79998,399.99,8139,71861
100000,9,89732.0,99998,499.99,10268,89732
2,10,2.0,1,0.01,0,2
3,10,3.0,1,0.01,0,3
100,10,94.0,50,0.25,6,94
200,10,188.0,100,0.5,12,188
2000,10,1841.0,1000,5.0,159,1841
10000,10,9010.0,5000,25.0,990,9010
20000,10,17994.0,10000,50.0,2006,17994
40000,10,35934.0,20000,100.0,4066,35934
60000,10,53852.0,30000,150.0,6148,53852
80000,10,71743.0,40000,200.0,8257,71743
100000,10,89716.0,50000,250.0,10284,89716
2,11,1.0,1,0.01,1,1
3,11,2.0,2,0.01,1,2
100,11,90.0,99,0.5,10,90
200,11,182.0,199,1.0,18,182
2000,11,1807.0,1999,10.0,193,1807
10000,11,8944.0,9999,50.0,1056,8944
20000,11,17886.0,19999,99.99,2114,17886
40000,11,35887.0,39999,199.99,4113,35887
60000,11,53838.0,59999,299.99,6162,53838
80000,11,71778.0,79999,399.99,8222,71778
100000,11,89686.0,99999,499.99,10314,89686
2,12,1.0,1,0.01,1,1
3,12,2.0,1,0.01,1,2
100,12,91.0,1,0.01,9,91
200,12,180.0,1,0.01,20,180
2000,12,1784.0,1,0.01,216,1784
10000,12,9006.0,1,0.01,994,9006
20000,12,17997.0,1,0.01,2003,17997
40000,12,36048.0,1,0.01,3952,36048
60000,12,54045.0,1,0.01,5955,54045
80000,12,72097.0,1,0.01,7903,72097
100000,12,90091.0,1,0.01,9909,90091
2,13,2.0,1,0.01,0,2
3,13,3.0,1,0.01,0,3
100,13,90.0,3,0.02,10,90
200,13,177.0,3,0.02,23,177
2000,13,1780.0,3,0.02,220,1780
10000,13,8934.0,3,0.02,1066,8934
20000,13,17916.0,3,0.02,2084,17916
40000,13,35970.0,3,0.02,4030,35970
60000,13,53953.0,3,0.02,6047,53953
80000,13,71958.0,3,0.02,8042,71958
100000,13,89876.0,3,0.02,10124,89876
2,14,2.0,1,0.01,0,2
3,14,2.0,1,0.01,1,2
100,14,91.0,98,0.49,9,91
200,14,180.0,198,0.99,20,180
2000,14,1775.0,1998,9.99,225,1775
10000,14,8904.0,9998,49.99,1096,8904
20000,14,17841.0,19998,99.99,2159,17841
40000,14,35769.0,39998,199.99,4231,35769
60000,14,53651.0,59998,299.99,6349,53651
80000,14,71595.0,79998,399.99,8405,71595
100000,14,89501.0,99998,499.99,10499,89501
2,15,1.0,1,0.01,1,1
3,15,2.0,1,0.01,1,2
100,15,92.0,1,0.01,8,92
200,15,186.0,1,0.01,14,186
2000,15,1822.0,1,0.01,178,1822
10000,15,9026.0,1,0.01,974,9026
20000,15,18044.0,1,0.01,1956,18044
40000,15,36039.0,1,0.01,3961,36039
60000,15,54019.0,1,0.01,5981,54019
80000,15,71981.0,1,0.01,8019,71981
100000,15,90036.0,1,0.01,9964,90036
2,16,2.0,1,0.01,0,2
3,16,3.0,1,0.01,0,3
100,16,89.0,2,0.01,11,89
200,16,182.0,2,0.01,18,182
2000,16,1786.0,2,0.01,214,1786
10000,16,8977.0,2,0.01,1023,8977
20000,16,17958.0,2,0.01,2042,17958
40000,16,35945.0,2,0.01,4055,35945
60000,16,53903.0,2,0.01,6097,53903
80000,16,71929.0,2,0.01,8071,71929
100000,16,89871.0,2,0.01,10129,89871
2,17,1.0,1,0.01,1,1
3,17,2.0,1,0.01,1,2
100,17,92.0,1,0.01,8,92
200,17,188.0,1,0.01,12,188
2000,17,1819.0,1,0.01,181,1819
10000,17,9009.0,1,0.01,991,9009
20000,17,18024.0,1,0.01,1976,18024
40000,17,35996.0,1,0.01,4004,35996
60000,17,53915.0,1,0.01,6085,53915
80000,17,71967.0,1,0.01,8033,71967
100000,17,90021.0,1,0.01,9979,90021
2,18,2.0,1,0.01,0,2
3,18,2.0,1,0.01,1,2
100,18,91.0,98,0.49,9,91
200,18,178.0,198,0.99,22,178
2000,18,1795.0,1998,9.99,205,1795
10000,18,8964.0,9998,49.99,1036,8964
20000,18,17873.0,19998,99.99,2127,17873
40000,18,35787.0,39998,199.99,4213,35787
60000,18,53783.0,59998,299.99,6217,53783
80000,18,71723.0,79998,399.99,8277,71723
100000,18,89512.0,99998,499.99,10488,89512
2,19,2.0,1,0.01,0,2
3,19,3.0,1,0.01,0,3
100,19,90.0,3,0.02,10,90
200,19,175.0,3,0.02,25,175
2000,19,1786.0,3,0.02,214,1786
10000,19,8990.0,3,0.02,1010,8990
20000,19,17976.0,3,0.02,2024,17976
40000,19,36050.0,3,0.02,3950,36050
60000,19,54057.0,3,0.02,5943,54057
80000,19,72018.0,3,0.02,7982,72018
100000,19,90060.0,3,0.02,9940,90060
2,20,1.0,1,0.01,1,1
3,20,2.0,2,0.01,1,2
100,20,87.0,99,0.5,13,87
200,20,181.0,199,1.0,19,181
2000,20,1792.0,1999,10.0,208,1792
10000,20,8925.0,9999,50.0,1075,8925
20000,20,17941.0,19999,99.99,2059,17941
40000,20,35851.0,39999,199.99,4149,35851
60000,20,53767.0,59999,299.99,6233,53767
80000,20,71631.0,79999,399.99,8369,71631
100000,20,89565.0,99999,499.99,10435,89565
2,21,0.0,1,0.01,2,0
3,21,1.0,1,0.01,2,1
100,21,92.0,4,0.02,8,92
200,21,186.0,4,0.02,14,186
2000,21,1805.0,4,0.02,195,1805
10000,21,8979.0,4,0.02,1021,8979
20000,21,17997.0,4,0.02,2003,17997
40000,21,36081.0,4,0.02,3919,36081
60000,21,54003.0,4,0.02,5997,54003
80000,21,71958.0,4,0.02,8042,71958
100000,21,89977.0,4,0.02,10023,89977
2,22,2.0,1,0.01,0,2
3,22,3.0,1,0.01,0,3
100,22,86.0,97,0.49,14,86
200,22,176.0,197,0.99,24,176
2000,22,1798.0,1997,9.99,202,1798
10000,22,8940.0,9997,49.99,1060,8940
20000,22,17877.0,19997,99.98,2123,17877
40000,22,35859.0,39997,199.98,4141,35859
60000,22,53802.0,59997,299.98,6198,53802
80000,22,71698.0,79997,399.98,8302,71698
100000,22,89588.0,99997,499.98,10412,89588
2,23,2.0,1,0.01,0,2
3,23,2.0,1,0.01,1,2
100,23,88.0,98,0.49,12,88
200,23,176.0,198,0.99,24,176
2000,23,1797.0,1998,9.99,203,1797
10000,23,8933.0,9998,49.99,1067,8933
20000,23,17866.0,19998,99.99,2134,17866
40000,23,35754.0,39998,199.99,4246,35754
60000,23,53715.0,59998,299.99,6285,53715
80000,23,71598.0,79998,399.99,8402,71598
100000,23,89493.0,99998,499.99,10507,89493
2,24,1.0,1,0.01,1,1
3,24,2.0,1,0.01,1,2
100,24,78.0,1,0.01,22,78
200,24,168.0,1,0.01,32,168
2000,24,1770.0,1,0.01,230,1770
10000,24,8974.0,1,0.01,1026,8974
20000,24,17998.0,1,0.01,2002,17998
40000,24,36081.0,1,0.01,3919,36081
60000,24,54086.0,1,0.01,5914,54086
80000,24,72069.0,1,0.01,7931,72069
100000,24,90139.0,1,0.01,9861,90139
2,25,2.0,1,0.01,0,2
3,25,3.0,1,0.01,0,3
100,25,87.0,3,0.02,13,87
200,25,176.0,3,0.02,24,176
2000,25,1818.0,3,0.02,182,1818
10000,25,9009.0,3,0.02,991,9009
20000,25,18025.0,3,0.02,1975,18025
40000,25,36034.0,3,0.02,3966,36034
60000,25,53976.0,3,0.02,6024,53976
80000,25,71927.0,3,0.02,8073,71927
100000,25,89942.0,3,0.02,10058,89942
2,26,2.0,1,0.01,0,2
3,26,3.0,1,0.01,0,3
100,26,91.0,93,0.47,9,91
200,26,177.0,193,0.97,23,177
2000,26,1794.0,1993,9.97,206,1794
10000,26,8958.0,9993,49.97,1042,8958
20000,26,17891.0,19993,99.96,2109,17891
40000,26,35793.0,39993,199.96,4207,35793
60000,26,53677.0,59993,299.96,6323,53677
80000,26,71584.0,79993,399.96,8416,71584
100000,26,89511.0,99993,499.96,10489,89511
2,27,2.0,1,0.01,0,2
3,27,3.0,1,0.01,0,3
100,27,93.0,4,0.02,7,93
200,27,180.0,4,0.02,20,180
2000,27,1755.0,4,0.02,245,1755
10000,27,8917.0,4,0.02,1083,8917
20000,27,17942.0,4,0.02,2058,17942
40000,27,35901.0,4,0.02,4099,35901
60000,27,53938.0,4,0.02,6062,53938
80000,27,71970.0,4,0.02,8030,71970
100000,27,89921.0,4,0.02,10079,89921
2,28,2.0,1,0.01,0,2
3,28,3.0,1,0.01,0,3
100,28,86.0,94,0.47,14,86
200,28,174.0,194,0.97,26,174
2000,28,1759.0,1994,9.97,241,1759
10000,28,8990.0,9994,49.97,1010,8990
20000,28,17923.0,19994,99.97,2077,17923
40000,28,35799.0,39994,199.97,4201,35799
60000,28,53625.0,59994,299.97,6375,53625
80000,28,71456.0,79994,399.97,8544,71456
100000,28,89412.0,99994,499.97,10588,89412
2,29,2.0,1,0.01,0,2
3,29,2.0,1,0.01,1,2
100,29,91.0,98,0.49,9,91
200,29,181.0,198,0.99,19,181
2000,29,1794.0,1998,9.99,206,1794
10000,29,8957.0,9998,49.99,1043,8957
20000,29,17899.0,19998,99.99,2101,17899
40000,29,35786.0,39998,199.99,4214,35786
60000,29,53701.0,59998,299.99,6299,53701
80000,29,71574.0,79998,399.99,8426,71574
100000,29,89453.0,99998,499.99,10547,89453
2,30,1.0,1,0.01,1,1
3,30,2.0,2,0.01,1,2
100,30,82.0,99,0.5,18,82
200,30,164.0,199,1.0,36,164
2000,30,1782.0,1999,10.0,218,1782
10000,30,8996.0,9999,50.0,1004,8996
20000,30,17978.0,19999,99.99,2022,17978
40000,30,35798.0,39999,199.99,4202,35798
60000,30,53761.0,59999,299.99,6239,53761
80000,30,71683.0,79999,399.99,8317,71683
100000,30,89648.0,99999,499.99,10352,89648
2,31,2.0,1,0.01,0,2
3,31,3.0,1,0.01,0,3
100,31,92.0,95,0.48,8,92
200,31,182.0,195,0.98,18,182
2000,31,1779.0,1995,9.98,221,1779
10000,31,8893.0,9995,49.98,1107,8893
20000,31,17881.0,19995,99.97,2119,17881
40000,31,35776.0,39995,199.97,4224,35776
60000,31,53653.0,59995,299.97,6347,53653
80000,31,71538.0,79995,399.97,8462,71538
100000,31,89455.0,99995,499.97,10545,89455
2,32,1.0,1,0.01,1,1
3,32,2.0,1,0.01,1,2
100,32,93.0,1,0.01,7,93
200,32,185.0,1,0.01,15,185
2000,32,1771.0,1,0.01,229,1771
10000,32,8994.0,1,0.01,1006,8994
20000,32,18007.0,1,0.01,1993,18007
40000,32,35942.0,1,0.01,4058,35942
60000,32,53902.0,1,0.01,6098,53902
80000,32,71890.0,1,0.01,8110,71890
100000,32,89916.0,1,0.01,10084,89916
2,33,2.0,1,0.01,0,2
3,33,3.0,1,0.01,0,3
100,33,90.0,50,0.25,10,90
200,33,179.0,100,0.5,21,179
2000,33,1799.0,1000,5.0,201,1799
10000,33,8956.0,5000,25.0,1044,8956
20000,33,17909.0,10000,50.0,2091,17909
40000,33,35951.0,20000,100.0,4049,35951
60000,33,53981.0,30000,150.0,6019,53981
80000,33,71905.0,40000,200.0,8095,71905
100000,33,89850.0,50000,250.0,10150,89850
2,34,2.0,1,0.01,0,2
3,34,3.0,1,0.01,0,3
100,34,93.0,95,0.48,7,93
200,34,184.0,195,0.98,16,184
2000,34,1774.0,1995,9.98,226,1774
10000,34,8949.0,9995,49.98,1051,8949
20000,34,17895.0,19995,99.97,2105,17895
40000,34,35831.0,39995,199.97,4169,35831
60000,34,53798.0,59995,299.97,6202,53798
80000,34,71704.0,79995,399.97,8296,71704
100000,34,89651.0,99995,499.97,10349,89651
2,35,2.0,1,0.01,0,2
3,35,3.0,1,0.01,0,3
100,35,92.0,2,0.01,8,92
200,35,178.0,2,0.01,22,178
2000,35,1802.0,2,0.01,198,1802
10000,35,9001.0,2,0.01,999,9001
20000,35,17975.0,2,0.01,2025,17975
40000,35,35981.0,2,0.01,4019,35981
60000,35,54015.0,2,0.01,5985,54015
80000,35,71956.0,2,0.01,8044,71956
100000,35,90022.0,2,0.01,9978,90022
2,36,2.0,1,0.01,0,2
3,36,3.0,1,0.01,0,3
100,36,87.0,96,0.48,13,87
200,36,177.0,196,0.98,23,177
2000,36,1783.0,1996,9.98,217,1783
10000,36,8865.0,9996,49.98,1135,8865
20000,36,17832.0,19996,99.98,2168,17832
40000,36,35717.0,39996,199.98,4283,35717
60000,36,53650.0,59996,299.98,6350,53650
80000,36,71562.0,79996,399.98,8438,71562
100000,36,89463.0,99996,499.98,10537,89463
2,37,2.0,1,0.01,0,2
3,37,3.0,1,0.01,0,3
100,37,92.0,96,0.48,8,92
200,37,186.0,196,0.98,14,186
2000,37,1794.0,1996,9.98,206,1794
10000,37,8946.0,9996,49.98,1054,8946
20000,37,17885.0,19996,99.98,2115,17885
40000,37,35767.0,39996,199.98,4233,35767
60000,37,53655.0,59996,299.98,6345,53655
80000,37,71560.0,79996,399.98,8440,71560
100000,37,89429.0,99996,499.98,10571,89429
2,38,2.0,1,0.01,0,2
3,38,3.0,1,0.01,0,3
100,38,94.0,4,0.02,6,94
200,38,188.0,4,0.02,12,188
2000,38,1796.0,4,0.02,204,1796
10000,38,9001.0,4,0.02,999,9001
20000,38,17954.0,4,0.02,2046,17954
40000,38,35981.0,4,0.02,4019,35981
60000,38,53929.0,4,0.02,6071,53929
80000,38,72002.0,4,0.02,7998,72002
100000,38,89965.0,4,0.02,10035,89965
2,39,2.0,1,0.01,0,2
3,39,3.0,1,0.01,0,3
100,39,86.0,2,0.01,14,86
200,39,177.0,2,0.01,23,177
2000,39,1794.0,2,0.01,206,1794
10000,39,9024.0,2,0.01,976,9024
20000,39,17992.0,2,0.01,2008,17992
40000,39,36027.0,2,0.01,3973,36027
60000,39,54106.0,2,0.01,5894,54106
80000,39,72072.0,2,0.01,7928,72072
100000,39,90032.0,2,0.01,9968,90032
2,40,2.0,1,0.01,0,2
3,40,3.0,1,0.01,0,3
100,40,92.0,50,0.25,8,92
200,40,185.0,100,0.5,15,185
2000,40,1794.0,1000,5.0,206,1794
10000,40,8978.0,5000,25.0,1022,8978
20000,40,17938.0,10000,50.0,2062,17938
40000,40,35928.0,20000,100.0,4072,35928
60000,40,53877.0,30000,150.0,6123,53877
80000,40,71836.0,40000,200.0,8164,71836
100000,40,89743.0,50000,250.0,10257,89743
2,41,2.0,1,0.01,0,2
3,41,3.0,1,0.01,0,3
100,41,93.0,50,0.25,7,93
200,41,184.0,100,0.5,16,184
2000,41,1808.0,1000,5.0,192,1808
10000,41,8953.0,5000,25.0,1047,8953
20000,41,17962.0,10000,50.0,2038,17962
40000,41,35905.0,20000,100.0,4095,35905
60000,41,53862.0,30000,150.0,6138,53862
80000,41,71781.0,40000,200.0,8219,71781
100000,41,89707.0,50000,250.0,10293,89707
2,42,2.0,1,0.01,0,2
3,42,3.0,1,0.01,0,3
100,42,95.0,50,0.25,5,95
200,42,188.0,100,0.5,12,188
2000,42,1808.0,1000,5.0,192,1808
10000,42,8985.0,5000,25.0,1015,8985
20000,42,17974.0,10000,50.0,2026,17974
40000,42,35906.0,20000,100.0,4094,35906
60000,42,53916.0,30000,150.0,6084,53916
80000,42,71927.0,40000,200.0,8073,71927
100000,42,89916.0,50000,250.0,10084,89916
2,43,2.0,1,0.01,0,2
3,43,3.0,1,0.01,0,3
100,43,92.0,3,0.02,8,92
200,43,176.0,3,0.02,24,176
2000,43,1796.0,3,0.02,204,1796
10000,43,8987.0,3,0.02,1013,8987
20000,43,17995.0,3,0.02,2005,17995
40000,43,36028.0,3,0.02,3972,36028
60000,43,54032.0,3,0.02,5968,54032
80000,43,72041.0,3,0.02,7959,72041
100000,43,90016.0,3,0.02,9984,90016
2,44,2.0,1,0.01,0,2
3,44,3.0,1,0.01,0,3
100,44,87.0,97,0.49,13,87
200,44,174.0,197,0.99,26,174
2000,44,1783.0,1997,9.99,217,1783
10000,44,8921.0,9997,49.99,1079,8921
20000,44,17893.0,19997,99.98,2107,17893
40000,44,35761.0,39997,199.98,4239,35761
60000,44,53704.0,59997,299.98,6296,53704
80000,44,71644.0,79997,399.98,8356,71644
100000,44,89472.0,99997,499.98,10528,89472
2,45,2.0,1,0.01,0,2
3,45,3.0,1,0.01,0,3
100,45,92.0,50,0.25,8,92
200,45,181.0,100,0.5,19,181
2000,45,1810.0,1000,5.0,190,1810
10000,45,9000.0,5000,25.0,1000,9000
20000,45,17993.0,10000,50.0,2007,17993
40000,45,35951.0,20000,100.0,4049,35951
60000,45,53869.0,30000,150.0,6131,53869
80000,45,71868.0,40000,200.0,8132,71868
100000,45,89839.0,50000,250.0,10161,89839
2,46,2.0,1,0.01,0,2
3,46,3.0,1,0.01,0,3
100,46,91.0,4,0.02,9,91
200,46,182.0,4,0.02,18,182
2000,46,1799.0,4,0.02,201,1799
10000,46,9010.0,4,0.02,990,9010
20000,46,18038.0,4,0.02,1962,18038
40000,46,36062.0,4,0.02,3938,36062
60000,46,54083.0,4,0.02,5917,54083
80000,46,72040.0,4,0.02,7960,72040
100000,46,90016.0,4,0.02,9984,90016
2,47,2.0,1,0.01,0,2
3,47,3.0,1,0.01,0,3
100,47,84.0,96,0.48,16,84
200,47,175.0,196,0.98,25,175
2000,47,1792.0,1996,9.98,208,1792
10000,47,8963.0,9996,49.98,1037,8963
20000,47,17936.0,19996,99.98,2064,17936
40000,47,35800.0,39996,199.98,4200,35800
60000,47,53685.0,59996,299.98,6315,53685
80000,47,71614.0,79996,399.98,8386,71614
100000,47,89496.0,99996,499.98,10504,89496
2,48,2.0,1,0.01,0,2
3,48,3.0,1,0.01,0,3
100,48,95.0,50,0.25,5,95
200,48,185.0,100,0.5,15,185
2000,48,1794.0,1000,5.0,206,1794
10000,48,9005.0,5000,25.0,995,9005
20000,48,17984.0,10000,50.0,2016,17984
40000,48,35919.0,20000,100.0,4081,35919
60000,48,53874.0,30000,150.0,6126,53874
80000,48,71862.0,40000,200.0,8138,71862
100000,48,89887.0,50000,250.0,10113,89887
2,49,2.0,1,0.01,0,2
3,49,3.0,1,0.01,0,3
100,49,87.0,95,0.48,13,87
200,49,173.0,195,0.98,27,173
2000,49,1801.0,1995,9.98,199,1801
10000,49,8975.0,9995,49.98,1025,8975
20000,49,17918.0,19995,99.97,2082,17918
40000,49,35785.0,39995,199.97,4215,35785
60000,49,53688.0,59995,299.97,6312,53688
80000,49,71538.0,79995,399.97,8462,71538
100000,49,89374.0,99995,499.97,10626,89374
2,50,2.0,1,0.01,0,2
3,50,3.0,1,0.01,0,3
100,50,96.0,50,0.25,4,96
200,50,185.0,100,0.5,15,185
2000,50,1810.0,1000,5.0,190,1810
10000,50,9018.0,5000,25.0,982,9018
20000,50,17991.0,10000,50.0,2009,17991
40000,50,35910.0,20000,100.0,4090,35910
60000,50,53869.0,30000,150.0,6131,53869
80000,50,71720.0,40000,200.0,8280,71720
100000,50,89651.0,50000,250.0,10349,89651
2,51,2.0,1,0.01,0,2
3,51,3.0,1,0.01,0,3
100,51,85.0,2,0.01,15,85
200,51,178.0,2,0.01,22,178
2000,51,1811.0,2,0.01,189,1811
10000,51,9036.0,2,0.01,964,9036
20000,51,18065.0,2,0.01,1935,18065
40000,51,36049.0,2,0.01,3951,36049
60000,51,54105.0,2,0.01,5895,54105
80000,51,72095.0,2,0.01,7905,72095
100000,51,90060.0,2,0.01,9940,90060
2,52,2.0,1,0.01,0,2
3,52,3.0,1,0.01,0,3
100,52,95.0,50,0.25,5,95
200,52,182.0,100,0.5,18,182
2000,52,1798.0,1000,5.0,202,1798
10000,52,8961.0,5000,25.0,1039,8961
20000,52,17960.0,10000,50.0,2040,17960
40000,52,35884.0,20000,100.0,4116,35884
60000,52,53810.0,30000,150.0,6190,53810
80000,52,71768.0,40000,200.0,8232,71768
100000,52,89681.0,50000,250.0,10319,89681
2,53,2.0,1,0.01,0,2
3,53,2.0,1,0.01,1,2
100,53,84.0,3,0.02,16,84
200,53,175.0,3,0.02,25,175
2000,53,1799.0,3,0.02,201,1799
10000,53,8979.0,3,0.02,1021,8979
20000,53,17978.0,3,0.02,2022,17978
40000,53,35983.0,3,0.02,4017,35983
60000,53,53979.0,3,0.02,6021,53979
80000,53,71977.0,3,0.02,8023,71977
100000,53,89945.0,3,0.02,10055,89945
2,54,1.0,1,0.01,1,1
3,54,2.0,2,0.01,1,2
100,54,84.0,99,0.5,16,84
200,54,172.0,199,1.0,28,172
2000,54,1783.0,1999,10.0,217,1783
10000,54,8970.0,9999,50.0,1030,8970
20000,54,17879.0,19999,99.99,2121,17879
40000,54,35835.0,39999,199.99,4165,35835
60000,54,53735.0,59999,299.99,6265,53735
80000,54,71614.0,79999,399.99,8386,71614
100000,54,89479.0,99999,499.99,10521,89479
2,55,2.0,1,0.01,0,2
3,55,3.0,1,0.01,0,3
100,55,91.0,50,0.25,9,91
200,55,185.0,100,0.5,15,185
2000,55,1800.0,1000,5.0,200,1800
10000,55,8937.0,5000,25.0,1063,8937
20000,55,17931.0,10000,50.0,2069,17931
40000,55,35921.0,20000,100.0,4079,35921
60000,55,53973.0,30000,150.0,6027,53973
80000,55,71932.0,40000,200.0,8068,71932
100000,55,89823.0,50000,250.0,10177,89823
2,56,2.0,1,0.01,0,2
3,56,3.0,1,0.01,0,3
100,56,89.0,97,0.49,11,89
200,56,178.0,197,0.99,22,178
2000,56,1792.0,1997,9.99,208,1792
10000,56,8935.0,9997,49.99,1065,8935
20000,56,17908.0,19997,99.98,2092,17908
40000,56,35801.0,39997,199.98,4199,35801
60000,56,53709.0,59997,299.98,6291,53709
80000,56,71638.0,79997,399.98,8362,71638
100000,56,89520.0,99997,499.98,10480,89520
2,57,2.0,1,0.01,0,2
3,57,3.0,1,0.01,0,3
100,57,93.0,94,0.47,7,93
200,57,178.0,194,0.97,22,178
2000,57,1785.0,1994,9.97,215,1785
10000,57,9000.0,9994,49.97,1000,9000
20000,57,17996.0,19994,99.97,2004,17996
40000,57,35888.0,39994,199.97,4112,35888
60000,57,53748.0,59994,299.97,6252,53748
80000,57,71585.0,79994,399.97,8415,71585
100000,57,89479.0,99994,499.97,10521,89479
2,58,2.0,1,0.01,0,2
3,58,3.0,1,0.01,0,3
100,58,85.0,50,0.25,15,85
200,58,175.0,100,0.5,25,175
2000,58,1788.0,1000,5.0,212,1788
10000,58,8981.0,5000,25.0,1019,8981
20000,58,17981.0,10000,50.0,2019,17981
40000,58,35996.0,20000,100.0,4004,35996
60000,58,53965.0,30000,150.0,6035,53965
80000,58,71939.0,40000,200.0,8061,71939
100000,58,89834.0,50000,250.0,10166,89834
2,59,2.0,1,0.01,0,2
3,59,2.0,1,0.01,1,2
100,59,89.0,98,0.49,11,89
200,59,178.0,198,0.99,22,178
2000,59,1817.0,1998,9.99,183,1817
10000,59,8991.0,9998,49.99,1009,8991
20000,59,17932.0,19998,99.99,2068,17932
40000,59,35778.0,39998,199.99,4222,35778
60000,59,53696.0,59998,299.99,6304,53696
80000,59,71615.0,79998,399.99,8385,71615
100000,59,89476.0,99998,499.99,10524,89476
2,60,2.0,1,0.01,0,2
3,60,3.0,1,0.01,0,3
100,60,93.0,6,0.03,7,93
200,60,188.0,6,0.03,12,188
2000,60,1828.0,6,0.03,172,1828
10000,60,9066.0,6,0.03,934,9066
20000,60,18048.0,6,0.03,1952,18048
40000,60,36000.0,6,0.03,4000,36000
60000,60,53994.0,6,0.03,6006,53994
80000,60,71914.0,6,0.03,8086,71914
100000,60,89973.0,6,0.03,10027,89973
2,61,1.0,1,0.01,1,1
3,61,2.0,2,0.01,1,2
100,61,88.0,99,0.5,12,88
200,61,173.0,199,1.0,27,173
2000,61,1809.0,1999,10.0,191,1809
10000,61,8925.0,9999,50.0,1075,8925
20000,61,17886.0,19999,99.99,2114,17886
40000,61,35748.0,39999,199.99,4252,35748
60000,61,53606.0,59999,299.99,6394,53606
80000,61,71534.0,79999,399.99,8466,71534
100000,61,89351.0,99999,499.99,10649,89351
2,62,1.0,1,0.01,1,1
3,62,2.0,1,0.01,1,2
100,62,91.0,1,0.01,9,91
200,62,183.0,1,0.01,17,183
2000,62,1809.0,1,0.01,191,1809
10000,62,8993.0,1,0.01,1007,8993
20000,62,18031.0,1,0.01,1969,18031
40000,62,35996.0,1,0.01,4004,35996
60000,62,54015.0,1,0.01,5985,54015
80000,62,72049.0,1,0.01,7951,72049
100000,62,90064.0,1,0.01,9936,90064
2,63,2.0,1,0.01,0,2
3,63,3.0,1,0.01,0,3
100,63,92.0,7,0.04,8,92
200,63,182.0,7,0.04,18,182
2000,63,1807.0,7,0.04,193,1807
10000,63,8966.0,7,0.04,1034,8966
20000,63,17910.0,7,0.04,2090,17910
40000,63,35914.0,7,0.04,4086,35914
60000,63,53947.0,7,0.04,6053,53947
80000,63,71988.0,7,0.04,8012,71988
100000,63,90028.0,7,0.04,9972,90028
2,64,1.0,1,0.01,1,1
3,64,1.0,1,0.01,2,1
100,64,93.0,1,0.01,7,93
200,64,180.0,1,0.01,20,180
2000,64,1793.0,1,0.01,207,1793
10000,64,8962.0,1,0.01,1038,8962
20000,64,17972.0,1,0.01,2028,17972
40000,64,35937.0,1,0.01,4063,35937
60000,64,53915.0,1,0.01,6085,53915
80000,64,71906.0,1,0.01,8094,71906
100000,64,89981.0,1,0.01,10019,89981
2,65,2.0,1,0.01,0,2
3,65,3.0,1,0.01,0,3
100,65,90.0,50,0.25,10,90
200,65,182.0,100,0.5,18,182
2000,65,1794.0,1000,5.0,206,1794
10000,65,9020.0,5000,25.0,980,9020
20000,65,17989.0,10000,50.0,2011,17989
40000,65,35913.0,20000,100.0,4087,35913
60000,65,53892.0,30000,150.0,6108,53892
80000,65,71791.0,40000,200.0,8209,71791
100000,65,89691.0,50000,250.0,10309,89691
2,66,1.0,1,0.01,1,1
3,66,2.0,1,0.01,1,2
100,66,83.0,1,0.01,17,83
200,66,171.0,1,0.01,29,171
2000,66,1777.0,1,0.01,223,1777
10000,66,8948.0,1,0.01,1052,8948
20000,66,17938.0,1,0.01,2062,17938
40000,66,35947.0,1,0.01,4053,35947
60000,66,53969.0,1,0.01,6031,53969
80000,66,71968.0,1,0.01,8032,71968
100000,66,89919.0,1,0.01,10081,89919
2,67,1.0,1,0.01,1,1
3,67,1.0,1,0.01,2,1
100,67,89.0,1,0.01,11,89
200,67,180.0,1,0.01,20,180
2000,67,1800.0,1,0.01,200,1800
10000,67,9029.0,1,0.01,971,9029
20000,67,17996.0,1,0.01,2004,17996
40000,67,36018.0,1,0.01,3982,36018
60000,67,53917.0,1,0.01,6083,53917
80000,67,71947.0,1,0.01,8053,71947
100000,67,90048.0,1,0.01,9952,90048
2,68,2.0,1,0.01,0,2
3,68,3.0,1,0.01,0,3
100,68,87.0,2,0.01,13,87
200,68,179.0,2,0.01,21,179
2000,68,1807.0,2,0.01,193,1807
10000,68,9014.0,2,0.01,986,9014
20000,68,17979.0,2,0.01,2021,17979
40000,68,36025.0,2,0.01,3975,36025
60000,68,54037.0,2,0.01,5963,54037
80000,68,72097.0,2,0.01,7903,72097
100000,68,90151.0,2,0.01,9849,90151
2,69,1.0,1,0.01,1,1
3,69,2.0,1,0.01,1,2
100,69,90.0,1,0.01,10,90
200,69,177.0,1,0.01,23,177
2000,69,1818.0,1,0.01,182,1818
10000,69,9056.0,1,0.01,944,9056
20000,69,18064.0,1,0.01,1936,18064
40000,69,36024.0,1,0.01,3976,36024
60000,69,54054.0,1,0.01,5946,54054
80000,69,72101.0,1,0.01,7899,72101
100000,69,90128.0,1,0.01,9872,90128
2,70,2.0,1,0.01,0,2
3,70,3.0,1,0.01,0,3
100,70,93.0,95,0.48,7,93
200,70,185.0,195,0.98,15,185
2000,70,1806.0,1995,9.98,194,1806
10000,70,8960.0,9995,49.98,1040,8960
20000,70,17918.0,19995,99.97,2082,17918
40000,70,35848.0,39995,199.97,4152,35848
60000,70,53668.0,59995,299.97,6332,53668
80000,70,71601.0,79995,399.97,8399,71601
100000,70,89516.0,99995,499.97,10484,89516
2,71,2.0,1,0.01,0,2
3,71,3.0,1,0.01,0,3
100,71,94.0,50,0.25,6,94
200,71,183.0,100,0.5,17,183
2000,71,1805.0,1000,5.0,195,1805
10000,71,9032.0,5000,25.0,968,9032
20000,71,17969.0,10000,50.0,2031,17969
40000,71,35948.0,20000,100.0,4052,35948
60000,71,53886.0,30000,150.0,6114,53886
80000,71,71809.0,40000,200.0,8191,71809
100000,71,89714.0,50000,250.0,10286,89714
2,72,2.0,1,0.01,0,2
3,72,3.0,1,0.01,0,3
100,72,93.0,4,0.02,7,93
200,72,181.0,4,0.02,19,181
2000,72,1803.0,4,0.02,197,1803
10000,72,8991.0,4,0.02,1009,8991
20000,72,18036.0,4,0.02,1964,18036
40000,72,35983.0,4,0.02,4017,35983
60000,72,54000.0,4,0.02,6000,54000
80000,72,72009.0,4,0.02,7991,72009
100000,72,90012.0,4,0.02,9988,90012
2,73,2.0,1,0.01,0,2
3,73,3.0,1,0.01,0,3
100,73,93.0,94,0.47,7,93
200,73,183.0,194,0.97,17,183
2000,73,1804.0,1994,9.97,196,1804
10000,73,8967.0,9994,49.97,1033,8967
20000,73,17927.0,19994,99.97,2073,17927
40000,73,35864.0,39994,199.97,4136,35864
60000,73,53811.0,59994,299.97,6189,53811
80000,73,71736.0,79994,399.97,8264,71736
100000,73,89585.0,99994,499.97,10415,89585
2,74,2.0,1,0.01,0,2
3,74,3.0,1,0.01,0,3
100,74,88.0,3,0.02,12,88
200,74,181.0,3,0.02,19,181
2000,74,1799.0,3,0.02,201,1799
10000,74,9035.0,3,0.02,965,9035
20000,74,18009.0,3,0.02,1991,18009
40000,74,36030.0,3,0.02,3970,36030
60000,74,54062.0,3,0.02,5938,54062
80000,74,72001.0,3,0.02,7999,72001
100000,74,90044.0,3,0.02,9956,90044
2,75,2.0,1,0.01,0,2
3,75,3.0,1,0.01,0,3
100,75,90.0,50,0.25,10,90
200,75,178.0,100,0.5,22,178
2000,75,1807.0,1000,5.0,193,1807
10000,75,9001.0,5000,25.0,999,9001
20000,75,17978.0,10000,50.0,2022,17978
40000,75,35937.0,20000,100.0,4063,35937
60000,75,53852.0,30000,150.0,6148,53852
80000,75,71843.0,40000,200.0,8157,71843
100000,75,89852.0,50000,250.0,10148,89852
2,76,2.0,1,0.01,0,2
3,76,3.0,1,0.01,0,3
100,76,94.0,94,0.47,6,94
200,76,184.0,194,0.97,16,184
2000,76,1800.0,1994,9.97,200,1800
10000,76,8917.0,9994,49.97,1083,8917
20000,76,17866.0,19994,99.97,2134,17866
40000,76,35720.0,39994,199.97,4280,35720
60000,76,53640.0,59994,299.97,6360,53640
80000,76,71540.0,79994,399.97,8460,71540
100000,76,89418.0,99994,499.97,10582,89418
2,77,2.0,1,0.01,0,2
3,77,2.0,1,0.01,1,2
100,77,86.0,98,0.49,14,86
200,77,172.0,198,0.99,28,172
2000,77,1782.0,1998,9.99,218,1782
10000,77,8905.0,9998,49.99,1095,8905
20000,77,17842.0,19998,99.99,2158,17842
40000,77,35732.0,39998,199.99,4268,35732
60000,77,53641.0,59998,299.99,6359,53641
80000,77,71513.0,79998,399.99,8487,71513
100000,77,89459.0,99998,499.99,10541,89459
2,78,1.0,1,0.01,1,1
3,78,2.0,2,0.01,1,2
100,78,87.0,99,0.5,13,87
200,78,179.0,199,1.0,21,179
2000,78,1794.0,1999,10.0,206,1794
10000,78,8970.0,9999,50.0,1030,8970
20000,78,17952.0,19999,99.99,2048,17952
40000,78,35896.0,39999,199.99,4104,35896
60000,78,53820.0,59999,299.99,6180,53820
80000,78,71725.0,79999,399.99,8275,71725
100000,78,89625.0,99999,499.99,10375,89625
2,79,1.0,1,0.01,1,1
3,79,2.0,2,0.01,1,2
100,79,92.0,99,0.5,8,92
200,79,179.0,199,1.0,21,179
2000,79,1809.0,1999,10.0,191,1809
10000,79,9001.0,9999,50.0,999,9001
20000,79,17930.0,19999,99.99,2070,17930
40000,79,35838.0,39999,199.99,4162,35838
60000,79,53821.0,59999,299.99,6179,53821
80000,79,71718.0,79999,399.99,8282,71718
100000,79,89681.0,99999,499.99,10319,89681
2,80,2.0,1,0.01,0,2
3,80,3.0,1,0.01,0,3
100,80,87.0,96,0.48,13,87
200,80,181.0,196,0.98,19,181
2000,80,1802.0,1996,9.98,198,1802
10000,80,8928.0,9996,49.98,1072,8928
20000,80,17846.0,19996,99.98,2154,17846
40000,80,35740.0,39996,199.98,4260,35740
60000,80,53704.0,59996,299.98,6296,53704
80000,80,71551.0,79996,399.98,8449,71551
100000,80,89427.0,99996,499.98,10573,89427
2,81,2.0,1,0.01,0,2
3,81,3.0,1,0.01,0,3
100,81,90.0,50,0.25,10,90
200,81,178.0,100,0.5,22,178
2000,81,1796.0,1000,5.0,204,1796
10000,81,9008.0,5000,25.0,992,9008
20000,81,17940.0,10000,50.0,2060,17940
40000,81,35764.0,20000,100.0,4236,35764
60000,81,53689.0,30000,150.0,6311,53689
80000,81,71651.0,40000,200.0,8349,71651
100000,81,89609.0,50000,250.0,10391,89609
2,82,2.0,1,0.01,0,2
3,82,3.0,1,0.01,0,3
100,82,90.0,2,0.01,10,90
200,82,175.0,2,0.01,25,175
2000,82,1780.0,2,0.01,220,1780
10000,82,9013.0,2,0.01,987,9013
20000,82,18050.0,2,0.01,1950,18050
40000,82,36071.0,2,0.01,3929,36071
60000,82,54024.0,2,0.01,5976,54024
80000,82,71989.0,2,0.01,8011,71989
100000,82,89999.0,2,0.01,10001,89999
2,83,0.0,1,0.01,2,0
3,83,1.0,1,0.01,2,1
100,83,88.0,50,0.25,12,88
200,83,175.0,100,0.5,25,175
2000,83,1766.0,1000,5.0,234,1766
10000,83,8982.0,5000,25.0,1018,8982
20000,83,17991.0,10000,50.0,2009,17991
40000,83,35967.0,20000,100.0,4033,35967
60000,83,53918.0,30000,150.0,6082,53918
80000,83,71825.0,40000,200.0,8175,71825
100000,83,89720.0,50000,250.0,10280,89720
2,84,2.0,1,0.01,0,2
3,84,3.0,1,0.01,0,3
100,84,93.0,50,0.25,7,93
200,84,187.0,100,0.5,13,187
2000,84,1799.0,1000,5.0,201,1799
10000,84,8963.0,5000,25.0,1037,8963
20000,84,17960.0,10000,50.0,2040,17960
40000,84,35953.0,20000,100.0,4047,35953
60000,84,53842.0,30000,150.0,6158,53842
80000,84,71769.0,40000,200.0,8231,71769
100000,84,89662.0,50000,250.0,10338,89662
2,85,2.0,1,0.01,0,2
3,85,3.0,1,0.01,0,3
100,85,94.0,4,0.02,6,94
200,85,185.0,4,0.02,15,185
2000,85,1803.0,4,0.02,197,1803
10000,85,8983.0,4,0.02,1017,8983
20000,85,17960.0,4,0.02,2040,17960
40000,85,35982.0,4,0.02,4018,35982
60000,85,53944.0,4,0.02,6056,53944
80000,85,71895.0,4,0.02,8105,71895
100000,85,89961.0,4,0.02,10039,89961
2,86,2.0,1,0.01,0,2
3,86,3.0,1,0.01,0,3
100,86,92.0,3,0.02,8,92
200,86,182.0,3,0.02,18,182
2000,86,1798.0,3,0.02,202,1798
10000,86,9059.0,3,0.02,941,9059
20000,86,18060.0,3,0.02,1940,18060
40000,86,36011.0,3,0.02,3989,36011
60000,86,54031.0,3,0.02,5969,54031
80000,86,72004.0,3,0.02,7996,72004
100000,86,90029.0,3,0.02,9971,90029
2,87,2.0,1,0.01,0,2
3,87,3.0,1,0.01,0,3
100,87,93.0,96,0.48,7,93
200,87,185.0,196,0.98,15,185
2000,87,1811.0,1996,9.98,189,1811
10000,87,8911.0,9996,49.98,1089,8911
20000,87,17854.0,19996,99.98,2146,17854
40000,87,35769.0,39996,199.98,4231,35769
60000,87,53614.0,59996,299.98,6386,53614
80000,87,71611.0,79996,399.98,8389,71611
100000,87,89485.0,99996,499.98,10515,89485
2,88,1.0,1,0.01,1,1
3,88,2.0,2,0.01,1,2
100,88,92.0,99,0.5,8,92
200,88,184.0,199,1.0,16,184
2000,88,1798.0,1999,10.0,202,1798
10000,88,8928.0,9999,50.0,1072,8928
20000,88,17913.0,19999,99.99,2087,17913
40000,88,35778.0,39999,199.99,4222,35778
60000,88,53636.0,59999,299.99,6364,53636
80000,88,71544.0,79999,399.99,8456,71544
100000,88,89488.0,99999,499.99,10512,89488
2,89,2.0,1,0.01,0,2
3,89,3.0,1,0.01,0,3
100,89,92.0,94,0.47,8,92
200,89,176.0,194,0.97,24,176
2000,89,1806.0,1994,9.97,194,1806
10000,89,8978.0,9994,49.97,1022,8978
20000,89,17925.0,19994,99.97,2075,17925
40000,89,35855.0,39994,199.97,4145,35855
60000,89,53785.0,59994,299.97,6215,53785
80000,89,71648.0,79994,399.97,8352,71648
100000,89,89503.0,99994,499.97,10497,89503
2,90,1.0,1,0.01,1,1
3,90,2.0,2,0.01,1,2
100,90,86.0,99,0.5,14,86
200,90,180.0,199,1.0,20,180
2000,90,1792.0,1999,10.0,208,1792
10000,90,8928.0,9999,50.0,1072,8928
20000,90,17939.0,19999,99.99,2061,17939
40000,90,35805.0,39999,199.99,4195,35805
60000,90,53708.0,59999,299.99,6292,53708
80000,90,71655.0,79999,399.99,8345,71655
100000,90,89486.0,99999,499.99,10514,89486
2,91,1.0,1,0.01,1,1
3,91,2.0,1,0.01,1,2
100,91,90.0,1,0.01,10,90
200,91,176.0,1,0.01,24,176
2000,91,1809.0,1,0.01,191,1809
10000,91,9007.0,1,0.01,993,9007
20000,91,18013.0,1,0.01,1987,18013
40000,91,36038.0,1,0.01,3962,36038
60000,91,54037.0,1,0.01,5963,54037
80000,91,72016.0,1,0.01,7984,72016
100000,91,89996.0,1,0.01,10004,89996
2,92,2.0,1,0.01,0,2
3,92,3.0,1,0.01,0,3
100,92,91.0,95,0.48,9,91
200,92,174.0,195,0.98,26,174
2000,92,1785.0,1995,9.98,215,1785
10000,92,8963.0,9995,49.98,1037,8963
20000,92,17982.0,19995,99.97,2018,17982
40000,92,35872.0,39995,199.97,4128,35872
60000,92,53831.0,59995,299.97,6169,53831
80000,92,71727.0,79995,399.97,8273,71727
100000,92,89682.0,99995,499.97,10318,89682
2,93,2.0,1,0.01,0,2
3,93,3.0,1,0.01,0,3
100,93,95.0,6,0.03,5,95
200,93,189.0,6,0.03,11,189
2000,93,1815.0,6,0.03,185,1815
10000,93,9000.0,6,0.03,1000,9000
20000,93,17973.0,6,0.03,2027,17973
40000,93,35969.0,6,0.03,4031,35969
60000,93,53911.0,6,0.03,6089,53911
80000,93,71945.0,6,0.03,8055,71945
100000,93,89972.0,6,0.03,10028,89972
2,94,2.0,1,0.01,0,2
3,94,3.0,1,0.01,0,3
100,94,90.0,2,0.01,10,90
200,94,178.0,2,0.01,22,178
2000,94,1819.0,2,0.01,181,1819
10000,94,9056.0,2,0.01,944,9056
20000,94,18057.0,2,0.01,1943,18057
40000,94,36034.0,2,0.01,3966,36034
60000,94,54009.0,2,0.01,5991,54009
80000,94,72048.0,2,0.01,7952,72048
100000,94,90071.0,2,0.01,9929,90071
2,95,2.0,1,0.01,0,2
3,95,3.0,1,0.01,0,3
100,95,93.0,5,0.03,7,93
200,95,182.0,5,0.03,18,182
2000,95,1784.0,5,0.03,216,1784
10000,95,9035.0,5,0.03,965,9035
20000,95,18112.0,5,0.03,1888,18112
40000,95,36112.0,5,0.03,3888,36112
60000,95,54175.0,5,0.03,5825,54175
80000,95,72098.0,5,0.03,7902,72098
100000,95,90036.0,5,0.03,9964,90036
2,96,2.0,1,0.01,0,2
3,96,3.0,1,0.01,0,3
100,96,94.0,50,0.25,6,94
200,96,186.0,100,0.5,14,186
2000,96,1792.0,1000,5.0,208,1792
10000,96,8969.0,5000,25.0,1031,8969
20000,96,17967.0,10000,50.0,2033,17967
40000,96,35969.0,20000,100.0,4031,35969
60000,96,53944.0,30000,150.0,6056,53944
80000,96,71891.0,40000,200.0,8109,71891
100000,96,89771.0,50000,250.0,10229,89771
2,97,2.0,1,0.01,0,2
3,97,3.0,1,0.01,0,3
100,97,90.0,94,0.47,10,90
200,97,182.0,194,0.97,18,182
2000,97,1788.0,1994,9.97,212,1788
10000,97,8952.0,9994,49.97,1048,8952
20000,97,17902.0,19994,99.97,2098,17902
40000,97,35769.0,39994,199.97,4231,35769
60000,97,53751.0,59994,299.97,6249,53751
80000,97,71622.0,79994,399.97,8378,71622
100000,97,89532.0,99994,499.97,10468,89532
2,98,2.0,1,0.01,0,2
3,98,3.0,1,0.01,0,3
100,98,89.0,50,0.25,11,89
200,98,177.0,100,0.5,23,177
2000,98,1766.0,1000,5.0,234,1766
10000,98,8922.0,5000,25.0,1078,8922
20000,98,17884.0,10000,50.0,2116,17884
40000,98,35795.0,20000,100.0,4205,35795
60000,98,53713.0,30000,150.0,6287,53713
80000,98,71681.0,40000,200.0,8319,71681
100000,98,89594.0,50000,250.0,10406,89594
2,99,2.0,1,0.01,0,2
3,99,3.0,1,0.01,0,3
100,99,84.0,3,0.02,16,84
200,99,171.0,3,0.02,29,171
2000,99,1792.0,3,0.02,208,1792
10000,99,8979.0,3,0.02,1021,8979
20000,99,18008.0,3,0.02,1992,18008
40000,99,36083.0,3,0.02,3917,36083
60000,99,54069.0,3,0.02,5931,54069
80000,99,72082.0,3,0.02,7918,72082
100000,99,90042.0,3,0.02,9958,90042
2,100,2.0,1,0.01,0,2
3,100,3.0,1,0.01,0,3
100,100,89.0,3,0.02,11,89
200,100,180.0,3,0.02,20,180
2000,100,1778.0,3,0.02,222,1778
10000,100,8963.0,3,0.02,1037,8963
20000,100,17986.0,3,0.02,2014,17986
40000,100,35950.0,3,0.02,4050,35950
60000,100,53961.0,3,0.02,6039,53961
80000,100,71926.0,3,0.02,8074,71926
100000,100,89910.0,3,0.02,10090,89910
