Timestep,Iteration,Total Reward,Suboptimal Arms,Total Regret,Zeros Count,Ones Count
2,1,2.0,1,0.1,0,2
3,1,2.0,2,0.2,1,2
100,1,91.0,2,0.2,9,91
200,1,178.0,2,0.2,22,178
2000,1,1804.0,2,0.2,196,1804
10000,1,8971.0,2,0.2,1029,8971
20000,1,17953.0,2,0.2,2047,17953
40000,1,35935.0,2,0.2,4065,35935
60000,1,53915.0,2,0.2,6085,53915
80000,1,71908.0,2,0.2,8092,71908
100000,1,89949.0,2,0.2,10051,89949
2,2,2.0,1,0.1,0,2
3,2,2.0,2,0.2,1,2
100,2,89.0,2,0.2,11,89
200,2,179.0,2,0.2,21,179
2000,2,1782.0,2,0.2,218,1782
10000,2,9000.0,2,0.2,1000,9000
20000,2,17994.0,2,0.2,2006,17994
40000,2,36006.0,2,0.2,3994,36006
60000,2,53977.0,2,0.2,6023,53977
80000,2,71945.0,2,0.2,8055,71945
100000,2,90000.0,2,0.2,10000,90000
2,3,2.0,1,0.1,0,2
3,3,2.0,2,0.2,1,2
100,3,88.0,2,0.2,12,88
200,3,179.0,2,0.2,21,179
2000,3,1815.0,2,0.2,185,1815
10000,3,9034.0,2,0.2,966,9034
20000,3,17983.0,2,0.2,2017,17983
40000,3,35981.0,2,0.2,4019,35981
60000,3,53925.0,2,0.2,6075,53925
80000,3,71885.0,2,0.2,8115,71885
100000,3,89955.0,2,0.2,10045,89955
2,4,2.0,1,0.1,0,2
3,4,3.0,2,0.2,0,3
100,4,82.0,98,9.8,18,82
200,4,161.0,198,19.8,39,161
2000,4,1611.0,1998,199.8,389,1611
10000,4,8005.0,9998,999.8,1995,8005
20000,4,15942.0,19998,1999.8,4058,15942
40000,4,31793.0,39998,3999.8,8207,31793
60000,4,47833.0,59998,5999.8,12167,47833
80000,4,63782.0,79998,7999.8,16218,63782
100000,4,79775.0,99998,9999.8,20225,79775
2,5,2.0,1,0.1,0,2
3,5,2.0,2,0.2,1,2
100,5,93.0,2,0.2,7,93
200,5,185.0,2,0.2,15,185
2000,5,1792.0,2,0.2,208,1792
10000,5,8961.0,2,0.2,1039,8961
20000,5,17890.0,2,0.2,2110,17890
40000,5,35825.0,2,0.2,4175,35825
60000,5,53797.0,2,0.2,6203,53797
80000,5,71842.0,2,0.2,8158,71842
100000,5,89778.0,2,0.2,10222,89778
2,6,2.0,1,0.1,0,2
3,6,3.0,2,0.2,0,3
100,6,91.0,5,0.5,9,91
200,6,180.0,5,0.5,20,180
2000,6,1812.0,5,0.5,188,1812
10000,6,9036.0,5,0.5,964,9036
20000,6,17959.0,5,0.5,2041,17959
40000,6,35949.0,5,0.5,4051,35949
60000,6,53951.0,5,0.5,6049,53951
80000,6,71967.0,5,0.5,8033,71967
100000,6,89904.0,5,0.5,10096,89904
2,7,2.0,1,0.1,0,2
3,7,3.0,2,0.2,0,3
100,7,90.0,3,0.3,10,90
200,7,180.0,3,0.3,20,180
2000,7,1794.0,3,0.3,206,1794
10000,7,8991.0,3,0.3,1009,8991
20000,7,18002.0,3,0.3,1998,18002
40000,7,36004.0,3,0.3,3996,36004
60000,7,53973.0,3,0.3,6027,53973
80000,7,71913.0,3,0.3,8087,71913
100000,7,89966.0,3,0.3,10034,89966
2,8,2.0,1,0.1,0,2
3,8,2.0,2,0.2,1,2
100,8,89.0,2,0.2,11,89
200,8,179.0,2,0.2,21,179
2000,8,1809.0,2,0.2,191,1809
10000,8,9047.0,2,0.2,953,9047
20000,8,18014.0,2,0.2,1986,18014
40000,8,36036.0,2,0.2,3964,36036
60000,8,54017.0,2,0.2,5983,54017
80000,8,71941.0,2,0.2,8059,71941
100000,8,89922.0,2,0.2,10078,89922
2,9,2.0,1,0.1,0,2
3,9,3.0,2,0.2,0,3
100,9,87.0,4,0.4,13,87
200,9,180.0,4,0.4,20,180
2000,9,1819.0,4,0.4,181,1819
10000,9,9018.0,4,0.4,982,9018
20000,9,18037.0,4,0.4,1963,18037
40000,9,36082.0,4,0.4,3918,36082
60000,9,54089.0,4,0.4,5911,54089
80000,9,72056.0,4,0.4,7944,72056
100000,9,90087.0,4,0.4,9913,90087
2,10,2.0,1,0.1,0,2
3,10,3.0,2,0.2,0,3
100,10,71.0,95,9.5,29,71
200,10,154.0,195,19.5,46,154
2000,10,1586.0,1995,199.5,414,1586
10000,10,7983.0,9995,999.5,2017,7983
20000,10,16022.0,19995,1999.5,3978,16022
40000,10,32055.0,39995,3999.5,7945,32055
60000,10,48022.0,59995,5999.5,11978,48022
80000,10,63941.0,79995,7999.5,16059,63941
100000,10,79984.0,99995,9999.5,20016,79984
2,11,2.0,1,0.1,0,2
3,11,3.0,2,0.2,0,3
100,11,94.0,7,0.7,6,94
200,11,187.0,7,0.7,13,187
2000,11,1817.0,7,0.7,183,1817
10000,11,8979.0,7,0.7,1021,8979
20000,11,17987.0,7,0.7,2013,17987
40000,11,36012.0,7,0.7,3988,36012
60000,11,53959.0,7,0.7,6041,53959
80000,11,71928.0,7,0.7,8072,71928
100000,11,89931.0,7,0.7,10069,89931
2,12,2.0,1,0.1,0,2
3,12,3.0,2,0.2,0,3
100,12,86.0,3,0.3,14,86
200,12,180.0,3,0.3,20,180
2000,12,1781.0,3,0.3,219,1781
10000,12,8988.0,3,0.3,1012,8988
20000,12,17998.0,3,0.3,2002,17998
40000,12,35958.0,3,0.3,4042,35958
60000,12,53989.0,3,0.3,6011,53989
80000,12,71984.0,3,0.3,8016,71984
100000,12,89990.0,3,0.3,10010,89990
2,13,1.0,1,0.1,1,1
3,13,2.0,2,0.2,1,2
100,13,83.0,99,9.9,17,83
200,13,167.0,199,19.9,33,167
2000,13,1606.0,1999,199.9,394,1606
10000,13,7984.0,9999,999.9,2016,7984
20000,13,15966.0,19999,1999.9,4034,15966
40000,13,31874.0,39999,3999.9,8126,31874
60000,13,47827.0,59999,5999.9,12173,47827
80000,13,63834.0,79999,7999.9,16166,63834
100000,13,79857.0,99999,9999.9,20143,79857
2,14,1.0,1,0.1,1,1
3,14,2.0,1,0.1,1,2
100,14,89.0,1,0.1,11,89
200,14,181.0,1,0.1,19,181
2000,14,1813.0,1,0.1,187,1813
10000,14,9034.0,1,0.1,966,9034
20000,14,18025.0,1,0.1,1975,18025
40000,14,35980.0,1,0.1,4020,35980
60000,14,53922.0,1,0.1,6078,53922
80000,14,71990.0,1,0.1,8010,71990
100000,14,90002.0,1,0.1,9998,90002
2,15,1.0,1,0.1,1,1
3,15,2.0,1,0.1,1,2
100,15,93.0,1,0.1,7,93
200,15,182.0,1,0.1,18,182
2000,15,1821.0,1,0.1,179,1821
10000,15,9052.0,1,0.1,948,9052
20000,15,18057.0,1,0.1,1943,18057
40000,15,36025.0,1,0.1,3975,36025
60000,15,53973.0,1,0.1,6027,53973
80000,15,71996.0,1,0.1,8004,71996
100000,15,90019.0,1,0.1,9981,90019
2,16,2.0,1,0.1,0,2
3,16,3.0,2,0.2,0,3
100,16,95.0,50,5.0,5,95
200,16,179.0,100,10.0,21,179
2000,16,1676.0,1000,100.0,324,1676
10000,16,8477.0,5000,500.0,1523,8477
20000,16,17010.0,10000,1000.0,2990,17010
40000,16,34007.0,20000,2000.0,5993,34007
60000,16,50885.0,30000,3000.0,9115,50885
80000,16,67896.0,40000,4000.0,12104,67896
100000,16,84879.0,50000,5000.0,15121,84879
2,17,2.0,1,0.1,0,2
3,17,3.0,2,0.2,0,3
100,17,89.0,6,0.6,11,89
200,17,183.0,6,0.6,17,183
2000,17,1806.0,6,0.6,194,1806
10000,17,9021.0,6,0.6,979,9021
20000,17,18037.0,6,0.6,1963,18037
40000,17,36076.0,6,0.6,3924,36076
60000,17,54008.0,6,0.6,5992,54008
80000,17,71954.0,6,0.6,8046,71954
100000,17,89974.0,6,0.6,10026,89974
2,18,2.0,1,0.1,0,2
3,18,2.0,2,0.2,1,2
100,18,76.0,2,0.2,24,76
200,18,170.0,2,0.2,30,170
2000,18,1796.0,2,0.2,204,1796
10000,18,8986.0,2,0.2,1014,8986
20000,18,17976.0,2,0.2,2024,17976
40000,18,35996.0,2,0.2,4004,35996
60000,18,54017.0,2,0.2,5983,54017
80000,18,72034.0,2,0.2,7966,72034
100000,18,90048.0,2,0.2,9952,90048
2,19,2.0,1,0.1,0,2
3,19,3.0,2,0.2,0,3
100,19,89.0,3,0.3,11,89
200,19,178.0,3,0.3,22,178
2000,19,1805.0,3,0.3,195,1805
10000,19,9009.0,3,0.3,991,9009
20000,19,18012.0,3,0.3,1988,18012
40000,19,36076.0,3,0.3,3924,36076
60000,19,54064.0,3,0.3,5936,54064
80000,19,72086.0,3,0.3,7914,72086
100000,19,90178.0,3,0.3,9822,90178
2,20,1.0,1,0.1,1,1
3,20,2.0,2,0.2,1,2
100,20,79.0,99,9.9,21,79
200,20,156.0,199,19.9,44,156
2000,20,1584.0,1999,199.9,416,1584
10000,20,7967.0,9999,999.9,2033,7967
20000,20,15963.0,19999,1999.9,4037,15963
40000,20,32060.0,39999,3999.9,7940,32060
60000,20,48101.0,59999,5999.9,11899,48101
80000,20,64160.0,79999,7999.9,15840,64160
100000,20,80122.0,99999,9999.9,19878,80122
2,21,2.0,1,0.1,0,2
3,21,2.0,2,0.2,1,2
100,21,89.0,2,0.2,11,89
200,21,170.0,2,0.2,30,170
2000,21,1792.0,2,0.2,208,1792
10000,21,8956.0,2,0.2,1044,8956
20000,21,17955.0,2,0.2,2045,17955
40000,21,35964.0,2,0.2,4036,35964
60000,21,53954.0,2,0.2,6046,53954
80000,21,71968.0,2,0.2,8032,71968
100000,21,89992.0,2,0.2,10008,89992
2,22,2.0,1,0.1,0,2
3,22,3.0,2,0.2,0,3
100,22,81.0,98,9.8,19,81
200,22,162.0,198,19.8,38,162
2000,22,1612.0,1998,199.8,388,1612
10000,22,8061.0,9998,999.8,1939,8061
20000,22,16116.0,19998,1999.8,3884,16116
40000,22,32067.0,39998,3999.8,7933,32067
60000,22,48058.0,59998,5999.8,11942,48058
80000,22,64078.0,79998,7999.8,15922,64078
100000,22,80061.0,99998,9999.8,19939,80061
2,23,1.0,1,0.1,1,1
3,23,2.0,1,0.1,1,2
100,23,82.0,1,0.1,18,82
200,23,175.0,1,0.1,25,175
2000,23,1801.0,1,0.1,199,1801
10000,23,8999.0,1,0.1,1001,8999
20000,23,17984.0,1,0.1,2016,17984
40000,23,36021.0,1,0.1,3979,36021
60000,23,54076.0,1,0.1,5924,54076
80000,23,72103.0,1,0.1,7897,72103
100000,23,90065.0,1,0.1,9935,90065
2,24,2.0,1,0.1,0,2
3,24,3.0,2,0.2,0,3
100,24,87.0,6,0.6,13,87
200,24,174.0,6,0.6,26,174
2000,24,1786.0,6,0.6,214,1786
10000,24,8992.0,6,0.6,1008,8992
20000,24,17947.0,6,0.6,2053,17947
40000,24,35977.0,6,0.6,4023,35977
60000,24,53997.0,6,0.6,6003,53997
80000,24,71991.0,6,0.6,8009,71991
100000,24,89930.0,6,0.6,10070,89930
2,25,2.0,1,0.1,0,2
3,25,3.0,2,0.2,0,3
100,25,83.0,97,9.7,17,83
200,25,170.0,197,19.7,30,170
2000,25,1613.0,1997,199.7,387,1613
10000,25,8034.0,9997,999.7,1966,8034
20000,25,16009.0,19997,1999.7,3991,16009
40000,25,31971.0,39997,3999.7,8029,31971
60000,25,47972.0,59997,5999.7,12028,47972
80000,25,63957.0,79997,7999.7,16043,63957
100000,25,80003.0,99997,9999.7,19997,80003
2,26,2.0,1,0.1,0,2
3,26,3.0,2,0.2,0,3
100,26,82.0,97,9.7,18,82
200,26,158.0,197,19.7,42,158
2000,26,1612.0,1997,199.7,388,1612
10000,26,8000.0,9997,999.7,2000,8000
20000,26,16043.0,19997,1999.7,3957,16043
40000,26,32021.0,39997,3999.7,7979,32021
60000,26,47997.0,59997,5999.7,12003,47997
80000,26,63996.0,79997,7999.7,16004,63996
100000,26,80064.0,99997,9999.7,19936,80064
2,27,2.0,1,0.1,0,2
3,27,3.0,2,0.2,0,3
100,27,87.0,50,5.0,13,87
200,27,170.0,100,10.0,30,170
2000,27,1667.0,1000,100.0,333,1667
10000,27,8470.0,5000,500.0,1530,8470
20000,27,16995.0,10000,1000.0,3005,16995
40000,27,33962.0,20000,2000.0,6038,33962
60000,27,51042.0,30000,3000.0,8958,51042
80000,27,67993.0,40000,4000.0,12007,67993
100000,27,85019.0,50000,5000.0,14981,85019
2,28,2.0,1,0.1,0,2
3,28,3.0,2,0.2,0,3
100,28,80.0,98,9.8,20,80
200,28,159.0,198,19.8,41,159
2000,28,1553.0,1998,199.8,447,1553
10000,28,7932.0,9998,999.8,2068,7932
20000,28,15887.0,19998,1999.8,4113,15887
40000,28,31925.0,39998,3999.8,8075,31925
60000,28,48022.0,59998,5999.8,11978,48022
80000,28,63983.0,79998,7999.8,16017,63983
100000,28,79954.0,99998,9999.8,20046,79954
2,29,2.0,1,0.1,0,2
3,29,3.0,2,0.2,0,3
100,29,87.0,3,0.3,13,87
200,29,177.0,3,0.3,23,177
2000,29,1814.0,3,0.3,186,1814
10000,29,9000.0,3,0.3,1000,9000
20000,29,18022.0,3,0.3,1978,18022
40000,29,36048.0,3,0.3,3952,36048
60000,29,54071.0,3,0.3,5929,54071
80000,29,72039.0,3,0.3,7961,72039
100000,29,90012.0,3,0.3,9988,90012
2,30,1.0,1,0.1,1,1
3,30,2.0,2,0.2,1,2
100,30,82.0,99,9.9,18,82
200,30,152.0,199,19.9,48,152
2000,30,1628.0,1999,199.9,372,1628
10000,30,8017.0,9999,999.9,1983,8017
20000,30,16007.0,19999,1999.9,3993,16007
40000,30,32051.0,39999,3999.9,7949,32051
60000,30,48020.0,59999,5999.9,11980,48020
80000,30,63968.0,79999,7999.9,16032,63968
100000,30,79971.0,99999,9999.9,20029,79971
2,31,2.0,1,0.1,0,2
3,31,2.0,2,0.2,1,2
100,31,88.0,2,0.2,12,88
200,31,175.0,2,0.2,25,175
2000,31,1810.0,2,0.2,190,1810
10000,31,9031.0,2,0.2,969,9031
20000,31,18038.0,2,0.2,1962,18038
40000,31,36040.0,2,0.2,3960,36040
60000,31,54004.0,2,0.2,5996,54004
80000,31,72007.0,2,0.2,7993,72007
100000,31,89969.0,2,0.2,10031,89969
2,32,1.0,1,0.1,1,1
3,32,2.0,1,0.1,1,2
100,32,88.0,1,0.1,12,88
200,32,177.0,1,0.1,23,177
2000,32,1810.0,1,0.1,190,1810
10000,32,9061.0,1,0.1,939,9061
20000,32,17960.0,1,0.1,2040,17960
40000,32,35947.0,1,0.1,4053,35947
60000,32,53951.0,1,0.1,6049,53951
80000,32,71968.0,1,0.1,8032,71968
100000,32,89988.0,1,0.1,10012,89988
2,33,2.0,1,0.1,0,2
3,33,3.0,2,0.2,0,3
100,33,90.0,3,0.3,10,90
200,33,177.0,3,0.3,23,177
2000,33,1809.0,3,0.3,191,1809
10000,33,8992.0,3,0.3,1008,8992
20000,33,18017.0,3,0.3,1983,18017
40000,33,36020.0,3,0.3,3980,36020
60000,33,54113.0,3,0.3,5887,54113
80000,33,72107.0,3,0.3,7893,72107
100000,33,90077.0,3,0.3,9923,90077
2,34,1.0,1,0.1,1,1
3,34,2.0,1,0.1,1,2
100,34,87.0,1,0.1,13,87
200,34,183.0,1,0.1,17,183
2000,34,1826.0,1,0.1,174,1826
10000,34,9013.0,1,0.1,987,9013
20000,34,18007.0,1,0.1,1993,18007
40000,34,35983.0,1,0.1,4017,35983
60000,34,53952.0,1,0.1,6048,53952
80000,34,71937.0,1,0.1,8063,71937
100000,34,89943.0,1,0.1,10057,89943
2,35,2.0,1,0.1,0,2
3,35,3.0,2,0.2,0,3
100,35,86.0,50,5.0,14,86
200,35,171.0,100,10.0,29,171
2000,35,1712.0,1000,100.0,288,1712
10000,35,8520.0,5000,500.0,1480,8520
20000,35,16998.0,10000,1000.0,3002,16998
40000,35,33970.0,20000,2000.0,6030,33970
60000,35,51025.0,30000,3000.0,8975,51025
80000,35,68093.0,40000,4000.0,11907,68093
100000,35,85002.0,50000,5000.0,14998,85002
2,36,2.0,1,0.1,0,2
3,36,3.0,2,0.2,0,3
100,36,88.0,50,5.0,12,88
200,36,166.0,100,10.0,34,166
2000,36,1693.0,1000,100.0,307,1693
10000,36,8527.0,5000,500.0,1473,8527
20000,36,17060.0,10000,1000.0,2940,17060
40000,36,34112.0,20000,2000.0,5888,34112
60000,36,51061.0,30000,3000.0,8939,51061
80000,36,68051.0,40000,4000.0,11949,68051
100000,36,85119.0,50000,5000.0,14881,85119
2,37,1.0,1,0.1,1,1
3,37,2.0,1,0.1,1,2
100,37,91.0,1,0.1,9,91
200,37,185.0,1,0.1,15,185
2000,37,1818.0,1,0.1,182,1818
10000,37,8969.0,1,0.1,1031,8969
20000,37,18015.0,1,0.1,1985,18015
40000,37,36050.0,1,0.1,3950,36050
60000,37,54050.0,1,0.1,5950,54050
80000,37,72063.0,1,0.1,7937,72063
100000,37,90056.0,1,0.1,9944,90056
2,38,2.0,1,0.1,0,2
3,38,3.0,2,0.2,0,3
100,38,87.0,6,0.6,13,87
200,38,172.0,6,0.6,28,172
2000,38,1815.0,6,0.6,185,1815
10000,38,9038.0,6,0.6,962,9038
20000,38,18089.0,6,0.6,1911,18089
40000,38,35991.0,6,0.6,4009,35991
60000,38,53949.0,6,0.6,6051,53949
80000,38,71902.0,6,0.6,8098,71902
100000,38,89919.0,6,0.6,10081,89919
2,39,2.0,1,0.1,0,2
3,39,3.0,2,0.2,0,3
100,39,86.0,6,0.6,14,86
200,39,178.0,6,0.6,22,178
2000,39,1793.0,6,0.6,207,1793
10000,39,8997.0,6,0.6,1003,8997
20000,39,17986.0,6,0.6,2014,17986
40000,39,36003.0,6,0.6,3997,36003
60000,39,54057.0,6,0.6,5943,54057
80000,39,72024.0,6,0.6,7976,72024
100000,39,90053.0,6,0.6,9947,90053
2,40,2.0,1,0.1,0,2
3,40,3.0,2,0.2,0,3
100,40,90.0,3,0.3,10,90
200,40,185.0,3,0.3,15,185
2000,40,1794.0,3,0.3,206,1794
10000,40,8974.0,3,0.3,1026,8974
20000,40,17913.0,3,0.3,2087,17913
40000,40,35942.0,3,0.3,4058,35942
60000,40,53901.0,3,0.3,6099,53901
80000,40,71957.0,3,0.3,8043,71957
100000,40,89931.0,3,0.3,10069,89931
2,41,2.0,1,0.1,0,2
3,41,3.0,2,0.2,0,3
100,41,87.0,50,5.0,13,87
200,41,167.0,100,10.0,33,167
2000,41,1672.0,1000,100.0,328,1672
10000,41,8461.0,5000,500.0,1539,8461
20000,41,16972.0,10000,1000.0,3028,16972
40000,41,33967.0,20000,2000.0,6033,33967
60000,41,50939.0,30000,3000.0,9061,50939
80000,41,67994.0,40000,4000.0,12006,67994
100000,41,85064.0,50000,5000.0,14936,85064
2,42,1.0,1,0.1,1,1
3,42,1.0,2,0.2,2,1
100,42,76.0,99,9.9,24,76
200,42,150.0,199,19.9,50,150
2000,42,1579.0,1999,199.9,421,1579
10000,42,7962.0,9999,999.9,2038,7962
20000,42,15989.0,19999,1999.9,4011,15989
40000,42,31977.0,39999,3999.9,8023,31977
60000,42,48002.0,59999,5999.9,11998,48002
80000,42,63896.0,79999,7999.9,16104,63896
100000,42,79919.0,99999,9999.9,20081,79919
2,43,1.0,1,0.1,1,1
3,43,2.0,2,0.2,1,2
100,43,74.0,99,9.9,26,74
200,43,156.0,199,19.9,44,156
2000,43,1612.0,1999,199.9,388,1612
10000,43,7990.0,9999,999.9,2010,7990
20000,43,16006.0,19999,1999.9,3994,16006
40000,43,31968.0,39999,3999.9,8032,31968
60000,43,47945.0,59999,5999.9,12055,47945
80000,43,63947.0,79999,7999.9,16053,63947
100000,43,79984.0,99999,9999.9,20016,79984
2,44,2.0,1,0.1,0,2
3,44,3.0,2,0.2,0,3
100,44,93.0,7,0.7,7,93
200,44,183.0,7,0.7,17,183
2000,44,1813.0,7,0.7,187,1813
10000,44,9051.0,7,0.7,949,9051
20000,44,18040.0,7,0.7,1960,18040
40000,44,36114.0,7,0.7,3886,36114
60000,44,54067.0,7,0.7,5933,54067
80000,44,72044.0,7,0.7,7956,72044
100000,44,90036.0,7,0.7,9964,90036
2,45,1.0,1,0.1,1,1
3,45,1.0,2,0.2,2,1
100,45,81.0,99,9.9,19,81
200,45,165.0,199,19.9,35,165
2000,45,1595.0,1999,199.9,405,1595
10000,45,7986.0,9999,999.9,2014,7986
20000,45,15973.0,19999,1999.9,4027,15973
40000,45,31994.0,39999,3999.9,8006,31994
60000,45,48011.0,59999,5999.9,11989,48011
80000,45,63970.0,79999,7999.9,16030,63970
100000,45,80048.0,99999,9999.9,19952,80048
2,46,2.0,1,0.1,0,2
3,46,3.0,2,0.2,0,3
100,46,90.0,3,0.3,10,90
200,46,181.0,3,0.3,19,181
2000,46,1811.0,3,0.3,189,1811
10000,46,8989.0,3,0.3,1011,8989
20000,46,17997.0,3,0.3,2003,17997
40000,46,36017.0,3,0.3,3983,36017
60000,46,54051.0,3,0.3,5949,54051
80000,46,72021.0,3,0.3,7979,72021
100000,46,90022.0,3,0.3,9978,90022
2,47,2.0,1,0.1,0,2
3,47,3.0,2,0.2,0,3
100,47,84.0,97,9.7,16,84
200,47,168.0,197,19.7,32,168
2000,47,1637.0,1997,199.7,363,1637
10000,47,8029.0,9997,999.7,1971,8029
20000,47,16009.0,19997,1999.7,3991,16009
40000,47,32087.0,39997,3999.7,7913,32087
60000,47,48066.0,59997,5999.7,11934,48066
80000,47,64040.0,79997,7999.7,15960,64040
100000,47,80015.0,99997,9999.7,19985,80015
2,48,2.0,1,0.1,0,2
3,48,2.0,2,0.2,1,2
100,48,87.0,2,0.2,13,87
200,48,179.0,2,0.2,21,179
2000,48,1798.0,2,0.2,202,1798
10000,48,9007.0,2,0.2,993,9007
20000,48,17981.0,2,0.2,2019,17981
40000,48,35918.0,2,0.2,4082,35918
60000,48,53926.0,2,0.2,6074,53926
80000,48,71928.0,2,0.2,8072,71928
100000,48,89893.0,2,0.2,10107,89893
2,49,2.0,1,0.1,0,2
3,49,3.0,2,0.2,0,3
100,49,86.0,50,5.0,14,86
200,49,170.0,100,10.0,30,170
2000,49,1683.0,1000,100.0,317,1683
10000,49,8486.0,5000,500.0,1514,8486
20000,49,16999.0,10000,1000.0,3001,16999
40000,49,33917.0,20000,2000.0,6083,33917
60000,49,50931.0,30000,3000.0,9069,50931
80000,49,67872.0,40000,4000.0,12128,67872
100000,49,84901.0,50000,5000.0,15099,84901
2,50,2.0,1,0.1,0,2
3,50,3.0,2,0.2,0,3
100,50,86.0,50,5.0,14,86
200,50,165.0,100,10.0,35,165
2000,50,1707.0,1000,100.0,293,1707
10000,50,8514.0,5000,500.0,1486,8514
20000,50,16975.0,10000,1000.0,3025,16975
40000,50,33981.0,20000,2000.0,6019,33981
60000,50,51045.0,30000,3000.0,8955,51045
80000,50,68043.0,40000,4000.0,11957,68043
100000,50,85097.0,50000,5000.0,14903,85097
2,51,2.0,1,0.1,0,2
3,51,3.0,2,0.2,0,3
100,51,87.0,4,0.4,13,87
200,51,181.0,4,0.4,19,181
2000,51,1801.0,4,0.4,199,1801
10000,51,8997.0,4,0.4,1003,8997
20000,51,18044.0,4,0.4,1956,18044
40000,51,36062.0,4,0.4,3938,36062
60000,51,54022.0,4,0.4,5978,54022
80000,51,72019.0,4,0.4,7981,72019
100000,51,90019.0,4,0.4,9981,90019
2,52,1.0,1,0.1,1,1
3,52,2.0,1,0.1,1,2
100,52,92.0,1,0.1,8,92
200,52,176.0,1,0.1,24,176
2000,52,1797.0,1,0.1,203,1797
10000,52,9019.0,1,0.1,981,9019
20000,52,18092.0,1,0.1,1908,18092
40000,52,36055.0,1,0.1,3945,36055
60000,52,53996.0,1,0.1,6004,53996
80000,52,71971.0,1,0.1,8029,71971
100000,52,89965.0,1,0.1,10035,89965
2,53,2.0,1,0.1,0,2
3,53,3.0,2,0.2,0,3
100,53,85.0,96,9.6,15,85
200,53,162.0,196,19.6,38,162
2000,53,1596.0,1996,199.6,404,1596
10000,53,8017.0,9996,999.6,1983,8017
20000,53,16068.0,19996,1999.6,3932,16068
40000,53,32026.0,39996,3999.6,7974,32026
60000,53,47960.0,59996,5999.6,12040,47960
80000,53,63995.0,79996,7999.6,16005,63995
100000,53,79983.0,99996,9999.6,20017,79983
2,54,2.0,1,0.1,0,2
3,54,2.0,2,0.2,1,2
100,54,94.0,2,0.2,6,94
200,54,182.0,2,0.2,18,182
2000,54,1816.0,2,0.2,184,1816
10000,54,8980.0,2,0.2,1020,8980
20000,54,18001.0,2,0.2,1999,18001
40000,54,36009.0,2,0.2,3991,36009
60000,54,53996.0,2,0.2,6004,53996
80000,54,72021.0,2,0.2,7979,72021
100000,54,90054.0,2,0.2,9946,90054
2,55,1.0,1,0.1,1,1
3,55,2.0,2,0.2,1,2
100,55,74.0,99,9.9,26,74
200,55,157.0,199,19.9,43,157
2000,55,1601.0,1999,199.9,399,1601
10000,55,7930.0,9999,999.9,2070,7930
20000,55,15857.0,19999,1999.9,4143,15857
40000,55,31873.0,39999,3999.9,8127,31873
60000,55,47776.0,59999,5999.9,12224,47776
80000,55,63724.0,79999,7999.9,16276,63724
100000,55,79795.0,99999,9999.9,20205,79795
2,56,2.0,1,0.1,0,2
3,56,3.0,2,0.2,0,3
100,56,87.0,4,0.4,13,87
200,56,171.0,4,0.4,29,171
2000,56,1797.0,4,0.4,203,1797
10000,56,8990.0,4,0.4,1010,8990
20000,56,17991.0,4,0.4,2009,17991
40000,56,36061.0,4,0.4,3939,36061
60000,56,53983.0,4,0.4,6017,53983
80000,56,71998.0,4,0.4,8002,71998
100000,56,90027.0,4,0.4,9973,90027
2,57,2.0,1,0.1,0,2
3,57,3.0,2,0.2,0,3
100,57,86.0,98,9.8,14,86
200,57,164.0,198,19.8,36,164
2000,57,1589.0,1998,199.8,411,1589
10000,57,8007.0,9998,999.8,1993,8007
20000,57,15958.0,19998,1999.8,4042,15958
40000,57,31940.0,39998,3999.8,8060,31940
60000,57,48011.0,59998,5999.8,11989,48011
80000,57,64061.0,79998,7999.8,15939,64061
100000,57,80027.0,99998,9999.8,19973,80027
2,58,1.0,1,0.1,1,1
3,58,2.0,2,0.2,1,2
100,58,81.0,99,9.9,19,81
200,58,165.0,199,19.9,35,165
2000,58,1597.0,1999,199.9,403,1597
10000,58,8038.0,9999,999.9,1962,8038
20000,58,16034.0,19999,1999.9,3966,16034
40000,58,32034.0,39999,3999.9,7966,32034
60000,58,47973.0,59999,5999.9,12027,47973
80000,58,63930.0,79999,7999.9,16070,63930
100000,58,79983.0,99999,9999.9,20017,79983
2,59,1.0,1,0.1,1,1
3,59,2.0,2,0.2,1,2
100,59,86.0,99,9.9,14,86
200,59,162.0,199,19.9,38,162
2000,59,1597.0,1999,199.9,403,1597
10000,59,8019.0,9999,999.9,1981,8019
20000,59,16032.0,19999,1999.9,3968,16032
40000,59,31953.0,39999,3999.9,8047,31953
60000,59,47987.0,59999,5999.9,12013,47987
80000,59,63995.0,79999,7999.9,16005,63995
100000,59,80039.0,99999,9999.9,19961,80039
2,60,2.0,1,0.1,0,2
3,60,3.0,2,0.2,0,3
100,60,82.0,97,9.7,18,82
200,60,163.0,197,19.7,37,163
2000,60,1616.0,1997,199.7,384,1616
10000,60,7989.0,9997,999.7,2011,7989
20000,60,15959.0,19997,1999.7,4041,15959
40000,60,31888.0,39997,3999.7,8112,31888
60000,60,47872.0,59997,5999.7,12128,47872
80000,60,63924.0,79997,7999.7,16076,63924
100000,60,79860.0,99997,9999.7,20140,79860
2,61,2.0,1,0.1,0,2
3,61,3.0,2,0.2,0,3
100,61,86.0,3,0.3,14,86
200,61,177.0,3,0.3,23,177
2000,61,1788.0,3,0.3,212,1788
10000,61,8932.0,3,0.3,1068,8932
20000,61,17913.0,3,0.3,2087,17913
40000,61,35893.0,3,0.3,4107,35893
60000,61,53826.0,3,0.3,6174,53826
80000,61,71919.0,3,0.3,8081,71919
100000,61,89939.0,3,0.3,10061,89939
2,62,1.0,1,0.1,1,1
3,62,2.0,1,0.1,1,2
100,62,82.0,1,0.1,18,82
200,62,171.0,1,0.1,29,171
2000,62,1801.0,1,0.1,199,1801
10000,62,9057.0,1,0.1,943,9057
20000,62,18059.0,1,0.1,1941,18059
40000,62,36005.0,1,0.1,3995,36005
60000,62,53979.0,1,0.1,6021,53979
80000,62,72069.0,1,0.1,7931,72069
100000,62,90121.0,1,0.1,9879,90121
2,63,2.0,1,0.1,0,2
3,63,3.0,2,0.2,0,3
100,63,84.0,6,0.6,16,84
200,63,175.0,6,0.6,25,175
2000,63,1807.0,6,0.6,193,1807
10000,63,9025.0,6,0.6,975,9025
20000,63,18051.0,6,0.6,1949,18051
40000,63,36020.0,6,0.6,3980,36020
60000,63,54057.0,6,0.6,5943,54057
80000,63,71949.0,6,0.6,8051,71949
100000,63,89961.0,6,0.6,10039,89961
2,64,2.0,1,0.1,0,2
3,64,3.0,2,0.2,0,3
100,64,91.0,7,0.7,9,91
200,64,188.0,7,0.7,12,188
2000,64,1804.0,7,0.7,196,1804
10000,64,9020.0,7,0.7,980,9020
20000,64,18014.0,7,0.7,1986,18014
40000,64,36030.0,7,0.7,3970,36030
60000,64,54092.0,7,0.7,5908,54092
80000,64,72121.0,7,0.7,7879,72121
100000,64,90132.0,7,0.7,9868,90132
2,65,1.0,1,0.1,1,1
3,65,2.0,2,0.2,1,2
100,65,76.0,99,9.9,24,76
200,65,157.0,199,19.9,43,157
2000,65,1601.0,1999,199.9,399,1601
10000,65,8051.0,9999,999.9,1949,8051
20000,65,16029.0,19999,1999.9,3971,16029
40000,65,32005.0,39999,3999.9,7995,32005
60000,65,48050.0,59999,5999.9,11950,48050
80000,65,63988.0,79999,7999.9,16012,63988
100000,65,80017.0,99999,9999.9,19983,80017
2,66,1.0,1,0.1,1,1
3,66,1.0,1,0.1,2,1
100,66,87.0,1,0.1,13,87
200,66,179.0,1,0.1,21,179
2000,66,1796.0,1,0.1,204,1796
10000,66,9017.0,1,0.1,983,9017
20000,66,18047.0,1,0.1,1953,18047
40000,66,36122.0,1,0.1,3878,36122
60000,66,54111.0,1,0.1,5889,54111
80000,66,72160.0,1,0.1,7840,72160
100000,66,90210.0,1,0.1,9790,90210
2,67,2.0,1,0.1,0,2
3,67,3.0,2,0.2,0,3
100,67,89.0,6,0.6,11,89
200,67,177.0,6,0.6,23,177
2000,67,1800.0,6,0.6,200,1800
10000,67,9018.0,6,0.6,982,9018
20000,67,17997.0,6,0.6,2003,17997
40000,67,36004.0,6,0.6,3996,36004
60000,67,53978.0,6,0.6,6022,53978
80000,67,72029.0,6,0.6,7971,72029
100000,67,90074.0,6,0.6,9926,90074
2,68,2.0,1,0.1,0,2
3,68,3.0,2,0.2,0,3
100,68,89.0,5,0.5,11,89
200,68,179.0,5,0.5,21,179
2000,68,1809.0,5,0.5,191,1809
10000,68,9022.0,5,0.5,978,9022
20000,68,18049.0,5,0.5,1951,18049
40000,68,36049.0,5,0.5,3951,36049
60000,68,54014.0,5,0.5,5986,54014
80000,68,72010.0,5,0.5,7990,72010
100000,68,90052.0,5,0.5,9948,90052
2,69,2.0,1,0.1,0,2
3,69,2.0,2,0.2,1,2
100,69,90.0,2,0.2,10,90
200,69,183.0,2,0.2,17,183
2000,69,1817.0,2,0.2,183,1817
10000,69,9021.0,2,0.2,979,9021
20000,69,18041.0,2,0.2,1959,18041
40000,69,36008.0,2,0.2,3992,36008
60000,69,53981.0,2,0.2,6019,53981
80000,69,72007.0,2,0.2,7993,72007
100000,69,89987.0,2,0.2,10013,89987
2,70,1.0,1,0.1,1,1
3,70,2.0,1,0.1,1,2
100,70,86.0,1,0.1,14,86
200,70,168.0,1,0.1,32,168
2000,70,1796.0,1,0.1,204,1796
10000,70,9002.0,1,0.1,998,9002
20000,70,18001.0,1,0.1,1999,18001
40000,70,36046.0,1,0.1,3954,36046
60000,70,54056.0,1,0.1,5944,54056
80000,70,72097.0,1,0.1,7903,72097
100000,70,90097.0,1,0.1,9903,90097
2,71,1.0,1,0.1,1,1
3,71,2.0,1,0.1,1,2
100,71,89.0,1,0.1,11,89
200,71,179.0,1,0.1,21,179
2000,71,1803.0,1,0.1,197,1803
10000,71,8982.0,1,0.1,1018,8982
20000,71,18007.0,1,0.1,1993,18007
40000,71,36082.0,1,0.1,3918,36082
60000,71,54033.0,1,0.1,5967,54033
80000,71,72037.0,1,0.1,7963,72037
100000,71,89981.0,1,0.1,10019,89981
2,72,1.0,1,0.1,1,1
3,72,2.0,1,0.1,1,2
100,72,93.0,1,0.1,7,93
200,72,183.0,1,0.1,17,183
2000,72,1798.0,1,0.1,202,1798
10000,72,8967.0,1,0.1,1033,8967
20000,72,17911.0,1,0.1,2089,17911
40000,72,35931.0,1,0.1,4069,35931
60000,72,53962.0,1,0.1,6038,53962
80000,72,72022.0,1,0.1,7978,72022
100000,72,90014.0,1,0.1,9986,90014
2,73,2.0,1,0.1,0,2
3,73,3.0,2,0.2,0,3
100,73,89.0,3,0.3,11,89
200,73,181.0,3,0.3,19,181
2000,73,1776.0,3,0.3,224,1776
10000,73,8963.0,3,0.3,1037,8963
20000,73,17918.0,3,0.3,2082,17918
40000,73,35906.0,3,0.3,4094,35906
60000,73,53895.0,3,0.3,6105,53895
80000,73,71992.0,3,0.3,8008,71992
100000,73,90032.0,3,0.3,9968,90032
2,74,2.0,1,0.1,0,2
3,74,3.0,2,0.2,0,3
100,74,88.0,50,5.0,12,88
200,74,174.0,100,10.0,26,174
2000,74,1697.0,1000,100.0,303,1697
10000,74,8522.0,5000,500.0,1478,8522
20000,74,17088.0,10000,1000.0,2912,17088
40000,74,34155.0,20000,2000.0,5845,34155
60000,74,51116.0,30000,3000.0,8884,51116
80000,74,68125.0,40000,4000.0,11875,68125
100000,74,85139.0,50000,5000.0,14861,85139
2,75,1.0,1,0.1,1,1
3,75,2.0,1,0.1,1,2
100,75,92.0,1,0.1,8,92
200,75,180.0,1,0.1,20,180
2000,75,1823.0,1,0.1,177,1823
10000,75,9001.0,1,0.1,999,9001
20000,75,18019.0,1,0.1,1981,18019
40000,75,35979.0,1,0.1,4021,35979
60000,75,53934.0,1,0.1,6066,53934
80000,75,71948.0,1,0.1,8052,71948
100000,75,89911.0,1,0.1,10089,89911
2,76,1.0,1,0.1,1,1
3,76,2.0,1,0.1,1,2
100,76,94.0,1,0.1,6,94
200,76,189.0,1,0.1,11,189
2000,76,1804.0,1,0.1,196,1804
10000,76,9058.0,1,0.1,942,9058
20000,76,18030.0,1,0.1,1970,18030
40000,76,36126.0,1,0.1,3874,36126
60000,76,54120.0,1,0.1,5880,54120
80000,76,72166.0,1,0.1,7834,72166
100000,76,90178.0,1,0.1,9822,90178
2,77,2.0,1,0.1,0,2
3,77,3.0,2,0.2,0,3
100,77,95.0,6,0.6,5,95
200,77,181.0,6,0.6,19,181
2000,77,1800.0,6,0.6,200,1800
10000,77,8985.0,6,0.6,1015,8985
20000,77,18021.0,6,0.6,1979,18021
40000,77,36034.0,6,0.6,3966,36034
60000,77,54049.0,6,0.6,5951,54049
80000,77,72083.0,6,0.6,7917,72083
100000,77,90108.0,6,0.6,9892,90108
2,78,2.0,1,0.1,0,2
3,78,3.0,2,0.2,0,3
100,78,83.0,98,9.8,17,83
200,78,161.0,198,19.8,39,161
2000,78,1592.0,1998,199.8,408,1592
10000,78,7977.0,9998,999.8,2023,7977
20000,78,16047.0,19998,1999.8,3953,16047
40000,78,32098.0,39998,3999.8,7902,32098
60000,78,48117.0,59998,5999.8,11883,48117
80000,78,64168.0,79998,7999.8,15832,64168
100000,78,80089.0,99998,9999.8,19911,80089
2,79,2.0,1,0.1,0,2
3,79,3.0,2,0.2,0,3
100,79,90.0,50,5.0,10,90
200,79,176.0,100,10.0,24,176
2000,79,1693.0,1000,100.0,307,1693
10000,79,8498.0,5000,500.0,1502,8498
20000,79,17053.0,10000,1000.0,2947,17053
40000,79,34015.0,20000,2000.0,5985,34015
60000,79,50991.0,30000,3000.0,9009,50991
80000,79,67987.0,40000,4000.0,12013,67987
100000,79,85098.0,50000,5000.0,14902,85098
2,80,2.0,1,0.1,0,2
3,80,2.0,2,0.2,1,2
100,80,90.0,2,0.2,10,90
200,80,181.0,2,0.2,19,181
2000,80,1776.0,2,0.2,224,1776
10000,80,8990.0,2,0.2,1010,8990
20000,80,17956.0,2,0.2,2044,17956
40000,80,35942.0,2,0.2,4058,35942
60000,80,53898.0,2,0.2,6102,53898
80000,80,71904.0,2,0.2,8096,71904
100000,80,89973.0,2,0.2,10027,89973
2,81,2.0,1,0.1,0,2
3,81,2.0,2,0.2,1,2
100,81,91.0,2,0.2,9,91
200,81,184.0,2,0.2,16,184
2000,81,1812.0,2,0.2,188,1812
10000,81,9035.0,2,0.2,965,9035
20000,81,17990.0,2,0.2,2010,17990
40000,81,36052.0,2,0.2,3948,36052
60000,81,54010.0,2,0.2,5990,54010
80000,81,72031.0,2,0.2,7969,72031
100000,81,90055.0,2,0.2,9945,90055
2,82,2.0,1,0.1,0,2
3,82,3.0,2,0.2,0,3
100,82,78.0,97,9.7,22,78
200,82,153.0,197,19.7,47,153
2000,82,1587.0,1997,199.7,413,1587
10000,82,8053.0,9997,999.7,1947,8053
20000,82,16023.0,19997,1999.7,3977,16023
40000,82,32035.0,39997,3999.7,7965,32035
60000,82,47987.0,59997,5999.7,12013,47987
80000,82,64061.0,79997,7999.7,15939,64061
100000,82,80048.0,99997,9999.7,19952,80048
2,83,2.0,1,0.1,0,2
3,83,2.0,2,0.2,1,2
100,83,93.0,2,0.2,7,93
200,83,185.0,2,0.2,15,185
2000,83,1817.0,2,0.2,183,1817
10000,83,9058.0,2,0.2,942,9058
20000,83,18055.0,2,0.2,1945,18055
40000,83,36092.0,2,0.2,3908,36092
60000,83,54025.0,2,0.2,5975,54025
80000,83,71965.0,2,0.2,8035,71965
100000,83,89980.0,2,0.2,10020,89980
2,84,2.0,1,0.1,0,2
3,84,3.0,2,0.2,0,3
100,84,92.0,3,0.3,8,92
200,84,188.0,3,0.3,12,188
2000,84,1807.0,3,0.3,193,1807
10000,84,8970.0,3,0.3,1030,8970
20000,84,17945.0,3,0.3,2055,17945
40000,84,35888.0,3,0.3,4112,35888
60000,84,53957.0,3,0.3,6043,53957
80000,84,71952.0,3,0.3,8048,71952
100000,84,89905.0,3,0.3,10095,89905
2,85,2.0,1,0.1,0,2
3,85,3.0,2,0.2,0,3
100,85,91.0,3,0.3,9,91
200,85,183.0,3,0.3,17,183
2000,85,1790.0,3,0.3,210,1790
10000,85,8966.0,3,0.3,1034,8966
20000,85,17928.0,3,0.3,2072,17928
40000,85,35918.0,3,0.3,4082,35918
60000,85,53884.0,3,0.3,6116,53884
80000,85,71884.0,3,0.3,8116,71884
100000,85,89909.0,3,0.3,10091,89909
2,86,2.0,1,0.1,0,2
3,86,3.0,2,0.2,0,3
100,86,87.0,50,5.0,13,87
200,86,171.0,100,10.0,29,171
2000,86,1697.0,1000,100.0,303,1697
10000,86,8491.0,5000,500.0,1509,8491
20000,86,16984.0,10000,1000.0,3016,16984
40000,86,34022.0,20000,2000.0,5978,34022
60000,86,50991.0,30000,3000.0,9009,50991
80000,86,68085.0,40000,4000.0,11915,68085
100000,86,85097.0,50000,5000.0,14903,85097
2,87,2.0,1,0.1,0,2
3,87,3.0,2,0.2,0,3
100,87,75.0,93,9.3,25,75
200,87,150.0,193,19.3,50,150
2000,87,1589.0,1993,199.3,411,1589
10000,87,8005.0,9993,999.3,1995,8005
20000,87,16051.0,19993,1999.3,3949,16051
40000,87,31984.0,39993,3999.3,8016,31984
60000,87,47953.0,59993,5999.3,12047,47953
80000,87,63922.0,79993,7999.3,16078,63922
100000,87,79919.0,99993,9999.3,20081,79919
2,88,2.0,1,0.1,0,2
3,88,2.0,2,0.2,1,2
100,88,89.0,2,0.2,11,89
200,88,174.0,2,0.2,26,174
2000,88,1785.0,2,0.2,215,1785
10000,88,9012.0,2,0.2,988,9012
20000,88,18000.0,2,0.2,2000,18000
40000,88,35995.0,2,0.2,4005,35995
60000,88,54019.0,2,0.2,5981,54019
80000,88,71973.0,2,0.2,8027,71973
100000,88,90010.0,2,0.2,9990,90010
2,89,2.0,1,0.1,0,2
3,89,3.0,2,0.2,0,3
100,89,86.0,3,0.3,14,86
200,89,172.0,3,0.3,28,172
2000,89,1776.0,3,0.3,224,1776
10000,89,8954.0,3,0.3,1046,8954
20000,89,17913.0,3,0.3,2087,17913
40000,89,35914.0,3,0.3,4086,35914
60000,89,53889.0,3,0.3,6111,53889
80000,89,71898.0,3,0.3,8102,71898
100000,89,89936.0,3,0.3,10064,89936
2,90,2.0,1,0.1,0,2
3,90,2.0,2,0.2,1,2
100,90,87.0,2,0.2,13,87
200,90,179.0,2,0.2,21,179
2000,90,1795.0,2,0.2,205,1795
10000,90,8980.0,2,0.2,1020,8980
20000,90,17937.0,2,0.2,2063,17937
40000,90,35952.0,2,0.2,4048,35952
60000,90,53864.0,2,0.2,6136,53864
80000,90,71864.0,2,0.2,8136,71864
100000,90,89899.0,2,0.2,10101,89899
2,91,1.0,1,0.1,1,1
3,91,2.0,2,0.2,1,2
100,91,77.0,99,9.9,23,77
200,91,160.0,199,19.9,40,160
2000,91,1592.0,1999,199.9,408,1592
10000,91,7930.0,9999,999.9,2070,7930
20000,91,15882.0,19999,1999.9,4118,15882
40000,91,31883.0,39999,3999.9,8117,31883
60000,91,47853.0,59999,5999.9,12147,47853
80000,91,63927.0,79999,7999.9,16073,63927
100000,91,79918.0,99999,9999.9,20082,79918
2,92,2.0,1,0.1,0,2
3,92,3.0,2,0.2,0,3
100,92,90.0,4,0.4,10,90
200,92,176.0,4,0.4,24,176
2000,92,1800.0,4,0.4,200,1800
10000,92,8983.0,4,0.4,1017,8983
20000,92,17994.0,4,0.4,2006,17994
40000,92,35974.0,4,0.4,4026,35974
60000,92,53946.0,4,0.4,6054,53946
80000,92,71963.0,4,0.4,8037,71963
100000,92,89962.0,4,0.4,10038,89962
2,93,2.0,1,0.1,0,2
3,93,3.0,2,0.2,0,3
100,93,92.0,3,0.3,8,92
200,93,184.0,3,0.3,16,184
2000,93,1807.0,3,0.3,193,1807
10000,93,9043.0,3,0.3,957,9043
20000,93,18074.0,3,0.3,1926,18074
40000,93,36120.0,3,0.3,3880,36120
60000,93,54124.0,3,0.3,5876,54124
80000,93,72076.0,3,0.3,7924,72076
100000,93,90108.0,3,0.3,9892,90108
2,94,2.0,1,0.1,0,2
3,94,3.0,2,0.2,0,3
100,94,91.0,3,0.3,9,91
200,94,187.0,3,0.3,13,187
2000,94,1810.0,3,0.3,190,1810
10000,94,8965.0,3,0.3,1035,8965
20000,94,18026.0,3,0.3,1974,18026
40000,94,36019.0,3,0.3,3981,36019
60000,94,54054.0,3,0.3,5946,54054
80000,94,72007.0,3,0.3,7993,72007
100000,94,90010.0,3,0.3,9990,90010
2,95,1.0,1,0.1,1,1
3,95,2.0,2,0.2,1,2
100,95,85.0,99,9.9,15,85
200,95,164.0,199,19.9,36,164
2000,95,1623.0,1999,199.9,377,1623
10000,95,7978.0,9999,999.9,2022,7978
20000,95,15937.0,19999,1999.9,4063,15937
40000,95,32032.0,39999,3999.9,7968,32032
60000,95,48129.0,59999,5999.9,11871,48129
80000,95,64050.0,79999,7999.9,15950,64050
100000,95,79974.0,99999,9999.9,20026,79974
2,96,2.0,1,0.1,0,2
3,96,3.0,2,0.2,0,3
100,96,85.0,6,0.6,15,85
200,96,174.0,6,0.6,26,174
2000,96,1799.0,6,0.6,201,1799
10000,96,9045.0,6,0.6,955,9045
20000,96,18031.0,6,0.6,1969,18031
40000,96,36019.0,6,0.6,3981,36019
60000,96,53971.0,6,0.6,6029,53971
80000,96,71940.0,6,0.6,8060,71940
100000,96,89901.0,6,0.6,10099,89901
2,97,2.0,1,0.1,0,2
3,97,3.0,2,0.2,0,3
100,97,93.0,7,0.7,7,93
200,97,178.0,7,0.7,22,178
2000,97,1794.0,7,0.7,206,1794
10000,97,9003.0,7,0.7,997,9003
20000,97,18030.0,7,0.7,1970,18030
40000,97,36010.0,7,0.7,3990,36010
60000,97,54089.0,7,0.7,5911,54089
80000,97,72060.0,7,0.7,7940,72060
100000,97,90029.0,7,0.7,9971,90029
2,98,2.0,1,0.1,0,2
3,98,3.0,2,0.2,0,3
100,98,86.0,50,5.0,14,86
200,98,175.0,100,10.0,25,175
2000,98,1680.0,1000,100.0,320,1680
10000,98,8507.0,5000,500.0,1493,8507
20000,98,16970.0,10000,1000.0,3030,16970
40000,98,34004.0,20000,2000.0,5996,34004
60000,98,51019.0,30000,3000.0,8981,51019
80000,98,68053.0,40000,4000.0,11947,68053
100000,98,85204.0,50000,5000.0,14796,85204
2,99,1.0,1,0.1,1,1
3,99,2.0,2,0.2,1,2
100,99,79.0,99,9.9,21,79
200,99,155.0,199,19.9,45,155
2000,99,1589.0,1999,199.9,411,1589
10000,99,8012.0,9999,999.9,1988,8012
20000,99,15987.0,19999,1999.9,4013,15987
40000,99,32026.0,39999,3999.9,7974,32026
60000,99,48038.0,59999,5999.9,11962,48038
80000,99,64094.0,79999,7999.9,15906,64094
100000,99,80052.0,99999,9999.9,19948,80052
2,100,2.0,1,0.1,0,2
3,100,3.0,2,0.2,0,3
100,100,88.0,5,0.5,12,88
200,100,174.0,5,0.5,26,174
2000,100,1802.0,5,0.5,198,1802
10000,100,9031.0,5,0.5,969,9031
20000,100,18079.0,5,0.5,1921,18079
40000,100,36034.0,5,0.5,3966,36034
60000,100,54059.0,5,0.5,5941,54059
80000,100,72068.0,5,0.5,7932,72068
100000,100,90112.0,5,0.5,9888,90112
