Timestep,Iteration,Total Reward,Suboptimal Arms,Total Regret,Zeros Count,Ones Count
2,1,2.0,1,0.01,0,2
3,1,3.0,1,0.01,0,3
100,1,86.0,50,0.25,14,86
200,1,172.0,94,0.47,28,172
2000,1,1782.0,938,4.69,218,1782
10000,1,8967.0,3748,18.74,1033,8967
20000,1,17939.0,8238,41.19,2061,17939
40000,1,36005.0,10960,54.8,3995,36005
60000,1,53912.0,14398,71.99,6088,53912
80000,1,71949.0,14739,73.7,8051,71949
100000,1,89970.0,16613,83.06,10030,89970
2,2,2.0,1,0.01,0,2
3,2,3.0,1,0.01,0,3
100,2,89.0,42,0.21,11,89
200,2,180.0,95,0.48,20,180
2000,2,1803.0,517,2.58,197,1803
10000,2,9016.0,1316,6.58,984,9016
20000,2,18016.0,2349,11.75,1984,18016
40000,2,36060.0,5484,27.42,3940,36060
60000,2,54072.0,10042,50.21,5928,54072
80000,2,72034.0,12227,61.14,7966,72034
100000,2,90021.0,15951,79.75,9979,90021
2,3,2.0,1,0.01,0,2
3,3,3.0,1,0.01,0,3
100,3,90.0,50,0.25,10,90
200,3,185.0,89,0.45,15,185
2000,3,1820.0,1024,5.12,180,1820
10000,3,8988.0,4276,21.38,1012,8988
20000,3,17949.0,7973,39.87,2051,17949
40000,3,35941.0,12218,61.09,4059,35941
60000,3,53874.0,14363,71.82,6126,53874
80000,3,71835.0,21107,105.53,8165,71835
100000,3,89875.0,22689,113.44,10125,89875
2,4,2.0,1,0.01,0,2
3,4,3.0,1,0.01,0,3
100,4,89.0,54,0.27,11,89
200,4,180.0,125,0.63,20,180
2000,4,1819.0,583,2.91,181,1819
10000,4,8992.0,2899,14.5,1008,8992
20000,4,17975.0,9026,45.13,2025,17975
40000,4,35979.0,16784,83.92,4021,35979
60000,4,53950.0,23836,119.18,6050,53950
80000,4,71916.0,27801,139.0,8084,71916
100000,4,89889.0,32125,160.62,10111,89889
2,5,2.0,1,0.01,0,2
3,5,3.0,1,0.01,0,3
100,5,89.0,56,0.28,11,89
200,5,185.0,109,0.55,15,185
2000,5,1795.0,899,4.49,205,1795
10000,5,8985.0,4280,21.4,1015,8985
20000,5,17975.0,6127,30.63,2025,17975
40000,5,35902.0,12807,64.04,4098,35902
60000,5,53805.0,17871,89.35,6195,53805
80000,5,71710.0,20717,103.58,8290,71710
100000,5,89658.0,22256,111.28,10342,89658
2,6,2.0,1,0.01,0,2
3,6,3.0,1,0.01,0,3
100,6,90.0,44,0.22,10,90
200,6,179.0,64,0.32,21,179
2000,6,1771.0,436,2.18,229,1771
10000,6,8937.0,2102,10.51,1063,8937
20000,6,17924.0,3445,17.23,2076,17924
40000,6,35796.0,8605,43.03,4204,35796
60000,6,53781.0,12474,62.37,6219,53781
80000,6,71748.0,14333,71.67,8252,71748
100000,6,89739.0,14792,73.96,10261,89739
2,7,2.0,1,0.01,0,2
3,7,3.0,1,0.01,0,3
100,7,93.0,45,0.23,7,93
200,7,180.0,100,0.5,20,180
2000,7,1808.0,768,3.84,192,1808
10000,7,9004.0,4481,22.4,996,9004
20000,7,17930.0,8252,41.26,2070,17930
40000,7,35831.0,13363,66.82,4169,35831
60000,7,53824.0,23385,116.92,6176,53824
80000,7,71727.0,31726,158.63,8273,71727
100000,7,89720.0,34311,171.55,10280,89720
2,8,2.0,1,0.01,0,2
3,8,3.0,1,0.01,0,3
100,8,85.0,55,0.28,15,85
200,8,175.0,75,0.38,25,175
2000,8,1770.0,724,3.62,230,1770
10000,8,8972.0,4757,23.78,1028,8972
20000,8,17979.0,7500,37.5,2021,17979
40000,8,35961.0,10858,54.29,4039,35961
60000,8,54009.0,11414,57.07,5991,54009
80000,8,71978.0,14141,70.71,8022,71978
100000,8,89981.0,16437,82.18,10019,89981
2,9,2.0,1,0.01,0,2
3,9,3.0,1,0.01,0,3
100,9,90.0,50,0.25,10,90
200,9,181.0,100,0.5,19,181
2000,9,1803.0,828,4.14,197,1803
10000,9,8988.0,3574,17.87,1012,8988
20000,9,17973.0,6330,31.65,2027,17973
40000,9,35930.0,11304,56.52,4070,35930
60000,9,53970.0,16244,81.22,6030,53970
80000,9,71997.0,17242,86.21,8003,71997
100000,9,89964.0,25396,126.98,10036,89964
2,10,2.0,1,0.01,0,2
3,10,3.0,1,0.01,0,3
100,10,90.0,71,0.36,10,90
200,10,184.0,155,0.78,16,184
2000,10,1809.0,1110,5.55,191,1809
10000,10,9036.0,3858,19.29,964,9036
20000,10,18083.0,9047,45.24,1917,18083
40000,10,35966.0,17033,85.16,4034,35966
60000,10,53945.0,21676,108.38,6055,53945
80000,10,71900.0,24366,121.83,8100,71900
100000,10,89885.0,25892,129.46,10115,89885
2,11,2.0,1,0.01,0,2
3,11,3.0,1,0.01,0,3
100,11,90.0,50,0.25,10,90
200,11,177.0,106,0.53,23,177
2000,11,1776.0,1026,5.13,224,1776
10000,11,8988.0,4045,20.23,1012,8988
20000,11,17935.0,8773,43.87,2065,17935
40000,11,35882.0,13534,67.67,4118,35882
60000,11,53806.0,19102,95.51,6194,53806
80000,11,71833.0,27290,136.45,8167,71833
100000,11,89803.0,31917,159.58,10197,89803
2,12,2.0,1,0.01,0,2
3,12,3.0,1,0.01,0,3
100,12,92.0,38,0.19,8,92
200,12,184.0,92,0.46,16,184
2000,12,1802.0,1090,5.45,198,1802
10000,12,9000.0,4726,23.63,1000,9000
20000,12,18042.0,7688,38.44,1958,18042
40000,12,36072.0,12175,60.88,3928,36072
60000,12,54016.0,14780,73.9,5984,54016
80000,12,72029.0,19674,98.37,7971,72029
100000,12,90100.0,26086,130.43,9900,90100
2,13,2.0,1,0.01,0,2
3,13,3.0,1,0.01,0,3
100,13,88.0,50,0.25,12,88
200,13,176.0,97,0.49,24,176
2000,13,1788.0,845,4.22,212,1788
10000,13,8935.0,5665,28.32,1065,8935
20000,13,17916.0,9775,48.88,2084,17916
40000,13,35840.0,19303,96.51,4160,35840
60000,13,53793.0,27329,136.64,6207,53793
80000,13,71837.0,29042,145.21,8163,71837
100000,13,89837.0,31721,158.6,10163,89837
2,14,2.0,1,0.01,0,2
3,14,3.0,1,0.01,0,3
100,14,90.0,50,0.25,10,90
200,14,176.0,88,0.44,24,176
2000,14,1774.0,1222,6.11,226,1774
10000,14,8948.0,5182,25.91,1052,8948
20000,14,17889.0,10207,51.04,2111,17889
40000,14,35809.0,23105,115.52,4191,35809
60000,14,53799.0,31578,157.89,6201,53799
80000,14,71701.0,40591,202.95,8299,71701
100000,14,89676.0,43091,215.45,10324,89676
2,15,2.0,1,0.01,0,2
3,15,2.0,1,0.01,1,2
100,15,91.0,42,0.21,9,91
200,15,181.0,82,0.41,19,181
2000,15,1813.0,544,2.72,187,1813
10000,15,9002.0,3982,19.91,998,9002
20000,15,17997.0,7542,37.71,2003,17997
40000,15,35921.0,14555,72.78,4079,35921
60000,15,53918.0,17577,87.88,6082,53918
80000,15,71910.0,19317,96.58,8090,71910
100000,15,89891.0,21837,109.18,10109,89891
2,16,1.0,1,0.01,1,1
3,16,2.0,1,0.01,1,2
100,16,86.0,16,0.08,14,86
200,16,180.0,90,0.45,20,180
2000,16,1801.0,932,4.66,199,1801
10000,16,8980.0,5368,26.84,1020,8980
20000,16,17929.0,10691,53.46,2071,17929
40000,16,35946.0,17876,89.38,4054,35946
60000,16,53860.0,24679,123.39,6140,53860
80000,16,71824.0,35831,179.15,8176,71824
100000,16,89750.0,41145,205.72,10250,89750
2,17,2.0,1,0.01,0,2
3,17,3.0,1,0.01,0,3
100,17,84.0,26,0.13,16,84
200,17,172.0,62,0.31,28,172
2000,17,1779.0,715,3.57,221,1779
10000,17,8961.0,4480,22.4,1039,8961
20000,17,17975.0,8838,44.19,2025,17975
40000,17,35890.0,19943,99.71,4110,35890
60000,17,53884.0,24825,124.12,6116,53884
80000,17,71872.0,28607,143.03,8128,71872
100000,17,89821.0,32880,164.4,10179,89821
2,18,1.0,1,0.01,1,1
3,18,2.0,2,0.01,1,2
100,18,95.0,46,0.23,5,95
200,18,185.0,90,0.45,15,185
2000,18,1797.0,873,4.36,203,1797
10000,18,8975.0,4623,23.11,1025,8975
20000,18,17943.0,8864,44.32,2057,17943
40000,18,35838.0,18853,94.26,4162,35838
60000,18,53895.0,19568,97.84,6105,53895
80000,18,71857.0,27181,135.9,8143,71857
100000,18,89805.0,28685,143.42,10195,89805
2,19,2.0,1,0.01,0,2
3,19,2.0,1,0.01,1,2
100,19,85.0,50,0.25,15,85
200,19,175.0,87,0.44,25,175
2000,19,1775.0,798,3.99,225,1775
10000,19,8997.0,5221,26.1,1003,8997
20000,19,17941.0,8670,43.35,2059,17941
40000,19,35895.0,13753,68.77,4105,35895
60000,19,53885.0,24138,120.69,6115,53885
80000,19,71952.0,27728,138.64,8048,71952
100000,19,89974.0,28860,144.3,10026,89974
2,20,2.0,1,0.01,0,2
3,20,3.0,1,0.01,0,3
100,20,88.0,53,0.27,12,88
200,20,182.0,116,0.58,18,182
2000,20,1798.0,1014,5.07,202,1798
10000,20,8977.0,4196,20.98,1023,8977
20000,20,17933.0,6931,34.65,2067,17933
40000,20,35921.0,12295,61.48,4079,35921
60000,20,53902.0,14964,74.82,6098,53902
80000,20,71922.0,19345,96.72,8078,71922
100000,20,89989.0,20750,103.75,10011,89989
2,21,2.0,1,0.01,0,2
3,21,3.0,1,0.01,0,3
100,21,93.0,55,0.28,7,93
200,21,187.0,90,0.45,13,187
2000,21,1798.0,629,3.14,202,1798
10000,21,8934.0,4058,20.29,1066,8934
20000,21,17953.0,5389,26.94,2047,17953
40000,21,35911.0,10019,50.1,4089,35911
60000,21,53830.0,13356,66.78,6170,53830
80000,21,71821.0,14684,73.42,8179,71821
100000,21,89797.0,16490,82.45,10203,89797
2,22,2.0,1,0.01,0,2
3,22,3.0,1,0.01,0,3
100,22,91.0,56,0.28,9,91
200,22,171.0,90,0.45,29,171
2000,22,1794.0,865,4.32,206,1794
10000,22,8970.0,5304,26.52,1030,8970
20000,22,17970.0,6733,33.66,2030,17970
40000,22,35853.0,13060,65.3,4147,35853
60000,22,53929.0,16760,83.8,6071,53929
80000,22,71916.0,20931,104.65,8084,71916
100000,22,89959.0,21024,105.12,10041,89959
2,23,2.0,1,0.01,0,2
3,23,3.0,1,0.01,0,3
100,23,94.0,59,0.3,6,94
200,23,187.0,111,0.56,13,187
2000,23,1799.0,1032,5.16,201,1799
10000,23,8982.0,5854,29.27,1018,8982
20000,23,17951.0,10907,54.54,2049,17951
40000,23,35939.0,19511,97.55,4061,35939
60000,23,53924.0,30584,152.92,6076,53924
80000,23,71886.0,38681,193.4,8114,71886
100000,23,89910.0,40386,201.93,10090,89910
2,24,1.0,1,0.01,1,1
3,24,2.0,2,0.01,1,2
100,24,89.0,42,0.21,11,89
200,24,179.0,80,0.4,21,179
2000,24,1768.0,846,4.23,232,1768
10000,24,8959.0,2968,14.84,1041,8959
20000,24,17892.0,5681,28.4,2108,17892
40000,24,35920.0,9348,46.74,4080,35920
60000,24,53920.0,16790,83.95,6080,53920
80000,24,71891.0,23082,115.41,8109,71891
100000,24,89830.0,30266,151.33,10170,89830
2,25,2.0,1,0.01,0,2
3,25,3.0,1,0.01,0,3
100,25,91.0,44,0.22,9,91
200,25,183.0,92,0.46,17,183
2000,25,1785.0,693,3.46,215,1785
10000,25,8999.0,5209,26.04,1001,8999
20000,25,18016.0,7930,39.65,1984,18016
40000,25,36020.0,15652,78.26,3980,36020
60000,25,53977.0,17985,89.92,6023,53977
80000,25,71928.0,22901,114.5,8072,71928
100000,25,89903.0,24656,123.28,10097,89903
2,26,2.0,1,0.01,0,2
3,26,3.0,1,0.01,0,3
100,26,92.0,49,0.25,8,92
200,26,179.0,96,0.48,21,179
2000,26,1806.0,918,4.59,194,1806
10000,26,8946.0,3920,19.6,1054,8946
20000,26,17871.0,6245,31.22,2129,17871
40000,26,35862.0,9411,47.06,4138,35862
60000,26,53796.0,11342,56.71,6204,53796
80000,26,71721.0,20094,100.47,8279,71721
100000,26,89719.0,22382,111.91,10281,89719
2,27,2.0,1,0.01,0,2
3,27,3.0,1,0.01,0,3
100,27,89.0,57,0.29,11,89
200,27,177.0,121,0.61,23,177
2000,27,1797.0,942,4.71,203,1797
10000,27,8977.0,2853,14.27,1023,8977
20000,27,17982.0,6970,34.85,2018,17982
40000,27,35959.0,11284,56.42,4041,35959
60000,27,53976.0,17760,88.8,6024,53976
80000,27,71935.0,19572,97.86,8065,71935
100000,27,89881.0,25801,129.0,10119,89881
2,28,2.0,1,0.01,0,2
3,28,3.0,1,0.01,0,3
100,28,88.0,42,0.21,12,88
200,28,180.0,100,0.5,20,180
2000,28,1789.0,1047,5.23,211,1789
10000,28,8992.0,4815,24.07,1008,8992
20000,28,17965.0,7189,35.94,2035,17965
40000,28,35922.0,12005,60.03,4078,35922
60000,28,53834.0,17409,87.04,6166,53834
80000,28,71836.0,18320,91.6,8164,71836
100000,28,89771.0,22225,111.12,10229,89771
2,29,2.0,1,0.01,0,2
3,29,3.0,1,0.01,0,3
100,29,90.0,60,0.3,10,90
200,29,177.0,100,0.5,23,177
2000,29,1778.0,943,4.71,222,1778
10000,29,8982.0,3339,16.7,1018,8982
20000,29,17968.0,7267,36.34,2032,17968
40000,29,35862.0,14470,72.35,4138,35862
60000,29,53793.0,19169,95.84,6207,53793
80000,29,71787.0,19710,98.55,8213,71787
100000,29,89726.0,23477,117.38,10274,89726
2,30,2.0,1,0.01,0,2
3,30,3.0,1,0.01,0,3
100,30,93.0,50,0.25,7,93
200,30,178.0,101,0.51,22,178
2000,30,1823.0,697,3.48,177,1823
10000,30,8997.0,3951,19.76,1003,8997
20000,30,17998.0,6775,33.87,2002,17998
40000,30,35982.0,11912,59.56,4018,35982
60000,30,53882.0,17045,85.22,6118,53882
80000,30,71840.0,27130,135.65,8160,71840
100000,30,89827.0,29567,147.83,10173,89827
2,31,2.0,1,0.01,0,2
3,31,3.0,1,0.01,0,3
100,31,89.0,42,0.21,11,89
200,31,186.0,78,0.39,14,186
2000,31,1802.0,886,4.43,198,1802
10000,31,9018.0,3863,19.32,982,9018
20000,31,17961.0,9587,47.94,2039,17961
40000,31,35854.0,16135,80.67,4146,35854
60000,31,53786.0,23635,118.17,6214,53786
80000,31,71744.0,25106,125.53,8256,71744
100000,31,89697.0,29551,147.75,10303,89697
2,32,2.0,1,0.01,0,2
3,32,3.0,1,0.01,0,3
100,32,92.0,50,0.25,8,92
200,32,182.0,95,0.48,18,182
2000,32,1816.0,1041,5.2,184,1816
10000,32,8966.0,4467,22.33,1034,8966
20000,32,17930.0,9096,45.48,2070,17930
40000,32,35883.0,21453,107.26,4117,35883
60000,32,53794.0,29480,147.4,6206,53794
80000,32,71708.0,34649,173.24,8292,71708
100000,32,89734.0,34690,173.45,10266,89734
2,33,2.0,1,0.01,0,2
3,33,3.0,1,0.01,0,3
100,33,92.0,50,0.25,8,92
200,33,180.0,100,0.5,20,180
2000,33,1794.0,881,4.4,206,1794
10000,33,8919.0,3597,17.99,1081,8919
20000,33,17879.0,6298,31.49,2121,17879
40000,33,35809.0,17110,85.55,4191,35809
60000,33,53747.0,19964,99.82,6253,53747
80000,33,71725.0,27027,135.13,8275,71725
100000,33,89730.0,28137,140.68,10270,89730
2,34,1.0,1,0.01,1,1
3,34,1.0,1,0.01,2,1
100,34,83.0,45,0.23,17,83
200,34,174.0,82,0.41,26,174
2000,34,1791.0,779,3.89,209,1791
10000,34,8996.0,4266,21.33,1004,8996
20000,34,18018.0,7097,35.48,1982,18018
40000,34,36054.0,12004,60.02,3946,36054
60000,34,53945.0,18583,92.91,6055,53945
80000,34,71929.0,22618,113.09,8071,71929
100000,34,89919.0,24532,122.66,10081,89919
2,35,2.0,1,0.01,0,2
3,35,3.0,1,0.01,0,3
100,35,84.0,48,0.24,16,84
200,35,179.0,125,0.63,21,179
2000,35,1801.0,1204,6.02,199,1801
10000,35,8968.0,4823,24.11,1032,8968
20000,35,17949.0,7837,39.19,2051,17949
40000,35,35959.0,14515,72.58,4041,35959
60000,35,53949.0,20746,103.73,6051,53949
80000,35,71930.0,22867,114.33,8070,71930
100000,35,89976.0,24415,122.07,10024,89976
2,36,2.0,1,0.01,0,2
3,36,3.0,1,0.01,0,3
100,36,89.0,42,0.21,11,89
200,36,181.0,78,0.39,19,181
2000,36,1793.0,901,4.5,207,1793
10000,36,8954.0,5040,25.2,1046,8954
20000,36,17927.0,9555,47.78,2073,17927
40000,36,35935.0,14570,72.85,4065,35935
60000,36,53929.0,24931,124.65,6071,53929
80000,36,71912.0,34344,171.72,8088,71912
100000,36,89920.0,39022,195.11,10080,89920
2,37,2.0,1,0.01,0,2
3,37,2.0,1,0.01,1,2
100,37,86.0,50,0.25,14,86
200,37,178.0,100,0.5,22,178
2000,37,1790.0,842,4.21,210,1790
10000,37,9009.0,3765,18.83,991,9009
20000,37,17928.0,6392,31.96,2072,17928
40000,37,35960.0,7907,39.54,4040,35960
60000,37,53946.0,10960,54.8,6054,53946
80000,37,71843.0,14559,72.8,8157,71843
100000,37,89774.0,15815,79.08,10226,89774
2,38,1.0,1,0.01,1,1
3,38,2.0,2,0.01,1,2
100,38,87.0,41,0.21,13,87
200,38,177.0,64,0.32,23,177
2000,38,1791.0,1090,5.45,209,1791
10000,38,9008.0,3562,17.81,992,9008
20000,38,17956.0,7250,36.25,2044,17956
40000,38,35973.0,15001,75.01,4027,35973
60000,38,53900.0,22409,112.04,6100,53900
80000,38,71787.0,30646,153.23,8213,71787
100000,38,89896.0,30646,153.23,10104,89896
2,39,2.0,1,0.01,0,2
3,39,3.0,1,0.01,0,3
100,39,94.0,47,0.24,6,94
200,39,180.0,87,0.44,20,180
2000,39,1808.0,1190,5.95,192,1808
10000,39,9039.0,4888,24.44,961,9039
20000,39,18032.0,8863,44.32,1968,18032
40000,39,35949.0,15622,78.11,4051,35949
60000,39,53945.0,19796,98.98,6055,53945
80000,39,71942.0,24017,120.08,8058,71942
100000,39,89936.0,27722,138.61,10064,89936
2,40,2.0,1,0.01,0,2
3,40,3.0,1,0.01,0,3
100,40,95.0,54,0.27,5,95
200,40,189.0,108,0.54,11,189
2000,40,1805.0,706,3.53,195,1805
10000,40,9019.0,2030,10.15,981,9019
20000,40,18006.0,4099,20.5,1994,18006
40000,40,35984.0,6961,34.8,4016,35984
60000,40,53910.0,11827,59.14,6090,53910
80000,40,71877.0,15341,76.71,8123,71877
100000,40,89800.0,22938,114.69,10200,89800
2,41,1.0,1,0.01,1,1
3,41,2.0,2,0.01,1,2
100,41,90.0,50,0.25,10,90
200,41,179.0,98,0.49,21,179
2000,41,1793.0,469,2.34,207,1793
10000,41,8963.0,2661,13.31,1037,8963
20000,41,17922.0,6427,32.13,2078,17922
40000,41,35862.0,11733,58.67,4138,35862
60000,41,53851.0,17945,89.72,6149,53851
80000,41,71866.0,18305,91.52,8134,71866
100000,41,89811.0,20897,104.48,10189,89811
2,42,2.0,1,0.01,0,2
3,42,3.0,1,0.01,0,3
100,42,84.0,50,0.25,16,84
200,42,175.0,103,0.52,25,175
2000,42,1787.0,1271,6.35,213,1787
10000,42,8962.0,6211,31.05,1038,8962
20000,42,17869.0,11413,57.07,2131,17869
40000,42,35910.0,12973,64.87,4090,35910
60000,42,53948.0,19052,95.26,6052,53948
80000,42,71950.0,23437,117.18,8050,71950
100000,42,89897.0,26747,133.73,10103,89897
2,43,0.0,1,0.01,2,0
3,43,1.0,1,0.01,2,1
100,43,93.0,35,0.18,7,93
200,43,184.0,62,0.31,16,184
2000,43,1796.0,687,3.43,204,1796
10000,43,8947.0,4065,20.33,1053,8947
20000,43,17919.0,12055,60.28,2081,17919
40000,43,35854.0,19677,98.38,4146,35854
60000,43,53767.0,32735,163.67,6233,53767
80000,43,71709.0,43573,217.86,8291,71709
100000,43,89734.0,45081,225.4,10266,89734
2,44,2.0,1,0.01,0,2
3,44,3.0,1,0.01,0,3
100,44,90.0,48,0.24,10,90
200,44,182.0,100,0.5,18,182
2000,44,1783.0,838,4.19,217,1783
10000,44,8948.0,4171,20.86,1052,8948
20000,44,17950.0,8347,41.74,2050,17950
40000,44,35838.0,13539,67.7,4162,35838
60000,44,53830.0,15997,79.98,6170,53830
80000,44,71753.0,22795,113.97,8247,71753
100000,44,89831.0,23169,115.84,10169,89831
2,45,2.0,1,0.01,0,2
3,45,3.0,1,0.01,0,3
100,45,91.0,45,0.23,9,91
200,45,176.0,89,0.45,24,176
2000,45,1808.0,1164,5.82,192,1808
10000,45,8999.0,4628,23.14,1001,8999
20000,45,17922.0,7623,38.12,2078,17922
40000,45,35881.0,15005,75.03,4119,35881
60000,45,53873.0,26232,131.16,6127,53873
80000,45,71885.0,28390,141.95,8115,71885
100000,45,89902.0,38485,192.42,10098,89902
2,46,2.0,1,0.01,0,2
3,46,3.0,1,0.01,0,3
100,46,87.0,50,0.25,13,87
200,46,177.0,89,0.45,23,177
2000,46,1805.0,719,3.59,195,1805
10000,46,8993.0,3542,17.71,1007,8993
20000,46,18011.0,5703,28.51,1989,18011
40000,46,35975.0,10607,53.04,4025,35975
60000,46,53973.0,15579,77.9,6027,53973
80000,46,71893.0,19370,96.85,8107,71893
100000,46,89852.0,24727,123.63,10148,89852
2,47,2.0,1,0.01,0,2
3,47,3.0,1,0.01,0,3
100,47,93.0,41,0.21,7,93
200,47,186.0,78,0.39,14,186
2000,47,1826.0,757,3.78,174,1826
10000,47,9057.0,4064,20.32,943,9057
20000,47,18071.0,6305,31.52,1929,18071
40000,47,36011.0,9803,49.02,3989,36011
60000,47,53972.0,18826,94.13,6028,53972
80000,47,71917.0,21547,107.73,8083,71917
100000,47,89943.0,22369,111.84,10057,89943
2,48,2.0,1,0.01,0,2
3,48,3.0,1,0.01,0,3
100,48,92.0,53,0.27,8,92
200,48,184.0,102,0.51,16,184
2000,48,1808.0,918,4.59,192,1808
10000,48,8986.0,5770,28.85,1014,8986
20000,48,17975.0,10626,53.13,2025,17975
40000,48,35971.0,14699,73.5,4029,35971
60000,48,54010.0,22262,111.31,5990,54010
80000,48,72026.0,28675,143.37,7974,72026
100000,48,89979.0,33453,167.26,10021,89979
2,49,1.0,1,0.01,1,1
3,49,2.0,2,0.01,1,2
100,49,89.0,50,0.25,11,89
200,49,182.0,115,0.58,18,182
2000,49,1824.0,758,3.79,176,1824
10000,49,9007.0,4225,21.13,993,9007
20000,49,17965.0,7966,39.83,2035,17965
40000,49,35918.0,11361,56.81,4082,35918
60000,49,53892.0,24259,121.29,6108,53892
80000,49,71984.0,25377,126.88,8016,71984
100000,49,90057.0,25607,128.03,9943,90057
2,50,2.0,1,0.01,0,2
3,50,3.0,1,0.01,0,3
100,50,91.0,70,0.35,9,91
200,50,178.0,111,0.56,22,178
2000,50,1799.0,992,4.96,201,1799
10000,50,8979.0,4691,23.45,1021,8979
20000,50,17988.0,8170,40.85,2012,17988
40000,50,35949.0,20510,102.55,4051,35949
60000,50,53917.0,26042,130.21,6083,53917
80000,50,71847.0,32984,164.92,8153,71847
100000,50,89777.0,41782,208.91,10223,89777
2,51,2.0,1,0.01,0,2
3,51,3.0,1,0.01,0,3
100,51,91.0,45,0.23,9,91
200,51,187.0,79,0.4,13,187
2000,51,1816.0,865,4.32,184,1816
10000,51,8967.0,5320,26.6,1033,8967
20000,51,17954.0,8315,41.58,2046,17954
40000,51,36008.0,21730,108.65,3992,36008
60000,51,53948.0,34784,173.92,6052,53948
80000,51,71914.0,41558,207.79,8086,71914
100000,51,89914.0,49136,245.68,10086,89914
2,52,2.0,1,0.01,0,2
3,52,3.0,1,0.01,0,3
100,52,90.0,45,0.23,10,90
200,52,178.0,81,0.41,22,178
2000,52,1814.0,1091,5.45,186,1814
10000,52,9009.0,4766,23.83,991,9009
20000,52,17960.0,9071,45.36,2040,17960
40000,52,35852.0,17024,85.12,4148,35852
60000,52,53803.0,19576,97.88,6197,53803
80000,52,71692.0,25631,128.15,8308,71692
100000,52,89724.0,25688,128.44,10276,89724
2,53,2.0,1,0.01,0,2
3,53,3.0,1,0.01,0,3
100,53,85.0,36,0.18,15,85
200,53,177.0,72,0.36,23,177
2000,53,1775.0,907,4.53,225,1775
10000,53,8935.0,3140,15.7,1065,8935
20000,53,17937.0,5911,29.55,2063,17937
40000,53,35879.0,13642,68.21,4121,35879
60000,53,53858.0,19068,95.34,6142,53858
80000,53,71851.0,21774,108.87,8149,71851
100000,53,89848.0,22447,112.23,10152,89848
2,54,2.0,1,0.01,0,2
3,54,3.0,1,0.01,0,3
100,54,88.0,50,0.25,12,88
200,54,178.0,108,0.54,22,178
2000,54,1792.0,783,3.91,208,1792
10000,54,8991.0,2459,12.3,1009,8991
20000,54,17945.0,3188,15.94,2055,17945
40000,54,35933.0,10416,52.08,4067,35933
60000,54,53911.0,13256,66.28,6089,53911
80000,54,71891.0,22124,110.62,8109,71891
100000,54,89980.0,23199,115.99,10020,89980
2,55,1.0,1,0.01,1,1
3,55,2.0,2,0.01,1,2
100,55,88.0,50,0.25,12,88
200,55,177.0,99,0.5,23,177
2000,55,1820.0,651,3.25,180,1820
10000,55,9039.0,2753,13.77,961,9039
20000,55,17986.0,6559,32.79,2014,17986
40000,55,35891.0,13851,69.26,4109,35891
60000,55,53837.0,15749,78.75,6163,53837
80000,55,71811.0,16607,83.03,8189,71811
100000,55,89840.0,19431,97.15,10160,89840
2,56,2.0,1,0.01,0,2
3,56,3.0,1,0.01,0,3
100,56,92.0,61,0.31,8,92
200,56,185.0,112,0.56,15,185
2000,56,1777.0,1224,6.12,223,1777
10000,56,8972.0,5021,25.1,1028,8972
20000,56,17937.0,10251,51.26,2063,17937
40000,56,35904.0,18271,91.35,4096,35904
60000,56,53778.0,29076,145.38,6222,53778
80000,56,71778.0,32757,163.78,8222,71778
100000,56,89777.0,33409,167.04,10223,89777
2,57,2.0,1,0.01,0,2
3,57,3.0,1,0.01,0,3
100,57,85.0,51,0.26,15,85
200,57,168.0,135,0.68,32,168
2000,57,1769.0,1345,6.72,231,1769
10000,57,8959.0,6983,34.91,1041,8959
20000,57,17976.0,9960,49.8,2024,17976
40000,57,35879.0,17522,87.61,4121,35879
60000,57,53848.0,21437,107.18,6152,53848
80000,57,71807.0,25309,126.54,8193,71807
100000,57,89808.0,27178,135.89,10192,89808
2,58,2.0,1,0.01,0,2
3,58,3.0,1,0.01,0,3
100,58,85.0,50,0.25,15,85
200,58,171.0,104,0.52,29,171
2000,58,1787.0,833,4.16,213,1787
10000,58,8948.0,3642,18.21,1052,8948
20000,58,17964.0,5495,27.47,2036,17964
40000,58,35867.0,11354,56.77,4133,35867
60000,58,53914.0,16671,83.35,6086,53914
80000,58,71888.0,23928,119.64,8112,71888
100000,58,89916.0,25982,129.91,10084,89916
2,59,2.0,1,0.01,0,2
3,59,3.0,1,0.01,0,3
100,59,90.0,35,0.18,10,90
200,59,178.0,74,0.37,22,178
2000,59,1806.0,729,3.64,194,1806
10000,59,9026.0,4046,20.23,974,9026
20000,59,18042.0,6786,33.93,1958,18042
40000,59,35943.0,10474,52.37,4057,35943
60000,59,53885.0,12656,63.28,6115,53885
80000,59,71849.0,13393,66.97,8151,71849
100000,59,89837.0,25110,125.55,10163,89837
2,60,2.0,1,0.01,0,2
3,60,3.0,1,0.01,0,3
100,60,98.0,43,0.22,2,98
200,60,181.0,83,0.42,19,181
2000,60,1794.0,950,4.75,206,1794
10000,60,8950.0,4042,20.21,1050,8950
20000,60,17958.0,6450,32.25,2042,17958
40000,60,35963.0,14048,70.24,4037,35963
60000,60,53924.0,17966,89.83,6076,53924
80000,60,71878.0,22484,112.42,8122,71878
100000,60,89798.0,29975,149.87,10202,89798
2,61,2.0,1,0.01,0,2
3,61,3.0,1,0.01,0,3
100,61,80.0,35,0.18,20,80
200,61,168.0,76,0.38,32,168
2000,61,1799.0,1031,5.15,201,1799
10000,61,8946.0,4733,23.66,1054,8946
20000,61,17934.0,8812,44.06,2066,17934
40000,61,35840.0,18427,92.13,4160,35840
60000,61,53861.0,22655,113.27,6139,53861
80000,61,71840.0,28392,141.96,8160,71840
100000,61,89844.0,31472,157.36,10156,89844
2,62,2.0,1,0.01,0,2
3,62,3.0,1,0.01,0,3
100,62,86.0,61,0.31,14,86
200,62,177.0,116,0.58,23,177
2000,62,1791.0,882,4.41,209,1791
10000,62,8986.0,2703,13.52,1014,8986
20000,62,17909.0,7106,35.53,2091,17909
40000,62,35829.0,16633,83.16,4171,35829
60000,62,53770.0,24352,121.76,6230,53770
80000,62,71754.0,26433,132.16,8246,71754
100000,62,89713.0,29732,148.66,10287,89713
2,63,1.0,1,0.01,1,1
3,63,2.0,2,0.01,1,2
100,63,90.0,50,0.25,10,90
200,63,179.0,110,0.55,21,179
2000,63,1805.0,916,4.58,195,1805
10000,63,8963.0,3153,15.77,1037,8963
20000,63,17988.0,6218,31.09,2012,17988
40000,63,35974.0,11616,58.08,4026,35974
60000,63,54016.0,12660,63.3,5984,54016
80000,63,72027.0,13874,69.37,7973,72027
100000,63,90015.0,16203,81.01,9985,90015
2,64,1.0,1,0.01,1,1
3,64,2.0,1,0.01,1,2
100,64,87.0,68,0.34,13,87
200,64,173.0,105,0.53,27,173
2000,64,1786.0,808,4.04,214,1786
10000,64,8953.0,4276,21.38,1047,8953
20000,64,17946.0,8295,41.48,2054,17946
40000,64,35901.0,11947,59.74,4099,35901
60000,64,53922.0,20593,102.96,6078,53922
80000,64,71903.0,30730,153.65,8097,71903
100000,64,89871.0,36743,183.71,10129,89871
2,65,2.0,1,0.01,0,2
3,65,3.0,1,0.01,0,3
100,65,94.0,52,0.26,6,94
200,65,185.0,112,0.56,15,185
2000,65,1806.0,835,4.17,194,1806
10000,65,9021.0,3108,15.54,979,9021
20000,65,18027.0,6053,30.26,1973,18027
40000,65,36044.0,11674,58.37,3956,36044
60000,65,53950.0,19064,95.32,6050,53950
80000,65,72020.0,22497,112.48,7980,72020
100000,65,89984.0,30697,153.48,10016,89984
2,66,2.0,1,0.01,0,2
3,66,3.0,1,0.01,0,3
100,66,90.0,50,0.25,10,90
200,66,181.0,74,0.37,19,181
2000,66,1797.0,643,3.21,203,1797
10000,66,9008.0,3021,15.11,992,9008
20000,66,18007.0,6056,30.28,1993,18007
40000,66,35929.0,7825,39.13,4071,35929
60000,66,53928.0,13271,66.36,6072,53928
80000,66,71876.0,19915,99.57,8124,71876
100000,66,89769.0,26475,132.37,10231,89769
2,67,2.0,1,0.01,0,2
3,67,2.0,1,0.01,1,2
100,67,86.0,51,0.26,14,86
200,67,178.0,102,0.51,22,178
2000,67,1806.0,1095,5.47,194,1806
10000,67,8952.0,4532,22.66,1048,8952
20000,67,18013.0,5292,26.46,1987,18013
40000,67,35965.0,10443,52.22,4035,35965
60000,67,53958.0,14426,72.13,6042,53958
80000,67,72005.0,17413,87.06,7995,72005
100000,67,89909.0,21443,107.21,10091,89909
2,68,2.0,1,0.01,0,2
3,68,3.0,1,0.01,0,3
100,68,85.0,38,0.19,15,85
200,68,169.0,60,0.3,31,169
2000,68,1793.0,1183,5.91,207,1793
10000,68,9034.0,4063,20.32,966,9034
20000,68,17964.0,9000,45.0,2036,17964
40000,68,35903.0,16882,84.41,4097,35903
60000,68,53905.0,22382,111.91,6095,53905
80000,68,71957.0,24216,121.08,8043,71957
100000,68,89900.0,26663,133.31,10100,89900
2,69,2.0,1,0.01,0,2
3,69,3.0,1,0.01,0,3
100,69,91.0,44,0.22,9,91
200,69,177.0,79,0.4,23,177
2000,69,1787.0,963,4.81,213,1787
10000,69,8965.0,2575,12.88,1035,8965
20000,69,17963.0,5682,28.41,2037,17963
40000,69,35911.0,19192,95.96,4089,35911
60000,69,53868.0,24971,124.85,6132,53868
80000,69,71880.0,27645,138.22,8120,71880
100000,69,89827.0,30912,154.56,10173,89827
2,70,2.0,1,0.01,0,2
3,70,2.0,1,0.01,1,2
100,70,88.0,33,0.17,12,88
200,70,175.0,55,0.28,25,175
2000,70,1782.0,326,1.63,218,1782
10000,70,8986.0,2302,11.51,1014,8986
20000,70,18016.0,3565,17.83,1984,18016
40000,70,36008.0,7575,37.88,3992,36008
60000,70,53900.0,10459,52.3,6100,53900
80000,70,71835.0,13503,67.52,8165,71835
100000,70,89811.0,23758,118.79,10189,89811
2,71,1.0,1,0.01,1,1
3,71,2.0,1,0.01,1,2
100,71,94.0,47,0.24,6,94
200,71,178.0,106,0.53,22,178
2000,71,1790.0,1046,5.23,210,1790
10000,71,8953.0,5421,27.1,1047,8953
20000,71,17894.0,8662,43.31,2106,17894
40000,71,35790.0,13743,68.72,4210,35790
60000,71,53708.0,16588,82.94,6292,53708
80000,71,71712.0,21080,105.4,8288,71712
100000,71,89688.0,27217,136.08,10312,89688
2,72,2.0,1,0.01,0,2
3,72,3.0,1,0.01,0,3
100,72,84.0,39,0.2,16,84
200,72,175.0,61,0.31,25,175
2000,72,1790.0,1107,5.53,210,1790
10000,72,8959.0,5687,28.43,1041,8959
20000,72,17957.0,9311,46.56,2043,17957
40000,72,35890.0,16646,83.23,4110,35890
60000,72,53880.0,20377,101.88,6120,53880
80000,72,71896.0,23754,118.77,8104,71896
100000,72,89861.0,26058,130.29,10139,89861
2,73,2.0,1,0.01,0,2
3,73,3.0,1,0.01,0,3
100,73,93.0,45,0.23,7,93
200,73,185.0,100,0.5,15,185
2000,73,1800.0,831,4.15,200,1800
10000,73,9003.0,4291,21.46,997,9003
20000,73,17964.0,10126,50.63,2036,17964
40000,73,35947.0,18901,94.5,4053,35947
60000,73,53904.0,24883,124.41,6096,53904
80000,73,71919.0,35285,176.42,8081,71919
100000,73,89864.0,43509,217.54,10136,89864
2,74,1.0,1,0.01,1,1
3,74,2.0,1,0.01,1,2
100,74,83.0,44,0.22,17,83
200,74,172.0,129,0.65,28,172
2000,74,1796.0,480,2.4,204,1796
10000,74,8981.0,3820,19.1,1019,8981
20000,74,17965.0,9193,45.97,2035,17965
40000,74,35878.0,17620,88.1,4122,35878
60000,74,53801.0,24236,121.18,6199,53801
80000,74,71770.0,31910,159.55,8230,71770
100000,74,89739.0,37148,185.74,10261,89739
2,75,2.0,1,0.01,0,2
3,75,3.0,1,0.01,0,3
100,75,91.0,56,0.28,9,91
200,75,181.0,125,0.63,19,181
2000,75,1798.0,932,4.66,202,1798
10000,75,8979.0,4804,24.02,1021,8979
20000,75,17985.0,8629,43.15,2015,17985
40000,75,35957.0,16618,83.09,4043,35957
60000,75,53947.0,21449,107.24,6053,53947
80000,75,71886.0,23989,119.94,8114,71886
100000,75,89854.0,37338,186.69,10146,89854
2,76,2.0,1,0.01,0,2
3,76,3.0,1,0.01,0,3
100,76,94.0,41,0.21,6,94
200,76,182.0,100,0.5,18,182
2000,76,1810.0,1280,6.4,190,1810
10000,76,9003.0,4129,20.65,997,9003
20000,76,17979.0,7694,38.47,2021,17979
40000,76,35969.0,17988,89.94,4031,35969
60000,76,53981.0,23364,116.82,6019,53981
80000,76,71995.0,26432,132.16,8005,71995
100000,76,89981.0,31761,158.8,10019,89981
2,77,2.0,1,0.01,0,2
3,77,3.0,1,0.01,0,3
100,77,92.0,42,0.21,8,92
200,77,186.0,78,0.39,14,186
2000,77,1788.0,844,4.22,212,1788
10000,77,8965.0,5593,27.96,1035,8965
20000,77,17926.0,10774,53.87,2074,17926
40000,77,35897.0,17091,85.45,4103,35897
60000,77,53871.0,21195,105.97,6129,53871
80000,77,71884.0,21541,107.7,8116,71884
100000,77,89845.0,23109,115.54,10155,89845
2,78,2.0,1,0.01,0,2
3,78,3.0,1,0.01,0,3
100,78,91.0,56,0.28,9,91
200,78,177.0,120,0.6,23,177
2000,78,1788.0,909,4.54,212,1788
10000,78,8941.0,4202,21.01,1059,8941
20000,78,17939.0,7782,38.91,2061,17939
40000,78,35942.0,17780,88.9,4058,35942
60000,78,53989.0,21814,109.07,6011,53989
80000,78,71987.0,25074,125.37,8013,71987
100000,78,89938.0,29294,146.47,10062,89938
2,79,2.0,1,0.01,0,2
3,79,3.0,1,0.01,0,3
100,79,93.0,54,0.27,7,93
200,79,179.0,113,0.57,21,179
2000,79,1799.0,966,4.83,201,1799
10000,79,9008.0,4291,21.46,992,9008
20000,79,17926.0,7907,39.54,2074,17926
40000,79,35869.0,15102,75.51,4131,35869
60000,79,53871.0,21188,105.94,6129,53871
80000,79,71784.0,28633,143.16,8216,71784
100000,79,89803.0,29669,148.34,10197,89803
2,80,1.0,1,0.01,1,1
3,80,2.0,2,0.01,1,2
100,80,85.0,57,0.29,15,85
200,80,172.0,109,0.55,28,172
2000,80,1791.0,796,3.98,209,1791
10000,80,8897.0,2873,14.37,1103,8897
20000,80,17917.0,3143,15.72,2083,17917
40000,80,35904.0,10722,53.61,4096,35904
60000,80,53889.0,13002,65.01,6111,53889
80000,80,71896.0,24275,121.37,8104,71896
100000,80,89895.0,26378,131.89,10105,89895
2,81,1.0,1,0.01,1,1
3,81,2.0,2,0.01,1,2
100,81,86.0,45,0.23,14,86
200,81,176.0,117,0.59,24,176
2000,81,1793.0,1217,6.08,207,1793
10000,81,9028.0,4692,23.46,972,9028
20000,81,18041.0,8805,44.03,1959,18041
40000,81,36037.0,15587,77.94,3963,36037
60000,81,54000.0,23321,116.6,6000,54000
80000,81,71904.0,30761,153.8,8096,71904
100000,81,89885.0,35620,178.1,10115,89885
2,82,2.0,1,0.01,0,2
3,82,3.0,1,0.01,0,3
100,82,87.0,44,0.22,13,87
200,82,178.0,110,0.55,22,178
2000,82,1805.0,1048,5.24,195,1805
10000,82,8999.0,4098,20.49,1001,8999
20000,82,17971.0,9928,49.64,2029,17971
40000,82,35870.0,17238,86.19,4130,35870
60000,82,53896.0,21949,109.74,6104,53896
80000,82,71840.0,26435,132.17,8160,71840
100000,82,89790.0,36696,183.48,10210,89790
2,83,1.0,1,0.01,1,1
3,83,2.0,1,0.01,1,2
100,83,86.0,38,0.19,14,86
200,83,177.0,87,0.44,23,177
2000,83,1785.0,1281,6.4,215,1785
10000,83,8964.0,4580,22.9,1036,8964
20000,83,17973.0,6539,32.69,2027,17973
40000,83,36034.0,12085,60.43,3966,36034
60000,83,54022.0,15699,78.5,5978,54022
80000,83,72017.0,17228,86.14,7983,72017
100000,83,89966.0,18222,91.11,10034,89966
2,84,1.0,1,0.01,1,1
3,84,2.0,1,0.01,1,2
100,84,91.0,56,0.28,9,91
200,84,182.0,84,0.42,18,182
2000,84,1797.0,863,4.31,203,1797
10000,84,8999.0,5234,26.17,1001,8999
20000,84,17995.0,8942,44.71,2005,17995
40000,84,35995.0,15718,78.59,4005,35995
60000,84,53945.0,20985,104.92,6055,53945
80000,84,71860.0,25070,125.35,8140,71860
100000,84,89786.0,28234,141.17,10214,89786
2,85,2.0,1,0.01,0,2
3,85,3.0,1,0.01,0,3
100,85,85.0,42,0.21,15,85
200,85,173.0,104,0.52,27,173
2000,85,1801.0,1280,6.4,199,1801
10000,85,8968.0,5955,29.77,1032,8968
20000,85,17979.0,9349,46.75,2021,17979
40000,85,35909.0,15165,75.83,4091,35909
60000,85,53936.0,15873,79.37,6064,53936
80000,85,71873.0,21548,107.74,8127,71873
100000,85,89856.0,26793,133.96,10144,89856
2,86,2.0,1,0.01,0,2
3,86,3.0,1,0.01,0,3
100,86,94.0,50,0.25,6,94
200,86,184.0,89,0.45,16,184
2000,86,1781.0,788,3.94,219,1781
10000,86,8964.0,5127,25.63,1036,8964
20000,86,17937.0,8100,40.5,2063,17937
40000,86,35938.0,12103,60.52,4062,35938
60000,86,53933.0,15641,78.21,6067,53933
80000,86,71993.0,17045,85.22,8007,71993
100000,86,89949.0,27611,138.05,10051,89949
2,87,1.0,1,0.01,1,1
3,87,1.0,2,0.01,2,1
100,87,86.0,35,0.18,14,86
200,87,176.0,83,0.42,24,176
2000,87,1797.0,563,2.81,203,1797
10000,87,8931.0,4536,22.68,1069,8931
20000,87,17877.0,7918,39.59,2123,17877
40000,87,35810.0,13192,65.96,4190,35810
60000,87,53742.0,21884,109.42,6258,53742
80000,87,71649.0,27301,136.5,8351,71649
100000,87,89643.0,31299,156.49,10357,89643
2,88,2.0,1,0.01,0,2
3,88,3.0,1,0.01,0,3
100,88,95.0,47,0.24,5,95
200,88,188.0,92,0.46,12,188
2000,88,1801.0,761,3.8,199,1801
10000,88,8922.0,4476,22.38,1078,8922
20000,88,17925.0,5825,29.12,2075,17925
40000,88,35829.0,14351,71.76,4171,35829
60000,88,53874.0,16684,83.42,6126,53874
80000,88,71857.0,21183,105.91,8143,71857
100000,88,89925.0,23591,117.95,10075,89925
2,89,2.0,1,0.01,0,2
3,89,3.0,1,0.01,0,3
100,89,92.0,39,0.2,8,92
200,89,184.0,71,0.36,16,184
2000,89,1782.0,899,4.49,218,1782
10000,89,8965.0,5791,28.95,1035,8965
20000,89,17958.0,8034,40.17,2042,17958
40000,89,35941.0,12796,63.98,4059,35941
60000,89,53843.0,17058,85.29,6157,53843
80000,89,71812.0,17870,89.35,8188,71812
100000,89,89884.0,20318,101.59,10116,89884
2,90,1.0,1,0.01,1,1
3,90,2.0,2,0.01,1,2
100,90,88.0,47,0.24,12,88
200,90,174.0,111,0.56,26,174
2000,90,1790.0,1156,5.78,210,1790
10000,90,8992.0,4718,23.59,1008,8992
20000,90,17965.0,8874,44.37,2035,17965
40000,90,35938.0,13447,67.24,4062,35938
60000,90,54019.0,14246,71.23,5981,54019
80000,90,71984.0,19603,98.01,8016,71984
100000,90,89874.0,24832,124.16,10126,89874
2,91,2.0,1,0.01,0,2
3,91,3.0,1,0.01,0,3
100,91,96.0,50,0.25,4,96
200,91,185.0,112,0.56,15,185
2000,91,1789.0,1030,5.15,211,1789
10000,91,8988.0,4243,21.22,1012,8988
20000,91,17934.0,7615,38.08,2066,17934
40000,91,35943.0,13739,68.7,4057,35943
60000,91,53913.0,17401,87.0,6087,53913
80000,91,71918.0,19612,98.06,8082,71918
100000,91,89920.0,21043,105.21,10080,89920
2,92,2.0,1,0.01,0,2
3,92,3.0,1,0.01,0,3
100,92,95.0,42,0.21,5,95
200,92,182.0,77,0.39,18,182
2000,92,1787.0,754,3.77,213,1787
10000,92,8992.0,5002,25.01,1008,8992
20000,92,17982.0,7076,35.38,2018,17982
40000,92,35875.0,17294,86.47,4125,35875
60000,92,53854.0,21504,107.52,6146,53854
80000,92,71837.0,30742,153.71,8163,71837
100000,92,89783.0,37118,185.59,10217,89783
2,93,2.0,1,0.01,0,2
3,93,3.0,1,0.01,0,3
100,93,91.0,37,0.19,9,91
200,93,179.0,58,0.29,21,179
2000,93,1806.0,820,4.1,194,1806
10000,93,9025.0,4262,21.31,975,9025
20000,93,17994.0,6949,34.74,2006,17994
40000,93,35895.0,17769,88.84,4105,35895
60000,93,53802.0,26373,131.86,6198,53802
80000,93,71840.0,26859,134.29,8160,71840
100000,93,89853.0,28714,143.57,10147,89853
2,94,2.0,1,0.01,0,2
3,94,3.0,1,0.01,0,3
100,94,87.0,57,0.29,13,87
200,94,171.0,103,0.52,29,171
2000,94,1790.0,1082,5.41,210,1790
10000,94,8971.0,4971,24.85,1029,8971
20000,94,17947.0,8732,43.66,2053,17947
40000,94,35846.0,18415,92.07,4154,35846
60000,94,53734.0,23613,118.06,6266,53734
80000,94,71743.0,24614,123.07,8257,71743
100000,94,89710.0,27999,139.99,10290,89710
2,95,2.0,1,0.01,0,2
3,95,3.0,1,0.01,0,3
100,95,87.0,52,0.26,13,87
200,95,181.0,85,0.43,19,181
2000,95,1805.0,755,3.77,195,1805
10000,95,8951.0,4315,21.57,1049,8951
20000,95,17927.0,7489,37.45,2073,17927
40000,95,35906.0,10894,54.47,4094,35906
60000,95,53798.0,18474,92.37,6202,53798
80000,95,71780.0,22591,112.95,8220,71780
100000,95,89775.0,24033,120.16,10225,89775
2,96,2.0,1,0.01,0,2
3,96,2.0,1,0.01,1,2
100,96,85.0,59,0.3,15,85
200,96,176.0,114,0.57,24,176
2000,96,1800.0,993,4.96,200,1800
10000,96,8999.0,5993,29.96,1001,8999
20000,96,17954.0,13381,66.91,2046,17954
40000,96,36000.0,15827,79.14,4000,36000
60000,96,53930.0,26937,134.68,6070,53930
80000,96,71878.0,33266,166.33,8122,71878
100000,96,89799.0,41102,205.51,10201,89799
2,97,1.0,1,0.01,1,1
3,97,2.0,1,0.01,1,2
100,97,89.0,55,0.28,11,89
200,97,176.0,110,0.55,24,176
2000,97,1815.0,991,4.95,185,1815
10000,97,8948.0,4609,23.04,1052,8948
20000,97,17884.0,8782,43.91,2116,17884
40000,97,35899.0,12312,61.56,4101,35899
60000,97,53882.0,21597,107.98,6118,53882
80000,97,71878.0,28134,140.67,8122,71878
100000,97,89847.0,30267,151.33,10153,89847
2,98,2.0,1,0.01,0,2
3,98,3.0,1,0.01,0,3
100,98,91.0,50,0.25,9,91
200,98,180.0,112,0.56,20,180
2000,98,1784.0,1021,5.1,216,1784
10000,98,8930.0,4208,21.04,1070,8930
20000,98,17919.0,9738,48.69,2081,17919
40000,98,35933.0,11949,59.75,4067,35933
60000,98,53944.0,13691,68.46,6056,53944
80000,98,71900.0,15572,77.86,8100,71900
100000,98,89860.0,22675,113.37,10140,89860
2,99,2.0,1,0.01,0,2
3,99,3.0,1,0.01,0,3
100,99,95.0,54,0.27,5,95
200,99,187.0,90,0.45,13,187
2000,99,1801.0,720,3.6,199,1801
10000,99,8976.0,3596,17.98,1024,8976
20000,99,17898.0,7424,37.12,2102,17898
40000,99,35768.0,15428,77.14,4232,35768
60000,99,53718.0,21652,108.26,6282,53718
80000,99,71720.0,26414,132.07,8280,71720
100000,99,89684.0,29591,147.95,10316,89684
2,100,2.0,1,0.01,0,2
3,100,3.0,1,0.01,0,3
100,100,88.0,42,0.21,12,88
200,100,179.0,113,0.57,21,179
2000,100,1793.0,791,3.95,207,1793
10000,100,8981.0,3868,19.34,1019,8981
20000,100,17980.0,9810,49.05,2020,17980
40000,100,36000.0,21233,106.16,4000,36000
60000,100,53963.0,27230,136.15,6037,53963
80000,100,71937.0,37665,188.32,8063,71937
100000,100,89981.0,40371,201.85,10019,89981
