Timestep,Iteration,Total Reward,Suboptimal Arms,Total Regret,Zeros Count,Ones Count
2,1,1.0,1,0.01,1,1
3,1,1.0,2,0.01,2,1
100,1,49.0,52,0.26,51,49
200,1,91.0,82,0.41,109,91
2000,1,1004.0,1151,5.75,996,1004
10000,1,4992.0,3678,18.39,5008,4992
20000,1,9978.0,8687,43.44,10022,9978
40000,1,19813.0,18879,94.39,20187,19813
60000,1,29789.0,20690,103.45,30211,29789
80000,1,39837.0,36518,182.59,40163,39837
100000,1,49802.0,38574,192.87,50198,49802
2,2,2.0,1,0.01,0,2
3,2,2.0,1,0.01,1,2
100,2,47.0,71,0.36,53,47
200,2,91.0,158,0.79,109,91
2000,2,1013.0,871,4.35,987,1013
10000,2,5004.0,3443,17.22,4996,5004
20000,2,9994.0,5083,25.41,10006,9994
40000,2,20065.0,7719,38.6,19935,20065
60000,2,30036.0,9312,46.56,29964,30036
80000,2,40013.0,9868,49.34,39987,40013
100000,2,50093.0,9892,49.46,49907,50093
2,3,1.0,1,0.01,1,1
3,3,1.0,1,0.01,2,1
100,3,42.0,26,0.13,58,42
200,3,90.0,34,0.17,110,90
2000,3,956.0,1126,5.63,1044,956
10000,3,4867.0,2509,12.55,5133,4867
20000,3,9816.0,7327,36.64,10184,9816
40000,3,19713.0,9657,48.29,20287,19713
60000,3,29703.0,9664,48.32,30297,29703
80000,3,39632.0,15077,75.39,40368,39632
100000,3,49628.0,15077,75.39,50372,49628
2,4,2.0,1,0.01,0,2
3,4,3.0,1,0.01,0,3
100,4,53.0,37,0.19,47,53
200,4,102.0,58,0.29,98,102
2000,4,1002.0,812,4.06,998,1002
10000,4,4996.0,5723,28.61,5004,4996
20000,4,9889.0,10716,53.58,10111,9889
40000,4,19786.0,18018,90.09,20214,19786
60000,4,29606.0,29034,145.17,30394,29606
80000,4,39716.0,29091,145.45,40284,39716
100000,4,49705.0,29091,145.45,50295,49705
2,5,1.0,1,0.01,1,1
3,5,1.0,1,0.01,2,1
100,5,48.0,80,0.4,52,48
200,5,90.0,156,0.78,110,90
2000,5,976.0,1044,5.22,1024,976
10000,5,4936.0,3866,19.33,5064,4936
20000,5,9986.0,4912,24.56,10014,9986
40000,5,19969.0,6349,31.74,20031,19969
60000,5,29988.0,9639,48.2,30012,29988
80000,5,40010.0,15387,76.94,39990,40010
100000,5,50041.0,21998,109.99,49959,50041
2,6,1.0,1,0.01,1,1
3,6,1.0,1,0.01,2,1
100,6,42.0,43,0.22,58,42
200,6,98.0,136,0.68,102,98
2000,6,973.0,963,4.81,1027,973
10000,6,4930.0,3862,19.31,5070,4930
20000,6,9892.0,8614,43.07,10108,9892
40000,6,19820.0,16005,80.02,20180,19820
60000,6,29917.0,17151,85.75,30083,29917
80000,6,39930.0,17436,87.18,40070,39930
100000,6,50026.0,18624,93.12,49974,50026
2,7,1.0,1,0.01,1,1
3,7,2.0,1,0.01,1,2
100,7,45.0,49,0.25,55,45
200,7,95.0,65,0.33,105,95
2000,7,995.0,466,2.33,1005,995
10000,7,4994.0,2500,12.5,5006,4994
20000,7,9961.0,3417,17.09,10039,9961
40000,7,19873.0,6697,33.48,20127,19873
60000,7,29788.0,8179,40.9,30212,29788
80000,7,39742.0,23713,118.56,40258,39742
100000,7,49713.0,42597,212.98,50287,49713
2,8,1.0,1,0.01,1,1
3,8,2.0,2,0.01,1,2
100,8,58.0,45,0.23,42,58
200,8,106.0,109,0.55,94,106
2000,8,1003.0,539,2.69,997,1003
10000,8,5107.0,3347,16.74,4893,5107
20000,8,9964.0,7338,36.69,10036,9964
40000,8,20031.0,17640,88.2,19969,20031
60000,8,30203.0,20694,103.47,29797,30203
80000,8,40341.0,20694,103.47,39659,40341
100000,8,50321.0,23845,119.22,49679,50321
2,9,1.0,1,0.01,1,1
3,9,1.0,1,0.01,2,1
100,9,46.0,52,0.26,54,46
200,9,102.0,60,0.3,98,102
2000,9,1009.0,785,3.92,991,1009
10000,9,4942.0,2613,13.07,5058,4942
20000,9,9912.0,7643,38.22,10088,9912
40000,9,19940.0,21524,107.62,20060,19940
60000,9,29924.0,26784,133.92,30076,29924
80000,9,39818.0,28790,143.95,40182,39818
100000,9,49637.0,32325,161.62,50363,49637
2,10,2.0,1,0.01,0,2
3,10,3.0,1,0.01,0,3
100,10,48.0,60,0.3,52,48
200,10,92.0,83,0.42,108,92
2000,10,974.0,666,3.33,1026,974
10000,10,4979.0,2819,14.1,5021,4979
20000,10,9921.0,8035,40.18,10079,9921
40000,10,19840.0,11548,57.74,20160,19840
60000,10,29868.0,13696,68.48,30132,29868
80000,10,39908.0,13850,69.25,40092,39908
100000,10,49903.0,14036,70.18,50097,49903
2,11,2.0,1,0.01,0,2
3,11,2.0,1,0.01,1,2
100,11,56.0,67,0.34,44,56
200,11,112.0,128,0.64,88,112
2000,11,1029.0,1038,5.19,971,1029
10000,11,5014.0,3264,16.32,4986,5014
20000,11,9997.0,4020,20.1,10003,9997
40000,11,20037.0,6821,34.1,19963,20037
60000,11,29969.0,7897,39.49,30031,29969
80000,11,39956.0,8337,41.69,40044,39956
100000,11,49817.0,12431,62.16,50183,49817
2,12,2.0,1,0.01,0,2
3,12,2.0,1,0.01,1,2
100,12,49.0,43,0.22,51,49
200,12,92.0,62,0.31,108,92
2000,12,1012.0,303,1.51,988,1012
10000,12,5044.0,3560,17.8,4956,5044
20000,12,9959.0,7812,39.06,10041,9959
40000,12,20014.0,13636,68.18,19986,20014
60000,12,30005.0,19613,98.06,29995,30005
80000,12,40005.0,22826,114.13,39995,40005
100000,12,50164.0,23326,116.63,49836,50164
2,13,2.0,1,0.01,0,2
3,13,3.0,1,0.01,0,3
100,13,49.0,57,0.29,51,49
200,13,104.0,125,0.63,96,104
2000,13,961.0,1171,5.85,1039,961
10000,13,5009.0,1575,7.87,4991,5009
20000,13,10040.0,4831,24.15,9960,10040
40000,13,19930.0,8170,40.85,20070,19930
60000,13,30025.0,8592,42.96,29975,30025
80000,13,39884.0,15663,78.32,40116,39884
100000,13,49785.0,19079,95.39,50215,49785
2,14,1.0,1,0.01,1,1
3,14,2.0,1,0.01,1,2
100,14,53.0,78,0.39,47,53
200,14,100.0,153,0.77,100,100
2000,14,1022.0,1370,6.85,978,1022
10000,14,4998.0,4663,23.31,5002,4998
20000,14,9986.0,8088,40.44,10014,9986
40000,14,19807.0,13667,68.34,20193,19807
60000,14,29712.0,17105,85.52,30288,29712
80000,14,39616.0,18244,91.22,40384,39616
100000,14,49501.0,20663,103.31,50499,49501
2,15,2.0,1,0.01,0,2
3,15,2.0,1,0.01,1,2
100,15,54.0,55,0.28,46,54
200,15,103.0,128,0.64,97,103
2000,15,998.0,1022,5.11,1002,998
10000,15,4918.0,4019,20.1,5082,4918
20000,15,9956.0,5207,26.03,10044,9956
40000,15,19798.0,14511,72.56,20202,19798
60000,15,29762.0,25660,128.3,30238,29762
80000,15,39762.0,25737,128.68,40238,39762
100000,15,49775.0,27177,135.88,50225,49775
2,16,1.0,1,0.01,1,1
3,16,2.0,1,0.01,1,2
100,16,60.0,55,0.28,40,60
200,16,116.0,96,0.48,84,116
2000,16,1055.0,1184,5.92,945,1055
10000,16,5058.0,4794,23.97,4942,5058
20000,16,10048.0,9046,45.23,9952,10048
40000,16,19968.0,18254,91.27,20032,19968
60000,16,30080.0,19906,99.53,29920,30080
80000,16,40018.0,27369,136.84,39982,40018
100000,16,50069.0,28447,142.23,49931,50069
2,17,0.0,1,0.01,2,0
3,17,1.0,1,0.01,2,1
100,17,48.0,43,0.22,52,48
200,17,101.0,79,0.4,99,101
2000,17,1025.0,1277,6.38,975,1025
10000,17,5101.0,3611,18.06,4899,5101
20000,17,9990.0,7041,35.2,10010,9990
40000,17,19912.0,17467,87.33,20088,19912
60000,17,29859.0,21212,106.06,30141,29859
80000,17,39872.0,23309,116.54,40128,39872
100000,17,49919.0,24545,122.72,50081,49919
2,18,2.0,1,0.01,0,2
3,18,3.0,1,0.01,0,3
100,18,53.0,32,0.16,47,53
200,18,105.0,75,0.38,95,105
2000,18,1013.0,657,3.28,987,1013
10000,18,5013.0,3205,16.03,4987,5013
20000,18,9898.0,7666,38.33,10102,9898
40000,18,19988.0,9379,46.9,20012,19988
60000,18,30000.0,9617,48.09,30000,30000
80000,18,39933.0,17033,85.16,40067,39933
100000,18,49830.0,21770,108.85,50170,49830
2,19,2.0,1,0.01,0,2
3,19,2.0,1,0.01,1,2
100,19,43.0,61,0.31,57,43
200,19,91.0,134,0.67,109,91
2000,19,947.0,991,4.95,1053,947
10000,19,4854.0,5251,26.25,5146,4854
20000,19,9812.0,6718,33.59,10188,9812
40000,19,19632.0,10649,53.25,20368,19632
60000,19,29560.0,11043,55.22,30440,29560
80000,19,39515.0,12265,61.33,40485,39515
100000,19,49437.0,12531,62.66,50563,49437
2,20,0.0,1,0.01,2,0
3,20,1.0,1,0.01,2,1
100,20,57.0,33,0.17,43,57
200,20,109.0,62,0.31,91,109
2000,20,973.0,1217,6.08,1027,973
10000,20,4952.0,2726,13.63,5048,4952
20000,20,9967.0,4653,23.26,10033,9967
40000,20,19886.0,10303,51.52,20114,19886
60000,20,29943.0,12840,64.2,30057,29943
80000,20,39943.0,13257,66.29,40057,39943
100000,20,49987.0,21500,107.5,50013,49987
2,21,0.0,1,0.01,2,0
3,21,0.0,1,0.01,3,0
100,21,45.0,75,0.38,55,45
200,21,96.0,87,0.44,104,96
2000,21,994.0,1073,5.36,1006,994
10000,21,5013.0,4872,24.36,4987,5013
20000,21,9918.0,10614,53.07,10082,9918
40000,21,19938.0,14047,70.24,20062,19938
60000,21,29939.0,18203,91.01,30061,29939
80000,21,39857.0,26481,132.4,40143,39857
100000,21,49952.0,27726,138.63,50048,49952
2,22,1.0,1,0.01,1,1
3,22,1.0,2,0.01,2,1
100,22,51.0,73,0.37,49,51
200,22,100.0,141,0.71,100,100
2000,22,992.0,1376,6.88,1008,992
10000,22,4925.0,6621,33.1,5075,4925
20000,22,9831.0,10917,54.59,10169,9831
40000,22,19792.0,29104,145.52,20208,19792
60000,22,29777.0,34788,173.94,30223,29777
80000,22,39866.0,34788,173.94,40134,39866
100000,22,49914.0,34788,173.94,50086,49914
2,23,2.0,1,0.01,0,2
3,23,2.0,1,0.01,1,2
100,23,53.0,41,0.21,47,53
200,23,105.0,76,0.38,95,105
2000,23,979.0,366,1.83,1021,979
10000,23,5005.0,2994,14.97,4995,5005
20000,23,10033.0,3939,19.7,9967,10033
40000,23,20099.0,7015,35.07,19901,20099
60000,23,30295.0,7070,35.35,29705,30295
80000,23,40198.0,12680,63.4,39802,40198
100000,23,50162.0,15023,75.12,49838,50162
2,24,1.0,1,0.01,1,1
3,24,2.0,2,0.01,1,2
100,24,55.0,75,0.38,45,55
200,24,112.0,147,0.74,88,112
2000,24,1001.0,650,3.25,999,1001
10000,24,4932.0,4074,20.37,5068,4932
20000,24,9975.0,7635,38.18,10025,9975
40000,24,19976.0,11800,59.0,20024,19976
60000,24,29982.0,16189,80.94,30018,29982
80000,24,39860.0,26289,131.44,40140,39860
100000,24,49829.0,27506,137.53,50171,49829
2,25,0.0,1,0.01,2,0
3,25,1.0,1,0.01,2,1
100,25,52.0,37,0.19,48,52
200,25,101.0,67,0.34,99,101
2000,25,962.0,569,2.84,1038,962
10000,25,4902.0,5672,28.36,5098,4902
20000,25,9821.0,13322,66.61,10179,9821
40000,25,19701.0,19722,98.61,20299,19701
60000,25,29679.0,21511,107.55,30321,29679
80000,25,39666.0,21511,107.55,40334,39666
100000,25,49607.0,21895,109.47,50393,49607
2,26,2.0,1,0.01,0,2
3,26,3.0,1,0.01,0,3
100,26,43.0,67,0.34,57,43
200,26,93.0,128,0.64,107,93
2000,26,970.0,1568,7.84,1030,970
10000,26,4958.0,3634,18.17,5042,4958
20000,26,9951.0,4274,21.37,10049,9951
40000,26,19914.0,17811,89.05,20086,19914
60000,26,29730.0,33740,168.7,30270,29730
80000,26,39664.0,35594,177.97,40336,39664
100000,26,49562.0,42197,210.98,50438,49562
2,27,0.0,1,0.01,2,0
3,27,0.0,1,0.01,3,0
100,27,50.0,13,0.07,50,50
200,27,97.0,17,0.09,103,97
2000,27,1025.0,697,3.48,975,1025
10000,27,5040.0,2435,12.18,4960,5040
20000,27,10017.0,5578,27.89,9983,10017
40000,27,19883.0,15944,79.72,20117,19883
60000,27,29870.0,19145,95.72,30130,29870
80000,27,39898.0,23576,117.88,40102,39898
100000,27,49761.0,26161,130.8,50239,49761
2,28,1.0,1,0.01,1,1
3,28,1.0,1,0.01,2,1
100,28,54.0,32,0.16,46,54
200,28,105.0,56,0.28,95,105
2000,28,1017.0,828,4.14,983,1017
10000,28,4949.0,4101,20.51,5051,4949
20000,28,9962.0,4836,24.18,10038,9962
40000,28,19859.0,9399,47.0,20141,19859
60000,28,29807.0,13070,65.35,30193,29807
80000,28,39835.0,14970,74.85,40165,39835
100000,28,49722.0,17703,88.51,50278,49722
2,29,1.0,1,0.01,1,1
3,29,2.0,2,0.01,1,2
100,29,54.0,29,0.15,46,54
200,29,103.0,56,0.28,97,103
2000,29,992.0,551,2.75,1008,992
10000,29,4874.0,4040,20.2,5126,4874
20000,29,9906.0,13971,69.86,10094,9906
40000,29,19925.0,30349,151.74,20075,19925
60000,29,29924.0,39795,198.97,30076,29924
80000,29,39953.0,47124,235.62,40047,39953
100000,29,49962.0,47124,235.62,50038,49962
2,30,1.0,1,0.01,1,1
3,30,1.0,1,0.01,2,1
100,30,49.0,23,0.12,51,49
200,30,102.0,27,0.14,98,102
2000,30,959.0,681,3.4,1041,959
10000,30,4917.0,4257,21.29,5083,4917
20000,30,9850.0,6099,30.49,10150,9850
40000,30,19811.0,13431,67.16,20189,19811
60000,30,29831.0,13611,68.06,30169,29831
80000,30,39814.0,15417,77.09,40186,39814
100000,30,49867.0,15417,77.09,50133,49867
2,31,2.0,1,0.01,0,2
3,31,3.0,1,0.01,0,3
100,31,55.0,48,0.24,45,55
200,31,115.0,103,0.52,85,115
2000,31,990.0,1327,6.63,1010,990
10000,31,5037.0,4172,20.86,4963,5037
20000,31,10019.0,8035,40.18,9981,10019
40000,31,19872.0,16304,81.52,20128,19872
60000,31,29790.0,28218,141.09,30210,29790
80000,31,39775.0,31723,158.61,40225,39775
100000,31,49713.0,34123,170.61,50287,49713
2,32,0.0,1,0.01,2,0
3,32,1.0,1,0.01,2,1
100,32,51.0,36,0.18,49,51
200,32,102.0,97,0.49,98,102
2000,32,978.0,904,4.52,1022,978
10000,32,4997.0,1417,7.08,5003,4997
20000,32,10057.0,7989,39.95,9943,10057
40000,32,19973.0,16798,83.99,20027,19973
60000,32,29765.0,24407,122.03,30235,29765
80000,32,39682.0,29628,148.14,40318,39682
100000,32,49724.0,29629,148.14,50276,49724
2,33,0.0,1,0.01,2,0
3,33,1.0,1,0.01,2,1
100,33,44.0,46,0.23,56,44
200,33,87.0,67,0.34,113,87
2000,33,972.0,975,4.87,1028,972
10000,33,4939.0,2986,14.93,5061,4939
20000,33,9997.0,7695,38.48,10003,9997
40000,33,19847.0,11152,55.76,20153,19847
60000,33,29724.0,12283,61.42,30276,29724
80000,33,39626.0,20862,104.31,40374,39626
100000,33,49611.0,23762,118.81,50389,49611
2,34,1.0,1,0.01,1,1
3,34,1.0,2,0.01,2,1
100,34,48.0,38,0.19,52,48
200,34,99.0,75,0.38,101,99
2000,34,972.0,1054,5.27,1028,972
10000,34,5007.0,4173,20.87,4993,5007
20000,34,9914.0,7062,35.31,10086,9914
40000,34,19795.0,20421,102.1,20205,19795
60000,34,29687.0,26600,133.0,30313,29687
80000,34,39674.0,26600,133.0,40326,39674
100000,34,49654.0,27005,135.02,50346,49654
2,35,2.0,1,0.01,0,2
3,35,2.0,1,0.01,1,2
100,35,49.0,36,0.18,51,49
200,35,102.0,56,0.28,98,102
2000,35,991.0,1016,5.08,1009,991
10000,35,4954.0,6022,30.11,5046,4954
20000,35,9989.0,12075,60.38,10011,9989
40000,35,19983.0,28071,140.35,20017,19983
60000,35,29843.0,39275,196.37,30157,29843
80000,35,39763.0,47768,238.84,40237,39763
100000,35,49648.0,58038,290.19,50352,49648
2,36,1.0,1,0.01,1,1
3,36,1.0,1,0.01,2,1
100,36,45.0,59,0.3,55,45
200,36,100.0,138,0.69,100,100
2000,36,991.0,659,3.29,1009,991
10000,36,4973.0,3201,16.01,5027,4973
20000,36,9944.0,10203,51.02,10056,9944
40000,36,19853.0,19037,95.18,20147,19853
60000,36,29818.0,23257,116.28,30182,29818
80000,36,39707.0,24910,124.55,40293,39707
100000,36,49567.0,27173,135.86,50433,49567
2,37,1.0,1,0.01,1,1
3,37,1.0,1,0.01,2,1
100,37,41.0,28,0.14,59,41
200,37,92.0,31,0.16,108,92
2000,37,984.0,1360,6.8,1016,984
10000,37,5026.0,3233,16.17,4974,5026
20000,37,10035.0,4684,23.42,9965,10035
40000,37,19963.0,17494,87.47,20037,19963
60000,37,30042.0,23582,117.91,29958,30042
80000,37,40109.0,26380,131.9,39891,40109
100000,37,49969.0,37704,188.52,50031,49969
2,38,1.0,1,0.01,1,1
3,38,1.0,2,0.01,2,1
100,38,52.0,40,0.2,48,52
200,38,96.0,77,0.39,104,96
2000,38,966.0,753,3.76,1034,966
10000,38,5011.0,1707,8.53,4989,5011
20000,38,9990.0,2271,11.36,10010,9990
40000,38,19973.0,6441,32.2,20027,19973
60000,38,29843.0,17106,85.53,30157,29843
80000,38,39745.0,21270,106.35,40255,39745
100000,38,49834.0,21270,106.35,50166,49834
2,39,1.0,1,0.01,1,1
3,39,2.0,2,0.01,1,2
100,39,54.0,45,0.23,46,54
200,39,102.0,114,0.57,98,102
2000,39,1008.0,1265,6.32,992,1008
10000,39,4974.0,5599,27.99,5026,4974
20000,39,9923.0,8855,44.28,10077,9923
40000,39,20038.0,11378,56.89,19962,20038
60000,39,30001.0,11955,59.78,29999,30001
80000,39,40097.0,12016,60.08,39903,40097
100000,39,50152.0,21057,105.28,49848,50152
2,40,2.0,1,0.01,0,2
3,40,3.0,1,0.01,0,3
100,40,40.0,71,0.36,60,40
200,40,93.0,154,0.77,107,93
2000,40,973.0,1682,8.41,1027,973
10000,40,4986.0,4009,20.05,5014,4986
20000,40,9972.0,8019,40.1,10028,9972
40000,40,19958.0,19414,97.07,20042,19958
60000,40,30011.0,27901,139.5,29989,30011
80000,40,40036.0,29188,145.94,39964,40036
100000,40,50127.0,30476,152.38,49873,50127
2,41,0.0,1,0.01,2,0
3,41,0.0,1,0.01,3,0
100,41,57.0,57,0.29,43,57
200,41,113.0,128,0.64,87,113
2000,41,1006.0,1278,6.39,994,1006
10000,41,4926.0,4444,22.22,5074,4926
20000,41,9875.0,6178,30.89,10125,9875
40000,41,19812.0,7078,35.39,20188,19812
60000,41,29669.0,12293,61.47,30331,29669
80000,41,39694.0,13013,65.07,40306,39694
100000,41,49607.0,13413,67.07,50393,49607
2,42,1.0,1,0.01,1,1
3,42,2.0,2,0.01,1,2
100,42,58.0,50,0.25,42,58
200,42,109.0,68,0.34,91,109
2000,42,991.0,532,2.66,1009,991
10000,42,4924.0,3368,16.84,5076,4924
20000,42,9895.0,4301,21.51,10105,9895
40000,42,19972.0,5083,25.41,20028,19972
60000,42,30011.0,5148,25.74,29989,30011
80000,42,40042.0,5151,25.75,39958,40042
100000,42,50217.0,6308,31.54,49783,50217
2,43,0.0,1,0.01,2,0
3,43,0.0,1,0.01,3,0
100,43,49.0,52,0.26,51,49
200,43,95.0,123,0.62,105,95
2000,43,1014.0,1109,5.54,986,1014
10000,43,4947.0,4739,23.69,5053,4947
20000,43,9875.0,10128,50.64,10125,9875
40000,43,19796.0,18305,91.52,20204,19796
60000,43,29697.0,35525,177.62,30303,29697
80000,43,39644.0,39527,197.63,40356,39644
100000,43,49628.0,42184,210.92,50372,49628
2,44,1.0,1,0.01,1,1
3,44,1.0,1,0.01,2,1
100,44,48.0,69,0.35,52,48
200,44,85.0,150,0.75,115,85
2000,44,994.0,492,2.46,1006,994
10000,44,4877.0,3266,16.33,5123,4877
20000,44,9893.0,10837,54.19,10107,9893
40000,44,19676.0,28097,140.48,20324,19676
60000,44,29574.0,40123,200.61,30426,29574
80000,44,39577.0,40123,200.61,40423,39577
100000,44,49683.0,40123,200.61,50317,49683
2,45,1.0,1,0.01,1,1
3,45,2.0,1,0.01,1,2
100,45,56.0,34,0.17,44,56
200,45,118.0,57,0.29,82,118
2000,45,1014.0,388,1.94,986,1014
10000,45,5078.0,1212,6.06,4922,5078
20000,45,10069.0,2146,10.73,9931,10069
40000,45,20151.0,8058,40.29,19849,20151
60000,45,30049.0,17375,86.87,29951,30049
80000,45,40014.0,19116,95.58,39986,40014
100000,45,50017.0,20212,101.06,49983,50017
2,46,1.0,1,0.01,1,1
3,46,1.0,1,0.01,2,1
100,46,51.0,34,0.17,49,51
200,46,98.0,64,0.32,102,98
2000,46,1006.0,302,1.51,994,1006
10000,46,5014.0,876,4.38,4986,5014
20000,46,10006.0,1093,5.46,9994,10006
40000,46,20048.0,1108,5.54,19952,20048
60000,46,29998.0,8450,42.25,30002,29998
80000,46,40103.0,8458,42.29,39897,40103
100000,46,50102.0,14349,71.75,49898,50102
2,47,2.0,1,0.01,0,2
3,47,2.0,1,0.01,1,2
100,47,57.0,52,0.26,43,57
200,47,105.0,116,0.58,95,105
2000,47,969.0,1027,5.13,1031,969
10000,47,4925.0,4490,22.45,5075,4925
20000,47,9856.0,7722,38.61,10144,9856
40000,47,19783.0,12928,64.64,20217,19783
60000,47,29788.0,13184,65.92,30212,29788
80000,47,39656.0,14447,72.24,40344,39656
100000,47,49642.0,18743,93.71,50358,49642
2,48,1.0,1,0.01,1,1
3,48,2.0,2,0.01,1,2
100,48,50.0,91,0.46,50,50
200,48,95.0,176,0.88,105,95
2000,48,999.0,781,3.9,1001,999
10000,48,5007.0,2549,12.75,4993,5007
20000,48,9960.0,5989,29.94,10040,9960
40000,48,19904.0,9650,48.25,20096,19904
60000,48,29804.0,10976,54.88,30196,29804
80000,48,39745.0,13044,65.22,40255,39745
100000,48,49697.0,19749,98.74,50303,49697
2,49,0.0,1,0.01,2,0
3,49,0.0,1,0.01,3,0
100,49,50.0,68,0.34,50,50
200,49,96.0,156,0.78,104,96
2000,49,992.0,666,3.33,1008,992
10000,49,4939.0,4519,22.59,5061,4939
20000,49,9962.0,8074,40.37,10038,9962
40000,49,19926.0,11813,59.07,20074,19926
60000,49,29911.0,12999,65.0,30089,29911
80000,49,39826.0,16635,83.17,40174,39826
100000,49,49741.0,18731,93.65,50259,49741
2,50,1.0,1,0.01,1,1
3,50,1.0,2,0.01,2,1
100,50,44.0,40,0.2,56,44
200,50,95.0,50,0.25,105,95
2000,50,1036.0,776,3.88,964,1036
10000,50,5050.0,3391,16.96,4950,5050
20000,50,9985.0,5807,29.03,10015,9985
40000,50,20030.0,17183,85.91,19970,20030
60000,50,29938.0,22559,112.79,30062,29938
80000,50,39933.0,25288,126.44,40067,39933
100000,50,49852.0,28421,142.1,50148,49852
2,51,0.0,1,0.01,2,0
3,51,1.0,1,0.01,2,1
100,51,45.0,41,0.21,55,45
200,51,92.0,81,0.41,108,92
2000,51,962.0,1122,5.61,1038,962
10000,51,4973.0,5599,27.99,5027,4973
20000,51,9952.0,11313,56.57,10048,9952
40000,51,19913.0,18631,93.15,20087,19913
60000,51,29825.0,30745,153.72,30175,29825
80000,51,39741.0,42611,213.05,40259,39741
100000,51,49789.0,46434,232.17,50211,49789
2,52,1.0,1,0.01,1,1
3,52,1.0,1,0.01,2,1
100,52,48.0,35,0.18,52,48
200,52,101.0,79,0.4,99,101
2000,52,1026.0,1305,6.52,974,1026
10000,52,5041.0,5119,25.59,4959,5041
20000,52,10062.0,11411,57.06,9938,10062
40000,52,20037.0,19328,96.64,19963,20037
60000,52,30141.0,22705,113.52,29859,30141
80000,52,40117.0,33356,166.78,39883,40117
100000,52,50147.0,38509,192.54,49853,50147
2,53,2.0,1,0.01,0,2
3,53,2.0,1,0.01,1,2
100,53,53.0,37,0.19,47,53
200,53,104.0,113,0.57,96,104
2000,53,980.0,886,4.43,1020,980
10000,53,4964.0,2978,14.89,5036,4964
20000,53,9956.0,4552,22.76,10044,9956
40000,53,20092.0,12509,62.55,19908,20092
60000,53,30063.0,17021,85.1,29937,30063
80000,53,39937.0,19426,97.13,40063,39937
100000,53,49867.0,22350,111.75,50133,49867
2,54,2.0,1,0.01,0,2
3,54,2.0,1,0.01,1,2
100,54,54.0,47,0.24,46,54
200,54,97.0,80,0.4,103,97
2000,54,1020.0,901,4.5,980,1020
10000,54,4975.0,3406,17.03,5025,4975
20000,54,9964.0,5669,28.34,10036,9964
40000,54,20090.0,10058,50.29,19910,20090
60000,54,30046.0,16884,84.42,29954,30046
80000,54,40112.0,26911,134.55,39888,40112
100000,54,49958.0,33079,165.39,50042,49958
2,55,0.0,1,0.01,2,0
3,55,1.0,1,0.01,2,1
100,55,51.0,52,0.26,49,51
200,55,105.0,82,0.41,95,105
2000,55,980.0,1139,5.69,1020,980
10000,55,5021.0,3730,18.65,4979,5021
20000,55,10021.0,7415,37.08,9979,10021
40000,55,19980.0,16932,84.66,20020,19980
60000,55,29832.0,19505,97.52,30168,29832
80000,55,39778.0,29743,148.71,40222,39778
100000,55,49713.0,31588,157.94,50287,49713
2,56,1.0,1,0.01,1,1
3,56,1.0,2,0.01,2,1
100,56,53.0,57,0.29,47,53
200,56,113.0,78,0.39,87,113
2000,56,1003.0,1115,5.57,997,1003
10000,56,4942.0,5965,29.82,5058,4942
20000,56,9905.0,10207,51.04,10095,9905
40000,56,19973.0,19418,97.09,20027,19973
60000,56,29944.0,28334,141.67,30056,29944
80000,56,40035.0,28480,142.4,39965,40035
100000,56,49987.0,33396,166.98,50013,49987
2,57,2.0,1,0.01,0,2
3,57,2.0,1,0.01,1,2
100,57,48.0,56,0.28,52,48
200,57,106.0,89,0.45,94,106
2000,57,999.0,943,4.71,1001,999
10000,57,4949.0,4533,22.66,5051,4949
20000,57,9943.0,8347,41.74,10057,9943
40000,57,19911.0,19410,97.05,20089,19911
60000,57,29843.0,25633,128.16,30157,29843
80000,57,39816.0,29483,147.41,40184,39816
100000,57,49716.0,37546,187.73,50284,49716
2,58,2.0,1,0.01,0,2
3,58,2.0,1,0.01,1,2
100,58,50.0,62,0.31,50,50
200,58,98.0,130,0.65,102,98
2000,58,979.0,726,3.63,1021,979
10000,58,4961.0,5137,25.68,5039,4961
20000,58,9868.0,9378,46.89,10132,9868
40000,58,19784.0,18945,94.72,20216,19784
60000,58,29586.0,32569,162.84,30414,29586
80000,58,39443.0,42705,213.52,40557,39443
100000,58,49318.0,61584,307.92,50682,49318
2,59,0.0,1,0.01,2,0
3,59,1.0,1,0.01,2,1
100,59,45.0,47,0.24,55,45
200,59,89.0,83,0.42,111,89
2000,59,982.0,464,2.32,1018,982
10000,59,5070.0,5181,25.9,4930,5070
20000,59,10028.0,10306,51.53,9972,10028
40000,59,20081.0,13917,69.59,19919,20081
60000,59,29974.0,23000,115.0,30026,29974
80000,59,39918.0,29497,147.48,40082,39918
100000,59,49836.0,32869,164.34,50164,49836
2,60,1.0,1,0.01,1,1
3,60,1.0,2,0.01,2,1
100,60,46.0,41,0.21,54,46
200,60,95.0,103,0.52,105,95
2000,60,1022.0,624,3.12,978,1022
10000,60,5047.0,2375,11.88,4953,5047
20000,60,10139.0,5699,28.49,9861,10139
40000,60,20105.0,13521,67.61,19895,20105
60000,60,30029.0,18918,94.59,29971,30029
80000,60,39975.0,23374,116.87,40025,39975
100000,60,49868.0,32065,160.32,50132,49868
2,61,0.0,1,0.01,2,0
3,61,1.0,1,0.01,2,1
100,61,38.0,38,0.19,62,38
200,61,83.0,123,0.62,117,83
2000,61,964.0,654,3.27,1036,964
10000,61,4940.0,1062,5.31,5060,4940
20000,61,10041.0,1062,5.31,9959,10041
40000,61,20000.0,6817,34.08,20000,20000
60000,61,29946.0,11364,56.82,30054,29946
80000,61,39952.0,12632,63.16,40048,39952
100000,61,49912.0,24825,124.12,50088,49912
2,62,1.0,1,0.01,1,1
3,62,1.0,2,0.01,2,1
100,62,48.0,47,0.24,52,48
200,62,93.0,82,0.41,107,93
2000,62,999.0,837,4.18,1001,999
10000,62,4982.0,4044,20.22,5018,4982
20000,62,9882.0,6851,34.25,10118,9882
40000,62,19693.0,12622,63.11,20307,19693
60000,62,29625.0,13436,67.18,30375,29625
80000,62,39580.0,15330,76.65,40420,39580
100000,62,49465.0,16311,81.55,50535,49465
2,63,1.0,1,0.01,1,1
3,63,1.0,2,0.01,2,1
100,63,51.0,33,0.17,49,51
200,63,103.0,54,0.27,97,103
2000,63,1019.0,555,2.77,981,1019
10000,63,4977.0,2344,11.72,5023,4977
20000,63,9930.0,3233,16.17,10070,9930
40000,63,19948.0,11804,59.02,20052,19948
60000,63,29856.0,21876,109.38,30144,29856
80000,63,39916.0,22155,110.77,40084,39916
100000,63,50073.0,22155,110.77,49927,50073
2,64,0.0,1,0.01,2,0
3,64,0.0,1,0.01,3,0
100,64,44.0,57,0.29,56,44
200,64,101.0,139,0.7,99,101
2000,64,1004.0,1146,5.73,996,1004
10000,64,5032.0,5518,27.59,4968,5032
20000,64,10050.0,8423,42.12,9950,10050
40000,64,19941.0,13522,67.61,20059,19941
60000,64,29901.0,26988,134.94,30099,29901
80000,64,39855.0,30063,150.31,40145,39855
100000,64,49853.0,45076,225.38,50147,49853
2,65,2.0,1,0.01,0,2
3,65,2.0,1,0.01,1,2
100,65,43.0,44,0.22,57,43
200,65,94.0,104,0.52,106,94
2000,65,1008.0,906,4.53,992,1008
10000,65,5030.0,1763,8.81,4970,5030
20000,65,10043.0,5385,26.92,9957,10043
40000,65,20061.0,9469,47.35,19939,20061
60000,65,30075.0,10613,53.07,29925,30075
80000,65,40099.0,11501,57.51,39901,40099
100000,65,50121.0,12108,60.54,49879,50121
2,66,0.0,1,0.01,2,0
3,66,0.0,1,0.01,3,0
100,66,61.0,58,0.29,39,61
200,66,110.0,122,0.61,90,110
2000,66,1001.0,717,3.58,999,1001
10000,66,5050.0,1251,6.25,4950,5050
20000,66,10105.0,2300,11.5,9895,10105
40000,66,20080.0,10128,50.64,19920,20080
60000,66,29912.0,14003,70.02,30088,29912
80000,66,39861.0,15626,78.13,40139,39861
100000,66,49839.0,33813,169.06,50161,49839
2,67,2.0,1,0.01,0,2
3,67,2.0,1,0.01,1,2
100,67,51.0,36,0.18,49,51
200,67,108.0,57,0.29,92,108
2000,67,975.0,892,4.46,1025,975
10000,67,4971.0,5174,25.87,5029,4971
20000,67,9938.0,9656,48.28,10062,9938
40000,67,19950.0,11505,57.53,20050,19950
60000,67,29924.0,20397,101.98,30076,29924
80000,67,39908.0,32751,163.75,40092,39908
100000,67,49896.0,44232,221.16,50104,49896
2,68,1.0,1,0.01,1,1
3,68,2.0,2,0.01,1,2
100,68,46.0,88,0.44,54,46
200,68,104.0,187,0.94,96,104
2000,68,992.0,1016,5.08,1008,992
10000,68,4968.0,5143,25.71,5032,4968
20000,68,9904.0,11334,56.67,10096,9904
40000,68,19683.0,25171,125.85,20317,19683
60000,68,29555.0,31043,155.21,30445,29555
80000,68,39463.0,48627,243.13,40537,39463
100000,68,49461.0,50565,252.82,50539,49461
2,69,2.0,1,0.01,0,2
3,69,2.0,1,0.01,1,2
100,69,46.0,52,0.26,54,46
200,69,98.0,115,0.58,102,98
2000,69,949.0,1257,6.28,1051,949
10000,69,4921.0,3730,18.65,5079,4921
20000,69,9902.0,3869,19.35,10098,9902
40000,69,19872.0,6923,34.61,20128,19872
60000,69,29810.0,9175,45.88,30190,29810
80000,69,39768.0,9426,47.13,40232,39768
100000,69,49741.0,11930,59.65,50259,49741
2,70,0.0,1,0.01,2,0
3,70,1.0,1,0.01,2,1
100,70,53.0,42,0.21,47,53
200,70,97.0,66,0.33,103,97
2000,70,986.0,914,4.57,1014,986
10000,70,5033.0,2449,12.25,4967,5033
20000,70,9994.0,3628,18.14,10006,9994
40000,70,20066.0,6367,31.83,19934,20066
60000,70,30187.0,6630,33.15,29813,30187
80000,70,40275.0,6771,33.85,39725,40275
100000,70,50312.0,6886,34.43,49688,50312
2,71,0.0,1,0.01,2,0
3,71,0.0,1,0.01,3,0
100,71,52.0,40,0.2,48,52
200,71,109.0,118,0.59,91,109
2000,71,971.0,1104,5.52,1029,971
10000,71,4962.0,7264,36.32,5038,4962
20000,71,9911.0,11627,58.14,10089,9911
40000,71,19897.0,16432,82.16,20103,19897
60000,71,29903.0,23509,117.54,30097,29903
80000,71,40029.0,23509,117.54,39971,40029
100000,71,49939.0,32761,163.8,50061,49939
2,72,1.0,1,0.01,1,1
3,72,1.0,1,0.01,2,1
100,72,50.0,43,0.22,50,50
200,72,104.0,77,0.39,96,104
2000,72,1020.0,1065,5.32,980,1020
10000,72,4980.0,4053,20.27,5020,4980
20000,72,9995.0,11372,56.86,10005,9995
40000,72,19864.0,25471,127.35,20136,19864
60000,72,29872.0,31398,156.99,30128,29872
80000,72,40029.0,31750,158.75,39971,40029
100000,72,50256.0,31750,158.75,49744,50256
2,73,2.0,1,0.01,0,2
3,73,2.0,1,0.01,1,2
100,73,42.0,76,0.38,58,42
200,73,87.0,160,0.8,113,87
2000,73,994.0,639,3.19,1006,994
10000,73,4988.0,3347,16.74,5012,4988
20000,73,10016.0,10384,51.92,9984,10016
40000,73,19945.0,14547,72.74,20055,19945
60000,73,29983.0,18417,92.08,30017,29983
80000,73,40014.0,25035,125.17,39986,40014
100000,73,50077.0,36702,183.51,49923,50077
2,74,2.0,1,0.01,0,2
3,74,3.0,1,0.01,0,3
100,74,39.0,46,0.23,61,39
200,74,89.0,117,0.59,111,89
2000,74,990.0,867,4.33,1010,990
10000,74,5003.0,4542,22.71,4997,5003
20000,74,10003.0,9956,49.78,9997,10003
40000,74,19895.0,19153,95.76,20105,19895
60000,74,29777.0,32897,164.48,30223,29777
80000,74,39670.0,42159,210.79,40330,39670
100000,74,49696.0,42462,212.31,50304,49696
2,75,1.0,1,0.01,1,1
3,75,2.0,2,0.01,1,2
100,75,57.0,64,0.32,43,57
200,75,106.0,149,0.75,94,106
2000,75,1022.0,588,2.94,978,1022
10000,75,5040.0,3295,16.48,4960,5040
20000,75,10031.0,4734,23.67,9969,10031
40000,75,19979.0,10918,54.59,20021,19979
60000,75,29906.0,16977,84.88,30094,29906
80000,75,39839.0,18967,94.83,40161,39839
100000,75,49893.0,19160,95.8,50107,49893
2,76,2.0,1,0.01,0,2
3,76,3.0,1,0.01,0,3
100,76,49.0,33,0.17,51,49
200,76,99.0,61,0.31,101,99
2000,76,972.0,511,2.55,1028,972
10000,76,4841.0,3471,17.36,5159,4841
20000,76,9817.0,3692,18.46,10183,9817
40000,76,19852.0,3735,18.68,20148,19852
60000,76,29826.0,3762,18.81,30174,29826
80000,76,39867.0,14863,74.32,40133,39867
100000,76,49746.0,34128,170.64,50254,49746
2,77,2.0,1,0.01,0,2
3,77,3.0,1,0.01,0,3
100,77,52.0,73,0.37,48,52
200,77,110.0,153,0.77,90,110
2000,77,1029.0,935,4.67,971,1029
10000,77,4991.0,4401,22.0,5009,4991
20000,77,9996.0,6131,30.65,10004,9996
40000,77,19866.0,8819,44.1,20134,19866
60000,77,29897.0,10585,52.93,30103,29897
80000,77,39859.0,13721,68.61,40141,39859
100000,77,49924.0,15621,78.11,50076,49924
2,78,1.0,1,0.01,1,1
3,78,2.0,2,0.01,1,2
100,78,54.0,69,0.35,46,54
200,78,101.0,130,0.65,99,101
2000,78,994.0,1399,6.99,1006,994
10000,78,4924.0,4694,23.47,5076,4924
20000,78,9912.0,9068,45.34,10088,9912
40000,78,19801.0,13547,67.74,20199,19801
60000,78,29810.0,28840,144.2,30190,29810
80000,78,39797.0,34097,170.48,40203,39797
100000,78,49821.0,44165,220.82,50179,49821
2,79,2.0,1,0.01,0,2
3,79,3.0,1,0.01,0,3
100,79,53.0,55,0.28,47,53
200,79,115.0,115,0.58,85,115
2000,79,1008.0,878,4.39,992,1008
10000,79,4918.0,3059,15.3,5082,4918
20000,79,9970.0,4369,21.84,10030,9970
40000,79,19974.0,13940,69.7,20026,19974
60000,79,29957.0,15819,79.1,30043,29957
80000,79,39994.0,16136,80.68,40006,39994
100000,79,49926.0,18224,91.12,50074,49926
2,80,2.0,1,0.01,0,2
3,80,3.0,1,0.01,0,3
100,80,59.0,36,0.18,41,59
200,80,114.0,80,0.4,86,114
2000,80,1009.0,931,4.65,991,1009
10000,80,4937.0,2650,13.25,5063,4937
20000,80,9950.0,3977,19.89,10050,9950
40000,80,19923.0,6540,32.7,20077,19923
60000,80,29984.0,24614,123.07,30016,29984
80000,80,40026.0,33213,166.06,39974,40026
100000,80,49991.0,48758,243.79,50009,49991
2,81,1.0,1,0.01,1,1
3,81,1.0,2,0.01,2,1
100,81,44.0,65,0.33,56,44
200,81,89.0,98,0.49,111,89
2000,81,1000.0,723,3.61,1000,1000
10000,81,4921.0,5791,28.95,5079,4921
20000,81,9866.0,14022,70.11,10134,9866
40000,81,19783.0,16494,82.47,20217,19783
60000,81,29876.0,17458,87.29,30124,29876
80000,81,39968.0,17467,87.33,40032,39968
100000,81,49983.0,17571,87.85,50017,49983
2,82,2.0,1,0.01,0,2
3,82,2.0,1,0.01,1,2
100,82,54.0,44,0.22,46,54
200,82,107.0,93,0.47,93,107
2000,82,1016.0,748,3.74,984,1016
10000,82,5040.0,4915,24.57,4960,5040
20000,82,10029.0,11613,58.07,9971,10029
40000,82,20029.0,16784,83.92,19971,20029
60000,82,29935.0,24086,120.43,30065,29935
80000,82,39884.0,27625,138.12,40116,39884
100000,82,49848.0,34448,172.24,50152,49848
2,83,1.0,1,0.01,1,1
3,83,2.0,1,0.01,1,2
100,83,48.0,35,0.18,52,48
200,83,96.0,87,0.44,104,96
2000,83,978.0,1094,5.47,1022,978
10000,83,5005.0,2240,11.2,4995,5005
20000,83,10060.0,5757,28.78,9940,10060
40000,83,20117.0,11743,58.72,19883,20117
60000,83,30239.0,13298,66.49,29761,30239
80000,83,40165.0,15103,75.52,39835,40165
100000,83,50011.0,16601,83.0,49989,50011
2,84,2.0,1,0.01,0,2
3,84,3.0,1,0.01,0,3
100,84,61.0,32,0.16,39,61
200,84,109.0,55,0.28,91,109
2000,84,1014.0,1053,5.26,986,1014
10000,84,4925.0,5058,25.29,5075,4925
20000,84,9818.0,10976,54.88,10182,9818
40000,84,19898.0,22295,111.47,20102,19898
60000,84,29905.0,22295,111.47,30095,29905
80000,84,39902.0,22389,111.94,40098,39902
100000,84,49845.0,23346,116.73,50155,49845
2,85,1.0,1,0.01,1,1
3,85,2.0,1,0.01,1,2
100,85,46.0,48,0.24,54,46
200,85,83.0,117,0.59,117,83
2000,85,1024.0,1210,6.05,976,1024
10000,85,4942.0,3834,19.17,5058,4942
20000,85,9945.0,12474,62.37,10055,9945
40000,85,19761.0,25643,128.21,20239,19761
60000,85,29773.0,28926,144.63,30227,29773
80000,85,39500.0,36594,182.97,40500,39500
100000,85,49548.0,36773,183.86,50452,49548
2,86,1.0,1,0.01,1,1
3,86,2.0,2,0.01,1,2
100,86,53.0,59,0.3,47,53
200,86,107.0,82,0.41,93,107
2000,86,999.0,866,4.33,1001,999
10000,86,4984.0,3862,19.31,5016,4984
20000,86,9986.0,8244,41.22,10014,9986
40000,86,19979.0,9601,48.01,20021,19979
60000,86,29999.0,10545,52.73,30001,29999
80000,86,40028.0,11081,55.41,39972,40028
100000,86,49997.0,18507,92.53,50003,49997
2,87,1.0,1,0.01,1,1
3,87,1.0,2,0.01,2,1
100,87,48.0,37,0.19,52,48
200,87,101.0,105,0.53,99,101
2000,87,1005.0,1209,6.04,995,1005
10000,87,4934.0,4890,24.45,5066,4934
20000,87,10009.0,5337,26.68,9991,10009
40000,87,19954.0,10500,52.5,20046,19954
60000,87,29987.0,15819,79.1,30013,29987
80000,87,39963.0,19876,99.38,40037,39963
100000,87,49805.0,28343,141.71,50195,49805
2,88,1.0,1,0.01,1,1
3,88,2.0,2,0.01,1,2
100,88,48.0,55,0.28,52,48
200,88,96.0,78,0.39,104,96
2000,88,997.0,547,2.73,1003,997
10000,88,4977.0,2808,14.04,5023,4977
20000,88,10025.0,3554,17.77,9975,10025
40000,88,19973.0,4569,22.84,20027,19973
60000,88,29992.0,5601,28.0,30008,29992
80000,88,40164.0,5601,28.0,39836,40164
100000,88,50164.0,6066,30.33,49836,50164
2,89,1.0,1,0.01,1,1
3,89,1.0,1,0.01,2,1
100,89,47.0,36,0.18,53,47
200,89,105.0,125,0.63,95,105
2000,89,1023.0,940,4.7,977,1023
10000,89,5001.0,5832,29.16,4999,5001
20000,89,10019.0,9697,48.49,9981,10019
40000,89,20100.0,16522,82.61,19900,20100
60000,89,30054.0,23283,116.41,29946,30054
80000,89,40111.0,24521,122.6,39889,40111
100000,89,50149.0,25799,128.99,49851,50149
2,90,2.0,1,0.01,0,2
3,90,3.0,1,0.01,0,3
100,90,52.0,59,0.3,48,52
200,90,94.0,117,0.59,106,94
2000,90,994.0,1350,6.75,1006,994
10000,90,4969.0,3058,15.29,5031,4969
20000,90,9903.0,6977,34.88,10097,9903
40000,90,19726.0,18321,91.6,20274,19726
60000,90,29760.0,38321,191.6,30240,29760
80000,90,39834.0,50534,252.67,40166,39834
100000,90,49897.0,50534,252.67,50103,49897
2,91,1.0,1,0.01,1,1
3,91,2.0,2,0.01,1,2
100,91,54.0,60,0.3,46,54
200,91,101.0,102,0.51,99,101
2000,91,1041.0,1142,5.71,959,1041
10000,91,5022.0,3420,17.1,4978,5022
20000,91,9865.0,7636,38.18,10135,9865
40000,91,19812.0,18270,91.35,20188,19812
60000,91,29725.0,23578,117.89,30275,29725
80000,91,39655.0,38063,190.31,40345,39655
100000,91,49660.0,41864,209.32,50340,49660
2,92,0.0,1,0.01,2,0
3,92,1.0,1,0.01,2,1
100,92,51.0,71,0.36,49,51
200,92,109.0,113,0.57,91,109
2000,92,1013.0,1257,6.28,987,1013
10000,92,4958.0,4910,24.55,5042,4958
20000,92,9856.0,8293,41.47,10144,9856
40000,92,19691.0,15992,79.96,20309,19691
60000,92,29727.0,35653,178.26,30273,29727
80000,92,39653.0,55226,276.13,40347,39653
100000,92,49656.0,73904,369.52,50344,49656
2,93,1.0,1,0.01,1,1
3,93,2.0,2,0.01,1,2
100,93,57.0,50,0.25,43,57
200,93,106.0,89,0.45,94,106
2000,93,1037.0,595,2.97,963,1037
10000,93,5036.0,3399,17.0,4964,5036
20000,93,9989.0,6629,33.14,10011,9989
40000,93,19848.0,10241,51.21,20152,19848
60000,93,29843.0,13523,67.62,30157,29843
80000,93,39869.0,16971,84.85,40131,39869
100000,93,49814.0,22118,110.59,50186,49814
2,94,2.0,1,0.01,0,2
3,94,2.0,1,0.01,1,2
100,94,51.0,49,0.25,49,51
200,94,103.0,104,0.52,97,103
2000,94,1037.0,800,4.0,963,1037
10000,94,5031.0,5452,27.26,4969,5031
20000,94,9989.0,10193,50.97,10011,9989
40000,94,19844.0,21717,108.58,20156,19844
60000,94,29653.0,31606,158.03,30347,29653
80000,94,39650.0,31927,159.63,40350,39650
100000,94,49658.0,31927,159.63,50342,49658
2,95,1.0,1,0.01,1,1
3,95,2.0,2,0.01,1,2
100,95,58.0,19,0.1,42,58
200,95,105.0,56,0.28,95,105
2000,95,958.0,1037,5.18,1042,958
10000,95,4984.0,3402,17.01,5016,4984
20000,95,9939.0,7203,36.01,10061,9939
40000,95,19948.0,18990,94.95,20052,19948
60000,95,29993.0,23001,115.0,30007,29993
80000,95,39972.0,26368,131.84,40028,39972
100000,95,49994.0,27371,136.85,50006,49994
2,96,0.0,1,0.01,2,0
3,96,0.0,1,0.01,3,0
100,96,42.0,29,0.15,58,42
200,96,91.0,74,0.37,109,91
2000,96,997.0,1300,6.5,1003,997
10000,96,4982.0,6692,33.46,5018,4982
20000,96,9922.0,12209,61.05,10078,9922
40000,96,19880.0,15849,79.25,20120,19880
60000,96,29816.0,22837,114.18,30184,29816
80000,96,39772.0,27549,137.74,40228,39772
100000,96,49650.0,28983,144.91,50350,49650
2,97,1.0,1,0.01,1,1
3,97,2.0,1,0.01,1,2
100,97,51.0,36,0.18,49,51
200,97,97.0,102,0.51,103,97
2000,97,1002.0,410,2.05,998,1002
10000,97,5042.0,3892,19.46,4958,5042
20000,97,10008.0,8201,41.01,9992,10008
40000,97,19912.0,13165,65.83,20088,19912
60000,97,29883.0,13607,68.04,30117,29883
80000,97,39843.0,17810,89.05,40157,39843
100000,97,49722.0,19840,99.2,50278,49722
2,98,1.0,1,0.01,1,1
3,98,2.0,2,0.01,1,2
100,98,46.0,46,0.23,54,46
200,98,94.0,120,0.6,106,94
2000,98,985.0,558,2.79,1015,985
10000,98,5019.0,3107,15.54,4981,5019
20000,98,10022.0,5512,27.56,9978,10022
40000,98,19961.0,16628,83.14,20039,19961
60000,98,29891.0,20193,100.96,30109,29891
80000,98,40036.0,21508,107.54,39964,40036
100000,98,50084.0,21533,107.66,49916,50084
2,99,1.0,1,0.01,1,1
3,99,1.0,1,0.01,2,1
100,99,43.0,17,0.09,57,43
200,99,100.0,65,0.33,100,100
2000,99,972.0,362,1.81,1028,972
10000,99,5013.0,2767,13.84,4987,5013
20000,99,9977.0,7364,36.82,10023,9977
40000,99,20074.0,14299,71.5,19926,20074
60000,99,29955.0,19078,95.39,30045,29955
80000,99,39986.0,25710,128.55,40014,39986
100000,99,49944.0,30878,154.39,50056,49944
2,100,1.0,1,0.01,1,1
3,100,1.0,1,0.01,2,1
100,100,45.0,81,0.41,55,45
200,100,95.0,139,0.7,105,95
2000,100,1004.0,1433,7.16,996,1004
10000,100,5033.0,4951,24.75,4967,5033
20000,100,9999.0,8617,43.09,10001,9999
40000,100,19899.0,12270,61.35,20101,19899
60000,100,29818.0,15781,78.91,30182,29818
80000,100,39892.0,15812,79.06,40108,39892
100000,100,49863.0,17847,89.23,50137,49863
