Timestep,Iteration,Total Reward,Suboptimal Arms,Total Regret,Zeros Count,Ones Count
2,1,2.0,1,0.01,0,2
3,1,3.0,2,0.01,0,3
100,1,88.0,63,0.32,12,88
200,1,181.0,125,0.63,19,181
2000,1,1788.0,763,3.81,212,1788
10000,1,9012.0,1726,8.63,988,9012
20000,1,18009.0,3273,16.37,1991,18009
40000,1,35996.0,6006,30.03,4004,35996
60000,1,54033.0,7679,38.4,5967,54033
80000,1,72005.0,10120,50.6,7995,72005
100000,1,90089.0,10223,51.12,9911,90089
2,2,2.0,1,0.01,0,2
3,2,3.0,2,0.01,0,3
100,2,93.0,45,0.23,7,93
200,2,184.0,114,0.57,16,184
2000,2,1808.0,967,4.83,192,1808
10000,2,8992.0,3835,19.18,1008,8992
20000,2,18011.0,8180,40.9,1989,18011
40000,2,35985.0,12092,60.46,4015,35985
60000,2,54027.0,16576,82.88,5973,54027
80000,2,71938.0,23606,118.03,8062,71938
100000,2,89828.0,27775,138.87,10172,89828
2,3,2.0,1,0.01,0,2
3,3,3.0,2,0.01,0,3
100,3,89.0,39,0.2,11,89
200,3,176.0,115,0.58,24,176
2000,3,1798.0,1050,5.25,202,1798
10000,3,8953.0,4467,22.33,1047,8953
20000,3,17929.0,6103,30.51,2071,17929
40000,3,35939.0,11674,58.37,4061,35939
60000,3,53927.0,13923,69.62,6073,53927
80000,3,71928.0,16323,81.61,8072,71928
100000,3,89926.0,17674,88.37,10074,89926
2,4,2.0,1,0.01,0,2
3,4,3.0,2,0.01,0,3
100,4,89.0,42,0.21,11,89
200,4,184.0,71,0.36,16,184
2000,4,1797.0,879,4.39,203,1797
10000,4,8962.0,4944,24.72,1038,8962
20000,4,17882.0,9944,49.72,2118,17882
40000,4,35812.0,17274,86.37,4188,35812
60000,4,53819.0,22626,113.13,6181,53819
80000,4,71765.0,31188,155.94,8235,71765
100000,4,89763.0,32943,164.71,10237,89763
2,5,2.0,1,0.01,0,2
3,5,3.0,2,0.01,0,3
100,5,93.0,55,0.28,7,93
200,5,184.0,101,0.51,16,184
2000,5,1791.0,890,4.45,209,1791
10000,5,8935.0,5822,29.11,1065,8935
20000,5,17900.0,10414,52.07,2100,17900
40000,5,35967.0,12356,61.78,4033,35967
60000,5,53891.0,15769,78.85,6109,53891
80000,5,71827.0,23660,118.3,8173,71827
100000,5,89798.0,30095,150.47,10202,89798
2,6,2.0,1,0.01,0,2
3,6,3.0,2,0.01,0,3
100,6,87.0,54,0.27,13,87
200,6,174.0,125,0.63,26,174
2000,6,1806.0,1090,5.45,194,1806
10000,6,8990.0,5022,25.11,1010,8990
20000,6,17971.0,9724,48.62,2029,17971
40000,6,35882.0,20137,100.68,4118,35882
60000,6,53841.0,22099,110.49,6159,53841
80000,6,71785.0,28907,144.53,8215,71785
100000,6,89728.0,34083,170.41,10272,89728
2,7,2.0,1,0.01,0,2
3,7,3.0,2,0.01,0,3
100,7,94.0,37,0.19,6,94
200,7,185.0,80,0.4,15,185
2000,7,1854.0,764,3.82,146,1854
10000,7,9012.0,4188,20.94,988,9012
20000,7,17977.0,9909,49.55,2023,17977
40000,7,35911.0,19979,99.89,4089,35911
60000,7,53934.0,22868,114.34,6066,53934
80000,7,72014.0,23270,116.35,7986,72014
100000,7,89965.0,26028,130.14,10035,89965
2,8,2.0,1,0.01,0,2
3,8,3.0,2,0.01,0,3
100,8,94.0,47,0.24,6,94
200,8,179.0,119,0.6,21,179
2000,8,1785.0,990,4.95,215,1785
10000,8,9000.0,4202,21.01,1000,9000
20000,8,17984.0,10169,50.85,2016,17984
40000,8,36031.0,19314,96.57,3969,36031
60000,8,54024.0,23781,118.9,5976,54024
80000,8,71978.0,27927,139.63,8022,71978
100000,8,89921.0,34424,172.12,10079,89921
2,9,2.0,1,0.01,0,2
3,9,3.0,2,0.01,0,3
100,9,94.0,59,0.3,6,94
200,9,183.0,114,0.57,17,183
2000,9,1802.0,912,4.56,198,1802
10000,9,8987.0,3272,16.36,1013,8987
20000,9,18006.0,4487,22.43,1994,18006
40000,9,35877.0,7891,39.46,4123,35877
60000,9,53875.0,8475,42.38,6125,53875
80000,9,71894.0,9060,45.3,8106,71894
100000,9,89898.0,9333,46.67,10102,89898
2,10,2.0,1,0.01,0,2
3,10,3.0,2,0.01,0,3
100,10,91.0,52,0.26,9,91
200,10,180.0,127,0.64,20,180
2000,10,1793.0,932,4.66,207,1793
10000,10,8979.0,3979,19.9,1021,8979
20000,10,17973.0,7621,38.11,2027,17973
40000,10,35915.0,14240,71.2,4085,35915
60000,10,53850.0,23141,115.7,6150,53850
80000,10,71789.0,30105,150.52,8211,71789
100000,10,89764.0,38974,194.87,10236,89764
2,11,2.0,1,0.01,0,2
3,11,3.0,2,0.01,0,3
100,11,89.0,57,0.29,11,89
200,11,179.0,99,0.5,21,179
2000,11,1796.0,744,3.72,204,1796
10000,11,8961.0,4742,23.71,1039,8961
20000,11,17975.0,10532,52.66,2025,17975
40000,11,36034.0,15610,78.05,3966,36034
60000,11,54020.0,20988,104.94,5980,54020
80000,11,71980.0,25841,129.2,8020,71980
100000,11,89924.0,31345,156.72,10076,89924
2,12,1.0,1,0.01,1,1
3,12,2.0,1,0.01,1,2
100,12,85.0,61,0.31,15,85
200,12,172.0,122,0.61,28,172
2000,12,1764.0,841,4.2,236,1764
10000,12,8952.0,3868,19.34,1048,8952
20000,12,17958.0,8926,44.63,2042,17958
40000,12,35943.0,14706,73.53,4057,35943
60000,12,53915.0,17689,88.44,6085,53915
80000,12,71864.0,20008,100.04,8136,71864
100000,12,89859.0,25793,128.96,10141,89859
2,13,2.0,1,0.01,0,2
3,13,3.0,2,0.01,0,3
100,13,89.0,57,0.29,11,89
200,13,179.0,134,0.67,21,179
2000,13,1793.0,1101,5.5,207,1793
10000,13,8913.0,5575,27.87,1087,8913
20000,13,17883.0,9845,49.23,2117,17883
40000,13,35929.0,13255,66.28,4071,35929
60000,13,53909.0,19482,97.41,6091,53909
80000,13,71917.0,20766,103.83,8083,71917
100000,13,89902.0,25955,129.77,10098,89902
2,14,1.0,1,0.01,1,1
3,14,2.0,2,0.01,1,2
100,14,87.0,43,0.22,13,87
200,14,173.0,73,0.37,27,173
2000,14,1788.0,435,2.17,212,1788
10000,14,9009.0,2900,14.5,991,9009
20000,14,18028.0,6697,33.48,1972,18028
40000,14,35971.0,14217,71.09,4029,35971
60000,14,53897.0,21501,107.5,6103,53897
80000,14,71950.0,22846,114.23,8050,71950
100000,14,90000.0,22846,114.23,10000,90000
2,15,2.0,1,0.01,0,2
3,15,3.0,2,0.01,0,3
100,15,90.0,44,0.22,10,90
200,15,176.0,81,0.41,24,176
2000,15,1795.0,967,4.83,205,1795
10000,15,8985.0,3774,18.87,1015,8985
20000,15,17935.0,6384,31.92,2065,17935
40000,15,35862.0,9366,46.83,4138,35862
60000,15,53814.0,14480,72.4,6186,53814
80000,15,71809.0,17208,86.04,8191,71809
100000,15,89797.0,23445,117.22,10203,89797
2,16,1.0,1,0.01,1,1
3,16,2.0,2,0.01,1,2
100,16,91.0,41,0.21,9,91
200,16,177.0,114,0.57,23,177
2000,16,1805.0,1153,5.76,195,1805
10000,16,8975.0,4939,24.69,1025,8975
20000,16,17964.0,10258,51.29,2036,17964
40000,16,35911.0,14244,71.22,4089,35911
60000,16,53865.0,20622,103.11,6135,53865
80000,16,71786.0,27132,135.66,8214,71786
100000,16,89749.0,33057,165.28,10251,89749
2,17,2.0,1,0.01,0,2
3,17,3.0,2,0.01,0,3
100,17,93.0,45,0.23,7,93
200,17,189.0,92,0.46,11,189
2000,17,1795.0,744,3.72,205,1795
10000,17,8977.0,4236,21.18,1023,8977
20000,17,17939.0,7084,35.42,2061,17939
40000,17,35903.0,15618,78.09,4097,35903
60000,17,53887.0,18689,93.44,6113,53887
80000,17,71914.0,26433,132.16,8086,71914
100000,17,89786.0,29497,147.48,10214,89786
2,18,1.0,1,0.01,1,1
3,18,2.0,2,0.01,1,2
100,18,90.0,45,0.23,10,90
200,18,184.0,100,0.5,16,184
2000,18,1818.0,905,4.52,182,1818
10000,18,8984.0,3713,18.57,1016,8984
20000,18,17986.0,7364,36.82,2014,17986
40000,18,35926.0,12345,61.73,4074,35926
60000,18,53929.0,21325,106.62,6071,53929
80000,18,71868.0,29204,146.02,8132,71868
100000,18,89867.0,38078,190.39,10133,89867
2,19,2.0,1,0.01,0,2
3,19,3.0,2,0.01,0,3
100,19,93.0,55,0.28,7,93
200,19,186.0,83,0.42,14,186
2000,19,1810.0,1100,5.5,190,1810
10000,19,9001.0,5793,28.96,999,9001
20000,19,17972.0,9884,49.42,2028,17972
40000,19,35982.0,15093,75.47,4018,35982
60000,19,53911.0,20557,102.78,6089,53911
80000,19,71868.0,32330,161.65,8132,71868
100000,19,89821.0,36330,181.65,10179,89821
2,20,2.0,1,0.01,0,2
3,20,3.0,2,0.01,0,3
100,20,93.0,52,0.26,7,93
200,20,184.0,91,0.46,16,184
2000,20,1793.0,877,4.38,207,1793
10000,20,8928.0,4676,23.38,1072,8928
20000,20,17884.0,10932,54.66,2116,17884
40000,20,35842.0,15699,78.5,4158,35842
60000,20,53737.0,20673,103.36,6263,53737
80000,20,71692.0,30430,152.15,8308,71692
100000,20,89749.0,31616,158.08,10251,89749
2,21,2.0,1,0.01,0,2
3,21,3.0,2,0.01,0,3
100,21,93.0,45,0.23,7,93
200,21,186.0,89,0.45,14,186
2000,21,1815.0,879,4.39,185,1815
10000,21,8935.0,3086,15.43,1065,8935
20000,21,17866.0,8156,40.78,2134,17866
40000,21,35845.0,11536,57.68,4155,35845
60000,21,53780.0,17972,89.86,6220,53780
80000,21,71719.0,22456,112.28,8281,71719
100000,21,89721.0,26051,130.25,10279,89721
2,22,2.0,1,0.01,0,2
3,22,3.0,2,0.01,0,3
100,22,91.0,50,0.25,9,91
200,22,181.0,89,0.45,19,181
2000,22,1799.0,1023,5.11,201,1799
10000,22,8975.0,4495,22.47,1025,8975
20000,22,17936.0,9288,46.44,2064,17936
40000,22,35956.0,17703,88.51,4044,35956
60000,22,53927.0,20863,104.31,6073,53927
80000,22,71980.0,22086,110.43,8020,71980
100000,22,89983.0,33035,165.17,10017,89983
2,23,1.0,1,0.01,1,1
3,23,2.0,2,0.01,1,2
100,23,93.0,55,0.28,7,93
200,23,186.0,86,0.43,14,186
2000,23,1818.0,856,4.28,182,1818
10000,23,9017.0,4173,20.87,983,9017
20000,23,18015.0,8187,40.94,1985,18015
40000,23,35982.0,16236,81.18,4018,35982
60000,23,53931.0,24027,120.13,6069,53931
80000,23,71898.0,29087,145.43,8102,71898
100000,23,89923.0,30460,152.3,10077,89923
2,24,2.0,1,0.01,0,2
3,24,3.0,2,0.01,0,3
100,24,88.0,66,0.33,12,88
200,24,173.0,134,0.67,27,173
2000,24,1792.0,1707,8.53,208,1792
10000,24,9035.0,5037,25.18,965,9035
20000,24,18047.0,8966,44.83,1953,18047
40000,24,36008.0,16654,83.27,3992,36008
60000,24,53990.0,23127,115.63,6010,53990
80000,24,71940.0,28618,143.09,8060,71940
100000,24,89863.0,33243,166.21,10137,89863
2,25,2.0,1,0.01,0,2
3,25,3.0,2,0.01,0,3
100,25,91.0,44,0.22,9,91
200,25,178.0,98,0.49,22,178
2000,25,1791.0,1078,5.39,209,1791
10000,25,8960.0,5259,26.29,1040,8960
20000,25,17969.0,9615,48.08,2031,17969
40000,25,35960.0,21623,108.11,4040,35960
60000,25,53889.0,27544,137.72,6111,53889
80000,25,71830.0,35278,176.39,8170,71830
100000,25,89693.0,41735,208.67,10307,89693
2,26,2.0,1,0.01,0,2
3,26,3.0,2,0.01,0,3
100,26,87.0,63,0.32,13,87
200,26,175.0,100,0.5,25,175
2000,26,1802.0,1071,5.35,198,1802
10000,26,8981.0,4031,20.16,1019,8981
20000,26,18002.0,7388,36.94,1998,18002
40000,26,35987.0,11903,59.52,4013,35987
60000,26,53957.0,15140,75.7,6043,53957
80000,26,71916.0,23389,116.94,8084,71916
100000,26,89835.0,25596,127.98,10165,89835
2,27,2.0,1,0.01,0,2
3,27,2.0,2,0.01,1,2
100,27,88.0,57,0.29,12,88
200,27,176.0,107,0.54,24,176
2000,27,1800.0,851,4.25,200,1800
10000,27,8968.0,3472,17.36,1032,8968
20000,27,17969.0,6725,33.62,2031,17969
40000,27,35957.0,10067,50.34,4043,35957
60000,27,53911.0,16881,84.4,6089,53911
80000,27,72015.0,18424,92.12,7985,72015
100000,27,89989.0,24767,123.83,10011,89989
2,28,2.0,1,0.01,0,2
3,28,3.0,2,0.01,0,3
100,28,88.0,55,0.28,12,88
200,28,176.0,96,0.48,24,176
2000,28,1780.0,1152,5.76,220,1780
10000,28,8988.0,5656,28.28,1012,8988
20000,28,17968.0,10467,52.34,2032,17968
40000,28,35884.0,16378,81.89,4116,35884
60000,28,53872.0,26091,130.45,6128,53872
80000,28,71899.0,32974,164.87,8101,71899
100000,28,89801.0,42201,211.0,10199,89801
2,29,1.0,1,0.01,1,1
3,29,2.0,2,0.01,1,2
100,29,90.0,65,0.33,10,90
200,29,182.0,120,0.6,18,182
2000,29,1782.0,880,4.4,218,1782
10000,29,8980.0,3373,16.87,1020,8980
20000,29,17954.0,8185,40.93,2046,17954
40000,29,35945.0,14579,72.9,4055,35945
60000,29,53936.0,17305,86.52,6064,53936
80000,29,71883.0,21468,107.34,8117,71883
100000,29,89879.0,22989,114.94,10121,89879
2,30,2.0,1,0.01,0,2
3,30,3.0,2,0.01,0,3
100,30,88.0,51,0.26,12,88
200,30,176.0,117,0.59,24,176
2000,30,1793.0,970,4.85,207,1793
10000,30,9008.0,3678,18.39,992,9008
20000,30,17970.0,6860,34.3,2030,17970
40000,30,35995.0,9399,47.0,4005,35995
60000,30,53984.0,11736,58.68,6016,53984
80000,30,71922.0,21118,105.59,8078,71922
100000,30,89832.0,27606,138.03,10168,89832
2,31,2.0,1,0.01,0,2
3,31,3.0,2,0.01,0,3
100,31,94.0,49,0.25,6,94
200,31,184.0,75,0.38,16,184
2000,31,1822.0,1048,5.24,178,1822
10000,31,8940.0,5508,27.54,1060,8940
20000,31,17914.0,9731,48.66,2086,17914
40000,31,35857.0,16862,84.31,4143,35857
60000,31,53815.0,20055,100.27,6185,53815
80000,31,71771.0,26962,134.81,8229,71771
100000,31,89781.0,28259,141.29,10219,89781
2,32,2.0,1,0.01,0,2
3,32,3.0,2,0.01,0,3
100,32,91.0,44,0.22,9,91
200,32,179.0,102,0.51,21,179
2000,32,1805.0,1150,5.75,195,1805
10000,32,8972.0,5565,27.82,1028,8972
20000,32,17879.0,9154,45.77,2121,17879
40000,32,35953.0,11929,59.65,4047,35953
60000,32,53972.0,13471,67.36,6028,53972
80000,32,71995.0,14842,74.21,8005,71995
100000,32,89982.0,16575,82.87,10018,89982
2,33,2.0,1,0.01,0,2
3,33,3.0,2,0.01,0,3
100,33,87.0,60,0.3,13,87
200,33,180.0,109,0.55,20,180
2000,33,1770.0,1179,5.89,230,1770
10000,33,8959.0,4315,21.57,1041,8959
20000,33,17962.0,7696,38.48,2038,17962
40000,33,35966.0,10886,54.43,4034,35966
60000,33,53914.0,19284,96.42,6086,53914
80000,33,71855.0,26335,131.67,8145,71855
100000,33,89873.0,29063,145.31,10127,89873
2,34,2.0,1,0.01,0,2
3,34,3.0,2,0.01,0,3
100,34,92.0,58,0.29,8,92
200,34,180.0,110,0.55,20,180
2000,34,1804.0,854,4.27,196,1804
10000,34,9000.0,4359,21.79,1000,9000
20000,34,17972.0,8424,42.12,2028,17972
40000,34,35938.0,12856,64.28,4062,35938
60000,34,53912.0,18039,90.19,6088,53912
80000,34,71872.0,20192,100.96,8128,71872
100000,34,89835.0,27661,138.3,10165,89835
2,35,2.0,1,0.01,0,2
3,35,3.0,2,0.01,0,3
100,35,90.0,50,0.25,10,90
200,35,184.0,103,0.52,16,184
2000,35,1806.0,988,4.94,194,1806
10000,35,8960.0,5134,25.67,1040,8960
20000,35,18026.0,6820,34.1,1974,18026
40000,35,36036.0,11351,56.76,3964,36036
60000,35,53979.0,14373,71.87,6021,53979
80000,35,71982.0,16022,80.11,8018,71982
100000,35,90036.0,16744,83.72,9964,90036
2,36,1.0,1,0.01,1,1
3,36,2.0,1,0.01,1,2
100,36,85.0,48,0.24,15,85
200,36,168.0,94,0.47,32,168
2000,36,1788.0,1016,5.08,212,1788
10000,36,9001.0,5068,25.34,999,9001
20000,36,18024.0,9854,49.27,1976,18024
40000,36,35944.0,20899,104.49,4056,35944
60000,36,53999.0,31234,156.17,6001,53999
80000,36,71940.0,35972,179.86,8060,71940
100000,36,89949.0,40079,200.39,10051,89949
2,37,1.0,1,0.01,1,1
3,37,2.0,1,0.01,1,2
100,37,90.0,60,0.3,10,90
200,37,180.0,104,0.52,20,180
2000,37,1791.0,656,3.28,209,1791
10000,37,8895.0,4941,24.7,1105,8895
20000,37,17915.0,6697,33.48,2085,17915
40000,37,35962.0,8115,40.58,4038,35962
60000,37,53943.0,8727,43.64,6057,53943
80000,37,72037.0,8881,44.41,7963,72037
100000,37,90069.0,11396,56.98,9931,90069
2,38,1.0,1,0.01,1,1
3,38,2.0,1,0.01,1,2
100,38,87.0,37,0.19,13,87
200,38,182.0,100,0.5,18,182
2000,38,1794.0,807,4.03,206,1794
10000,38,8973.0,3536,17.68,1027,8973
20000,38,17942.0,7687,38.44,2058,17942
40000,38,35886.0,11862,59.31,4114,35886
60000,38,53794.0,20498,102.49,6206,53794
80000,38,71784.0,32717,163.58,8216,71784
100000,38,89845.0,35313,176.56,10155,89845
2,39,2.0,1,0.01,0,2
3,39,3.0,2,0.01,0,3
100,39,93.0,44,0.22,7,93
200,39,181.0,79,0.4,19,181
2000,39,1790.0,850,4.25,210,1790
10000,39,8957.0,2268,11.34,1043,8957
20000,39,17932.0,5665,28.32,2068,17932
40000,39,35962.0,16571,82.85,4038,35962
60000,39,53923.0,22119,110.59,6077,53923
80000,39,71782.0,29527,147.63,8218,71782
100000,39,89808.0,30501,152.5,10192,89808
2,40,2.0,1,0.01,0,2
3,40,3.0,2,0.01,0,3
100,40,91.0,44,0.22,9,91
200,40,186.0,85,0.43,14,186
2000,40,1821.0,961,4.8,179,1821
10000,40,8990.0,4512,22.56,1010,8990
20000,40,17934.0,7142,35.71,2066,17934
40000,40,35945.0,12415,62.08,4055,35945
60000,40,53959.0,17810,89.05,6041,53959
80000,40,71904.0,24294,121.47,8096,71904
100000,40,89893.0,31493,157.46,10107,89893
2,41,2.0,1,0.01,0,2
3,41,3.0,2,0.01,0,3
100,41,91.0,56,0.28,9,91
200,41,177.0,99,0.5,23,177
2000,41,1794.0,774,3.87,206,1794
10000,41,8957.0,3137,15.69,1043,8957
20000,41,17896.0,5874,29.37,2104,17896
40000,41,35793.0,13855,69.28,4207,35793
60000,41,53773.0,18358,91.79,6227,53773
80000,41,71830.0,18812,94.06,8170,71830
100000,41,89824.0,20908,104.54,10176,89824
2,42,1.0,1,0.01,1,1
3,42,2.0,2,0.01,1,2
100,42,87.0,42,0.21,13,87
200,42,177.0,82,0.41,23,177
2000,42,1808.0,809,4.04,192,1808
10000,42,9003.0,3765,18.83,997,9003
20000,42,17976.0,5952,29.76,2024,17976
40000,42,35881.0,11505,57.53,4119,35881
60000,42,53946.0,11768,58.84,6054,53946
80000,42,71935.0,14309,71.55,8065,71935
100000,42,89964.0,14857,74.29,10036,89964
2,43,2.0,1,0.01,0,2
3,43,3.0,2,0.01,0,3
100,43,88.0,54,0.27,12,88
200,43,177.0,79,0.4,23,177
2000,43,1788.0,788,3.94,212,1788
10000,43,8986.0,3649,18.25,1014,8986
20000,43,17900.0,7812,39.06,2100,17900
40000,43,35779.0,15980,79.9,4221,35779
60000,43,53757.0,26086,130.43,6243,53757
80000,43,71800.0,28985,144.92,8200,71800
100000,43,89824.0,29567,147.83,10176,89824
2,44,2.0,1,0.01,0,2
3,44,3.0,2,0.01,0,3
100,44,93.0,65,0.33,7,93
200,44,186.0,122,0.61,14,186
2000,44,1818.0,907,4.53,182,1818
10000,44,9024.0,4045,20.23,976,9024
20000,44,18014.0,6880,34.4,1986,18014
40000,44,36065.0,8800,44.0,3935,36065
60000,44,54021.0,11627,58.14,5979,54021
80000,44,72054.0,12544,62.72,7946,72054
100000,44,90042.0,21876,109.38,9958,90042
2,45,2.0,1,0.01,0,2
3,45,3.0,2,0.01,0,3
100,45,93.0,53,0.27,7,93
200,45,179.0,118,0.59,21,179
2000,45,1793.0,958,4.79,207,1793
10000,45,8973.0,3212,16.06,1027,8973
20000,45,17973.0,6034,30.17,2027,17973
40000,45,35946.0,10720,53.6,4054,35946
60000,45,53904.0,19902,99.51,6096,53904
80000,45,71866.0,27680,138.4,8134,71866
100000,45,89876.0,30426,152.13,10124,89876
2,46,2.0,1,0.01,0,2
3,46,3.0,2,0.01,0,3
100,46,93.0,56,0.28,7,93
200,46,179.0,118,0.59,21,179
2000,46,1789.0,1135,5.67,211,1789
10000,46,8946.0,3944,19.72,1054,8946
20000,46,17936.0,8268,41.34,2064,17936
40000,46,35922.0,15282,76.41,4078,35922
60000,46,53814.0,20689,103.44,6186,53814
80000,46,71921.0,20696,103.48,8079,71921
100000,46,89808.0,23484,117.42,10192,89808
2,47,2.0,1,0.01,0,2
3,47,3.0,2,0.01,0,3
100,47,95.0,54,0.27,5,95
200,47,186.0,102,0.51,14,186
2000,47,1808.0,1272,6.36,192,1808
10000,47,9001.0,4734,23.67,999,9001
20000,47,18008.0,7273,36.37,1992,18008
40000,47,35873.0,12674,63.37,4127,35873
60000,47,53860.0,14819,74.1,6140,53860
80000,47,71834.0,16496,82.48,8166,71834
100000,47,89787.0,27596,137.98,10213,89787
2,48,1.0,1,0.01,1,1
3,48,1.0,2,0.01,2,1
100,48,92.0,48,0.24,8,92
200,48,179.0,100,0.5,21,179
2000,48,1793.0,1192,5.96,207,1793
10000,48,8976.0,5842,29.21,1024,8976
20000,48,17912.0,11035,55.18,2088,17912
40000,48,35909.0,17209,86.04,4091,35909
60000,48,53875.0,21129,105.64,6125,53875
80000,48,71861.0,29201,146.0,8139,71861
100000,48,89882.0,30798,153.99,10118,89882
2,49,2.0,1,0.01,0,2
3,49,3.0,2,0.01,0,3
100,49,92.0,50,0.25,8,92
200,49,178.0,100,0.5,22,178
2000,49,1809.0,918,4.59,191,1809
10000,49,9019.0,4707,23.53,981,9019
20000,49,17989.0,7862,39.31,2011,17989
40000,49,35977.0,18502,92.51,4023,35977
60000,49,53985.0,21236,106.18,6015,53985
80000,49,71980.0,28065,140.32,8020,71980
100000,49,89997.0,31397,156.98,10003,89997
2,50,2.0,1,0.01,0,2
3,50,3.0,2,0.01,0,3
100,50,88.0,59,0.3,12,88
200,50,177.0,139,0.7,23,177
2000,50,1806.0,984,4.92,194,1806
10000,50,8985.0,4212,21.06,1015,8985
20000,50,17929.0,6480,32.4,2071,17929
40000,50,35876.0,18230,91.15,4124,35876
60000,50,53850.0,24673,123.36,6150,53850
80000,50,71895.0,26031,130.15,8105,71895
100000,50,89826.0,29573,147.86,10174,89826
2,51,2.0,1,0.01,0,2
3,51,3.0,2,0.01,0,3
100,51,91.0,61,0.31,9,91
200,51,180.0,96,0.48,20,180
2000,51,1811.0,930,4.65,189,1811
10000,51,8994.0,4791,23.95,1006,8994
20000,51,17934.0,9293,46.47,2066,17934
40000,51,35960.0,16932,84.66,4040,35960
60000,51,53963.0,21169,105.84,6037,53963
80000,51,71876.0,27386,136.93,8124,71876
100000,51,89891.0,28434,142.17,10109,89891
2,52,1.0,1,0.01,1,1
3,52,2.0,1,0.01,1,2
100,52,88.0,41,0.21,12,88
200,52,175.0,62,0.31,25,175
2000,52,1793.0,932,4.66,207,1793
10000,52,8973.0,4546,22.73,1027,8973
20000,52,17999.0,6765,33.82,2001,17999
40000,52,36035.0,9047,45.24,3965,36035
60000,52,53943.0,13758,68.79,6057,53943
80000,52,71839.0,20739,103.69,8161,71839
100000,52,89813.0,22646,113.23,10187,89813
2,53,2.0,1,0.01,0,2
3,53,3.0,2,0.01,0,3
100,53,87.0,41,0.21,13,87
200,53,179.0,82,0.41,21,179
2000,53,1775.0,1115,5.57,225,1775
10000,53,8953.0,5007,25.03,1047,8953
20000,53,17930.0,9669,48.35,2070,17930
40000,53,35874.0,17550,87.75,4126,35874
60000,53,53835.0,19702,98.51,6165,53835
80000,53,71839.0,21535,107.67,8161,71839
100000,53,89753.0,29718,148.59,10247,89753
2,54,1.0,1,0.01,1,1
3,54,2.0,1,0.01,1,2
100,54,89.0,56,0.28,11,89
200,54,171.0,124,0.62,29,171
2000,54,1790.0,1059,5.29,210,1790
10000,54,8936.0,4372,21.86,1064,8936
20000,54,17935.0,6869,34.34,2065,17935
40000,54,35945.0,17956,89.78,4055,35945
60000,54,53938.0,21633,108.16,6062,53938
80000,54,71959.0,31624,158.12,8041,71959
100000,54,89951.0,35699,178.49,10049,89951
2,55,2.0,1,0.01,0,2
3,55,3.0,2,0.01,0,3
100,55,86.0,45,0.23,14,86
200,55,175.0,81,0.41,25,175
2000,55,1782.0,1066,5.33,218,1782
10000,55,8919.0,4520,22.6,1081,8919
20000,55,17904.0,7126,35.63,2096,17904
40000,55,35922.0,10057,50.29,4078,35922
60000,55,53909.0,21136,105.68,6091,53909
80000,55,71873.0,27260,136.3,8127,71873
100000,55,89885.0,29068,145.34,10115,89885
2,56,2.0,1,0.01,0,2
3,56,3.0,2,0.01,0,3
100,56,90.0,65,0.33,10,90
200,56,179.0,136,0.68,21,179
2000,56,1798.0,1064,5.32,202,1798
10000,56,8953.0,4173,20.87,1047,8953
20000,56,17978.0,8854,44.27,2022,17978
40000,56,35933.0,15155,75.78,4067,35933
60000,56,53937.0,16858,84.29,6063,53937
80000,56,72001.0,19928,99.64,7999,72001
100000,56,89983.0,25766,128.83,10017,89983
2,57,2.0,1,0.01,0,2
3,57,3.0,2,0.01,0,3
100,57,91.0,36,0.18,9,91
200,57,179.0,96,0.48,21,179
2000,57,1767.0,525,2.62,233,1767
10000,57,8950.0,2768,13.84,1050,8950
20000,57,17886.0,5751,28.75,2114,17886
40000,57,35815.0,17792,88.96,4185,35815
60000,57,53906.0,22894,114.47,6094,53906
80000,57,71904.0,27146,135.73,8096,71904
100000,57,89881.0,39002,195.01,10119,89881
2,58,2.0,1,0.01,0,2
3,58,3.0,2,0.01,0,3
100,58,88.0,73,0.37,12,88
200,58,179.0,112,0.56,21,179
2000,58,1809.0,1124,5.62,191,1809
10000,58,8991.0,4600,23.0,1009,8991
20000,58,17955.0,10305,51.53,2045,17955
40000,58,35851.0,19222,96.11,4149,35851
60000,58,53746.0,24979,124.89,6254,53746
80000,58,71680.0,32026,160.13,8320,71680
100000,58,89653.0,34977,174.88,10347,89653
2,59,2.0,1,0.01,0,2
3,59,3.0,2,0.01,0,3
100,59,92.0,61,0.31,8,92
200,59,175.0,134,0.67,25,175
2000,59,1784.0,968,4.84,216,1784
10000,59,8971.0,4784,23.92,1029,8971
20000,59,17987.0,8361,41.81,2013,17987
40000,59,35956.0,16018,80.09,4044,35956
60000,59,53930.0,20637,103.18,6070,53930
80000,59,71906.0,23298,116.49,8094,71906
100000,59,89931.0,23477,117.38,10069,89931
2,60,2.0,1,0.01,0,2
3,60,3.0,2,0.01,0,3
100,60,93.0,55,0.28,7,93
200,60,183.0,116,0.58,17,183
2000,60,1801.0,1230,6.15,199,1801
10000,60,8992.0,5160,25.8,1008,8992
20000,60,17928.0,9588,47.94,2072,17928
40000,60,35891.0,19999,99.99,4109,35891
60000,60,53836.0,22404,112.02,6164,53836
80000,60,71849.0,26216,131.08,8151,71849
100000,60,89881.0,30710,153.55,10119,89881
2,61,2.0,1,0.01,0,2
3,61,3.0,2,0.01,0,3
100,61,92.0,46,0.23,8,92
200,61,185.0,98,0.49,15,185
2000,61,1802.0,547,2.73,198,1802
10000,61,8979.0,3359,16.8,1021,8979
20000,61,17935.0,8785,43.93,2065,17935
40000,61,35914.0,13702,68.51,4086,35914
60000,61,53905.0,21660,108.3,6095,53905
80000,61,71798.0,27892,139.46,8202,71798
100000,61,89847.0,29070,145.35,10153,89847
2,62,2.0,1,0.01,0,2
3,62,3.0,2,0.01,0,3
100,62,91.0,67,0.34,9,91
200,62,185.0,113,0.57,15,185
2000,62,1782.0,1092,5.46,218,1782
10000,62,8973.0,5813,29.06,1027,8973
20000,62,17903.0,9461,47.31,2097,17903
40000,62,35962.0,14716,73.58,4038,35962
60000,62,53958.0,17456,87.28,6042,53958
80000,62,71920.0,21112,105.56,8080,71920
100000,62,89830.0,23490,117.45,10170,89830
2,63,2.0,1,0.01,0,2
3,63,3.0,2,0.01,0,3
100,63,86.0,49,0.25,14,86
200,63,174.0,110,0.55,26,174
2000,63,1797.0,1082,5.41,203,1797
10000,63,8976.0,4928,24.64,1024,8976
20000,63,17993.0,7238,36.19,2007,17993
40000,63,35906.0,16800,84.0,4094,35906
60000,63,53863.0,22299,111.49,6137,53863
80000,63,71900.0,23265,116.32,8100,71900
100000,63,89879.0,24436,122.18,10121,89879
2,64,1.0,1,0.01,1,1
3,64,2.0,2,0.01,1,2
100,64,91.0,35,0.18,9,91
200,64,183.0,84,0.42,17,183
2000,64,1820.0,562,2.81,180,1820
10000,64,9020.0,3953,19.77,980,9020
20000,64,18003.0,7403,37.02,1997,18003
40000,64,35971.0,11917,59.59,4029,35971
60000,64,53953.0,13725,68.63,6047,53953
80000,64,71941.0,21471,107.35,8059,71941
100000,64,89922.0,24411,122.05,10078,89922
2,65,1.0,1,0.01,1,1
3,65,2.0,1,0.01,1,2
100,65,89.0,58,0.29,11,89
200,65,179.0,102,0.51,21,179
2000,65,1803.0,952,4.76,197,1803
10000,65,9000.0,5368,26.84,1000,9000
20000,65,18017.0,9863,49.32,1983,18017
40000,65,35961.0,21251,106.25,4039,35961
60000,65,53936.0,28306,141.53,6064,53936
80000,65,71915.0,38873,194.36,8085,71915
100000,65,89898.0,45463,227.31,10102,89898
2,66,2.0,1,0.01,0,2
3,66,2.0,2,0.01,1,2
100,66,90.0,48,0.24,10,90
200,66,180.0,101,0.51,20,180
2000,66,1786.0,1024,5.12,214,1786
10000,66,9009.0,3115,15.58,991,9009
20000,66,18023.0,6567,32.83,1977,18023
40000,66,35991.0,12651,63.26,4009,35991
60000,66,53999.0,22893,114.46,6001,53999
80000,66,71995.0,30354,151.77,8005,71995
100000,66,89952.0,38774,193.87,10048,89952
2,67,2.0,1,0.01,0,2
3,67,3.0,2,0.01,0,3
100,67,89.0,57,0.29,11,89
200,67,184.0,141,0.71,16,184
2000,67,1786.0,974,4.87,214,1786
10000,67,8963.0,6712,33.56,1037,8963
20000,67,17870.0,12399,62.0,2130,17870
40000,67,35791.0,25973,129.86,4209,35791
60000,67,53762.0,33468,167.34,6238,53762
80000,67,71715.0,35480,177.4,8285,71715
100000,67,89655.0,37883,189.41,10345,89655
2,68,1.0,1,0.01,1,1
3,68,2.0,2,0.01,1,2
100,68,95.0,63,0.32,5,95
200,68,188.0,132,0.66,12,188
2000,68,1819.0,1115,5.57,181,1819
10000,68,9012.0,5807,29.03,988,9012
20000,68,17965.0,12954,64.77,2035,17965
40000,68,35885.0,20045,100.22,4115,35885
60000,68,53810.0,26927,134.63,6190,53810
80000,68,71752.0,34276,171.38,8248,71752
100000,68,89699.0,39125,195.62,10301,89699
2,69,2.0,1,0.01,0,2
3,69,3.0,2,0.01,0,3
100,69,93.0,55,0.28,7,93
200,69,186.0,115,0.58,14,186
2000,69,1787.0,920,4.6,213,1787
10000,69,8966.0,3791,18.96,1034,8966
20000,69,17901.0,8162,40.81,2099,17901
40000,69,35868.0,15021,75.11,4132,35868
60000,69,53800.0,21352,106.76,6200,53800
80000,69,71757.0,25720,128.6,8243,71757
100000,69,89751.0,27858,139.29,10249,89751
2,70,2.0,1,0.01,0,2
3,70,3.0,2,0.01,0,3
100,70,87.0,39,0.2,13,87
200,70,180.0,94,0.47,20,180
2000,70,1794.0,1164,5.82,206,1794
10000,70,8958.0,4394,21.97,1042,8958
20000,70,17958.0,7810,39.05,2042,17958
40000,70,35965.0,12181,60.91,4035,35965
60000,70,54023.0,12848,64.24,5977,54023
80000,70,72004.0,16659,83.29,7996,72004
100000,70,90041.0,19465,97.32,9959,90041
2,71,2.0,1,0.01,0,2
3,71,3.0,2,0.01,0,3
100,71,91.0,48,0.24,9,91
200,71,182.0,97,0.49,18,182
2000,71,1810.0,894,4.47,190,1810
10000,71,8989.0,4051,20.26,1011,8989
20000,71,17935.0,8739,43.7,2065,17935
40000,71,35965.0,14446,72.23,4035,35965
60000,71,53951.0,17684,88.42,6049,53951
80000,71,71909.0,21914,109.57,8091,71909
100000,71,90011.0,22025,110.12,9989,90011
2,72,2.0,1,0.01,0,2
3,72,2.0,2,0.01,1,2
100,72,90.0,38,0.19,10,90
200,72,182.0,79,0.4,18,182
2000,72,1796.0,849,4.24,204,1796
10000,72,8940.0,4320,21.6,1060,8940
20000,72,17911.0,8865,44.33,2089,17911
40000,72,35907.0,19920,99.6,4093,35907
60000,72,53854.0,22845,114.22,6146,53854
80000,72,71838.0,25519,127.59,8162,71838
100000,72,89802.0,36473,182.36,10198,89802
2,73,2.0,1,0.01,0,2
3,73,3.0,2,0.01,0,3
100,73,95.0,54,0.27,5,95
200,73,187.0,90,0.45,13,187
2000,73,1797.0,533,2.66,203,1797
10000,73,8942.0,4667,23.33,1058,8942
20000,73,17947.0,6480,32.4,2053,17947
40000,73,35926.0,12518,62.59,4074,35926
60000,73,53894.0,22004,110.02,6106,53894
80000,73,71917.0,27713,138.56,8083,71917
100000,73,89825.0,38985,194.92,10175,89825
2,74,2.0,1,0.01,0,2
3,74,3.0,2,0.01,0,3
100,74,92.0,45,0.23,8,92
200,74,183.0,92,0.46,17,183
2000,74,1792.0,1080,5.4,208,1792
10000,74,8921.0,5276,26.38,1079,8921
20000,74,17906.0,11083,55.42,2094,17906
40000,74,35850.0,18599,92.99,4150,35850
60000,74,53881.0,19467,97.33,6119,53881
80000,74,71853.0,24161,120.8,8147,71853
100000,74,89853.0,26455,132.27,10147,89853
2,75,2.0,1,0.01,0,2
3,75,2.0,2,0.01,1,2
100,75,87.0,55,0.28,13,87
200,75,179.0,134,0.67,21,179
2000,75,1781.0,989,4.94,219,1781
10000,75,8978.0,5361,26.8,1022,8978
20000,75,17983.0,9712,48.56,2017,17983
40000,75,35947.0,19132,95.66,4053,35947
60000,75,53860.0,25732,128.66,6140,53860
80000,75,71874.0,28976,144.88,8126,71874
100000,75,89843.0,37405,187.02,10157,89843
2,76,1.0,1,0.01,1,1
3,76,1.0,1,0.01,2,1
100,76,87.0,40,0.2,13,87
200,76,177.0,105,0.53,23,177
2000,76,1804.0,973,4.86,196,1804
10000,76,8960.0,3900,19.5,1040,8960
20000,76,17938.0,10666,53.33,2062,17938
40000,76,35907.0,17340,86.7,4093,35907
60000,76,53911.0,25803,129.01,6089,53911
80000,76,71891.0,29194,145.97,8109,71891
100000,76,89836.0,32125,160.62,10164,89836
2,77,1.0,1,0.01,1,1
3,77,2.0,2,0.01,1,2
100,77,95.0,54,0.27,5,95
200,77,187.0,110,0.55,13,187
2000,77,1810.0,1156,5.78,190,1810
10000,77,9027.0,6111,30.55,973,9027
20000,77,18016.0,10622,53.11,1984,18016
40000,77,36001.0,15362,76.81,3999,36001
60000,77,53983.0,18332,91.66,6017,53983
80000,77,71936.0,20972,104.86,8064,71936
100000,77,89875.0,25878,129.39,10125,89875
2,78,1.0,1,0.01,1,1
3,78,2.0,2,0.01,1,2
100,78,89.0,58,0.29,11,89
200,78,181.0,125,0.63,19,181
2000,78,1816.0,951,4.75,184,1816
10000,78,9004.0,4606,23.03,996,9004
20000,78,17968.0,9538,47.69,2032,17968
40000,78,35898.0,20429,102.14,4102,35898
60000,78,53880.0,31314,156.57,6120,53880
80000,78,71924.0,39331,196.65,8076,71924
100000,78,89858.0,46722,233.61,10142,89858
2,79,2.0,1,0.01,0,2
3,79,3.0,2,0.01,0,3
100,79,94.0,54,0.27,6,94
200,79,180.0,111,0.56,20,180
2000,79,1780.0,708,3.54,220,1780
10000,79,8968.0,2336,11.68,1032,8968
20000,79,17954.0,4304,21.52,2046,17954
40000,79,35907.0,6757,33.78,4093,35907
60000,79,53830.0,11109,55.55,6170,53830
80000,79,71874.0,13304,66.52,8126,71874
100000,79,89822.0,14452,72.26,10178,89822
2,80,2.0,1,0.01,0,2
3,80,3.0,2,0.01,0,3
100,80,88.0,50,0.25,12,88
200,80,175.0,101,0.51,25,175
2000,80,1797.0,1225,6.12,203,1797
10000,80,8965.0,6334,31.67,1035,8965
20000,80,17949.0,11424,57.12,2051,17949
40000,80,35919.0,18867,94.33,4081,35919
60000,80,53844.0,28267,141.33,6156,53844
80000,80,71781.0,39488,197.44,8219,71781
100000,80,89676.0,48165,240.82,10324,89676
2,81,1.0,1,0.01,1,1
3,81,1.0,1,0.01,2,1
100,81,83.0,46,0.23,17,83
200,81,177.0,78,0.39,23,177
2000,81,1788.0,1273,6.36,212,1788
10000,81,8959.0,4734,23.67,1041,8959
20000,81,17925.0,8136,40.68,2075,17925
40000,81,35900.0,17245,86.22,4100,35900
60000,81,53906.0,22810,114.05,6094,53906
80000,81,71908.0,25240,126.2,8092,71908
100000,81,89888.0,35123,175.61,10112,89888
2,82,2.0,1,0.01,0,2
3,82,3.0,2,0.01,0,3
100,82,92.0,65,0.33,8,92
200,82,185.0,112,0.56,15,185
2000,82,1786.0,707,3.53,214,1786
10000,82,8983.0,5370,26.85,1017,8983
20000,82,17993.0,8052,40.26,2007,17993
40000,82,35979.0,17049,85.24,4021,35979
60000,82,53955.0,23809,119.04,6045,53955
80000,82,71901.0,26667,133.33,8099,71901
100000,82,89917.0,29529,147.64,10083,89917
2,83,2.0,1,0.01,0,2
3,83,3.0,2,0.01,0,3
100,83,85.0,35,0.18,15,85
200,83,175.0,80,0.4,25,175
2000,83,1796.0,1470,7.35,204,1796
10000,83,8961.0,7772,38.86,1039,8961
20000,83,17949.0,12088,60.44,2051,17949
40000,83,35971.0,22570,112.85,4029,35971
60000,83,53877.0,29645,148.22,6123,53877
80000,83,71886.0,48270,241.35,8114,71886
100000,83,89826.0,56142,280.71,10174,89826
2,84,1.0,1,0.01,1,1
3,84,1.0,2,0.01,2,1
100,84,83.0,46,0.23,17,83
200,84,170.0,104,0.52,30,170
2000,84,1797.0,802,4.01,203,1797
10000,84,8992.0,3565,17.83,1008,8992
20000,84,17958.0,5753,28.76,2042,17958
40000,84,35926.0,11348,56.74,4074,35926
60000,84,53904.0,16651,83.25,6096,53904
80000,84,71932.0,18027,90.13,8068,71932
100000,84,89823.0,21809,109.04,10177,89823
2,85,2.0,1,0.01,0,2
3,85,3.0,2,0.01,0,3
100,85,90.0,35,0.18,10,90
200,85,180.0,63,0.32,20,180
2000,85,1780.0,971,4.85,220,1780
10000,85,8970.0,4707,23.53,1030,8970
20000,85,17981.0,7244,36.22,2019,17981
40000,85,35930.0,16344,81.72,4070,35930
60000,85,53937.0,22796,113.98,6063,53937
80000,85,71833.0,27429,137.14,8167,71833
100000,85,89807.0,29776,148.88,10193,89807
2,86,1.0,1,0.01,1,1
3,86,2.0,1,0.01,1,2
100,86,91.0,50,0.25,9,91
200,86,180.0,105,0.53,20,180
2000,86,1819.0,983,4.91,181,1819
10000,86,9025.0,3781,18.91,975,9025
20000,86,18062.0,8949,44.75,1938,18062
40000,86,35980.0,16264,81.32,4020,35980
60000,86,53954.0,22116,110.58,6046,53954
80000,86,71917.0,28154,140.77,8083,71917
100000,86,89859.0,31207,156.03,10141,89859
2,87,1.0,1,0.01,1,1
3,87,2.0,1,0.01,1,2
100,87,90.0,50,0.25,10,90
200,87,185.0,100,0.5,15,185
2000,87,1801.0,867,4.33,199,1801
10000,87,9012.0,3890,19.45,988,9012
20000,87,17959.0,6614,33.07,2041,17959
40000,87,35880.0,17279,86.39,4120,35880
60000,87,53825.0,20202,101.01,6175,53825
80000,87,71796.0,23443,117.21,8204,71796
100000,87,89779.0,28815,144.07,10221,89779
2,88,1.0,1,0.01,1,1
3,88,2.0,1,0.01,1,2
100,88,89.0,50,0.25,11,89
200,88,176.0,105,0.53,24,176
2000,88,1790.0,819,4.09,210,1790
10000,88,9036.0,4405,22.02,964,9036
20000,88,18018.0,7465,37.33,1982,18018
40000,88,36026.0,12827,64.14,3974,36026
60000,88,53958.0,21909,109.54,6042,53958
80000,88,71877.0,29209,146.04,8123,71877
100000,88,89798.0,33284,166.42,10202,89798
2,89,1.0,1,0.01,1,1
3,89,1.0,2,0.01,2,1
100,89,92.0,28,0.14,8,92
200,89,180.0,50,0.25,20,180
2000,89,1817.0,1118,5.59,183,1817
10000,89,8993.0,4547,22.73,1007,8993
20000,89,17990.0,7939,39.7,2010,17990
40000,89,35941.0,13927,69.64,4059,35941
60000,89,53910.0,17835,89.17,6090,53910
80000,89,71880.0,19107,95.53,8120,71880
100000,89,89832.0,20882,104.41,10168,89832
2,90,1.0,1,0.01,1,1
3,90,2.0,1,0.01,1,2
100,90,91.0,44,0.22,9,91
200,90,178.0,102,0.51,22,178
2000,90,1788.0,849,4.24,212,1788
10000,90,8985.0,6070,30.35,1015,8985
20000,90,17966.0,9700,48.5,2034,17966
40000,90,35890.0,18608,93.04,4110,35890
60000,90,53885.0,28113,140.56,6115,53885
80000,90,71793.0,37997,189.98,8207,71793
100000,90,89738.0,40687,203.43,10262,89738
2,91,2.0,1,0.01,0,2
3,91,3.0,2,0.01,0,3
100,91,95.0,54,0.27,5,95
200,91,188.0,108,0.54,12,188
2000,91,1810.0,1207,6.03,190,1810
10000,91,8991.0,5229,26.14,1009,8991
20000,91,17979.0,9809,49.05,2021,17979
40000,91,35880.0,17446,87.23,4120,35880
60000,91,53833.0,24561,122.8,6167,53833
80000,91,71928.0,25241,126.2,8072,71928
100000,91,89995.0,25241,126.2,10005,89995
2,92,2.0,1,0.01,0,2
3,92,3.0,2,0.01,0,3
100,92,91.0,56,0.28,9,91
200,92,182.0,111,0.56,18,182
2000,92,1812.0,1040,5.2,188,1812
10000,92,8981.0,3595,17.98,1019,8981
20000,92,17973.0,5783,28.91,2027,17973
40000,92,35954.0,9941,49.71,4046,35954
60000,92,53950.0,11207,56.04,6050,53950
80000,92,71940.0,13766,68.83,8060,71940
100000,92,89930.0,16260,81.3,10070,89930
2,93,1.0,1,0.01,1,1
3,93,2.0,1,0.01,1,2
100,93,94.0,50,0.25,6,94
200,93,183.0,99,0.5,17,183
2000,93,1789.0,1073,5.36,211,1789
10000,93,8979.0,3481,17.41,1021,8979
20000,93,17988.0,7767,38.84,2012,17988
40000,93,36000.0,13852,69.26,4000,36000
60000,93,54045.0,18774,93.87,5955,54045
80000,93,71941.0,28273,141.36,8059,71941
100000,93,89913.0,32276,161.38,10087,89913
2,94,2.0,1,0.01,0,2
3,94,3.0,2,0.01,0,3
100,94,88.0,50,0.25,12,88
200,94,179.0,103,0.52,21,179
2000,94,1805.0,830,4.15,195,1805
10000,94,8995.0,3717,18.59,1005,8995
20000,94,18017.0,6442,32.21,1983,18017
40000,94,35985.0,13679,68.4,4015,35985
60000,94,53937.0,16898,84.49,6063,53937
80000,94,71942.0,20717,103.58,8058,71942
100000,94,89906.0,22657,113.28,10094,89906
2,95,2.0,1,0.01,0,2
3,95,3.0,2,0.01,0,3
100,95,93.0,45,0.23,7,93
200,95,186.0,104,0.52,14,186
2000,95,1797.0,867,4.33,203,1797
10000,95,9052.0,5197,25.98,948,9052
20000,95,17978.0,11568,57.84,2022,17978
40000,95,35910.0,24156,120.78,4090,35910
60000,95,53916.0,28573,142.86,6084,53916
80000,95,71942.0,32757,163.78,8058,71942
100000,95,89957.0,36478,182.39,10043,89957
2,96,2.0,1,0.01,0,2
3,96,3.0,2,0.01,0,3
100,96,88.0,75,0.38,12,88
200,96,178.0,152,0.76,22,178
2000,96,1774.0,939,4.69,226,1774
10000,96,8884.0,3978,19.89,1116,8884
20000,96,17820.0,6990,34.95,2180,17820
40000,96,35763.0,21798,108.99,4237,35763
60000,96,53858.0,22787,113.93,6142,53858
80000,96,71777.0,28176,140.88,8223,71777
100000,96,89708.0,34074,170.37,10292,89708
2,97,2.0,1,0.01,0,2
3,97,3.0,2,0.01,0,3
100,97,89.0,58,0.29,11,89
200,97,176.0,110,0.55,24,176
2000,97,1802.0,763,3.81,198,1802
10000,97,8975.0,3860,19.3,1025,8975
20000,97,18002.0,6240,31.2,1998,18002
40000,97,35980.0,9736,48.68,4020,35980
60000,97,53936.0,16919,84.59,6064,53936
80000,97,71938.0,20321,101.6,8062,71938
100000,97,89892.0,26172,130.86,10108,89892
2,98,2.0,1,0.01,0,2
3,98,2.0,2,0.01,1,2
100,98,85.0,59,0.3,15,85
200,98,174.0,118,0.59,26,174
2000,98,1806.0,1066,5.33,194,1806
10000,98,9030.0,4440,22.2,970,9030
20000,98,17996.0,9207,46.04,2004,17996
40000,98,35987.0,16577,82.88,4013,35987
60000,98,53958.0,22112,110.56,6042,53958
80000,98,71951.0,25236,126.18,8049,71951
100000,98,89884.0,28985,144.92,10116,89884
2,99,2.0,1,0.01,0,2
3,99,3.0,2,0.01,0,3
100,99,91.0,56,0.28,9,91
200,99,181.0,137,0.69,19,181
2000,99,1796.0,960,4.8,204,1796
10000,99,8981.0,3466,17.33,1019,8981
20000,99,17923.0,6520,32.6,2077,17923
40000,99,35892.0,8143,40.72,4108,35892
60000,99,53893.0,10837,54.19,6107,53893
80000,99,71799.0,13722,68.61,8201,71799
100000,99,89857.0,13873,69.37,10143,89857
2,100,2.0,1,0.01,0,2
3,100,3.0,2,0.01,0,3
100,100,91.0,56,0.28,9,91
200,100,188.0,100,0.5,12,188
2000,100,1778.0,1150,5.75,222,1778
10000,100,8962.0,4742,23.71,1038,8962
20000,100,17950.0,9605,48.03,2050,17950
40000,100,35950.0,24390,121.95,4050,35950
60000,100,53947.0,31445,157.22,6053,53947
80000,100,71853.0,36248,181.24,8147,71853
100000,100,89788.0,47253,236.26,10212,89788
