Timestep,Iteration,Total Reward,Suboptimal Arms,Total Regret,Zeros Count,Ones Count
2,1,1.6108735179478417,1,0.01,2,0
3,1,2.7173734720490788,1,0.01,1,2
100,1,90.22184066512396,49,0.25,47,53
200,1,171.36420112668324,128,0.64,110,90
2000,1,1809.2807253858225,777,3.88,956,1044
10000,1,8976.178415498398,4750,23.75,4972,5028
20000,1,17931.08885147886,7908,39.54,10090,9910
40000,1,35864.28780382017,18630,93.15,20085,19915
60000,1,53674.62713019617,22967,114.83,30252,29748
80000,1,71807.06625083531,32202,161.01,40027,39973
100000,1,89951.59059013502,39556,197.78,49780,50220
2,2,1.7048734192788662,1,0.01,1,1
3,2,2.0053078257524763,1,0.01,2,1
100,2,92.63262439953364,42,0.21,47,53
200,2,174.13254767231822,83,0.42,105,95
2000,2,1789.4941449983019,1150,5.75,997,1003
10000,2,8951.471615810924,3800,19.0,5063,4937
20000,2,17886.26005755911,9841,49.21,10062,9938
40000,2,35955.57102118551,16073,80.36,20011,19989
60000,2,53839.63474792485,23954,119.77,30076,29924
80000,2,72055.92169038733,19977,99.88,39916,40084
100000,2,89937.86158889637,41144,205.72,49804,50196
2,3,1.3098661798572813,1,0.01,2,0
3,3,3.421566800707458,1,0.01,0,3
100,3,86.48284292997326,63,0.32,58,42
200,3,181.54404195478983,66,0.33,95,105
2000,3,1795.6203237936143,1099,5.49,1004,996
10000,3,8970.655506998828,3903,19.52,5010,4990
20000,3,17887.272291286594,11346,56.73,10063,9937
40000,3,35859.051321590705,15314,76.57,20091,19909
60000,3,53760.280092007684,22486,112.43,30098,29902
80000,3,71938.6042348817,30025,150.12,39883,40117
100000,3,89992.9950064265,33824,169.12,49871,50129
2,4,2.264231986643113,1,0.01,0,2
3,4,3.5240017080632957,1,0.01,1,2
100,4,89.21988252801933,41,0.21,49,51
200,4,171.83726236158557,140,0.7,106,94
2000,4,1792.1810643570716,1066,5.33,1000,1000
10000,4,9018.307674002572,3727,18.64,4894,5106
20000,4,17952.33813832642,8519,42.6,9975,10025
40000,4,35878.677877221664,17546,87.73,20137,19863
60000,4,54051.62474062152,25933,129.66,29801,30199
80000,4,71831.71918979766,35078,175.39,40012,39988
100000,4,89793.84840474624,45668,228.34,49943,50057
2,5,1.792881845036308,1,0.01,1,1
3,5,2.670660411695876,1,0.01,2,1
100,5,88.61528722908693,55,0.28,47,53
200,5,172.07894853405676,104,0.52,105,95
2000,5,1790.3612675150084,1001,5.0,1004,996
10000,5,8945.380528147269,4961,24.8,5018,4982
20000,5,17974.958002549556,9101,45.51,9930,10070
40000,5,35843.25483946426,13103,65.52,20194,19806
60000,5,53870.77319587662,26461,132.3,30022,29978
80000,5,71945.59737505423,24235,121.17,39911,40089
100000,5,89849.24464190709,31127,155.63,50104,49896
2,6,1.6796718454684685,1,0.01,1,1
3,6,2.9273693241489442,1,0.01,1,2
100,6,87.71853848012353,58,0.29,59,41
200,6,181.66524259873918,92,0.46,97,103
2000,6,1790.6593506664487,1154,5.77,1003,997
10000,6,8936.905973281619,4350,21.75,5021,4979
20000,6,17983.838560653396,8676,43.38,9945,10055
40000,6,35945.52888340578,20870,104.35,19956,20044
60000,6,53820.11939801982,22498,112.49,30208,29792
80000,6,71740.31676549166,28626,143.13,40204,39796
100000,6,89941.36015259985,34920,174.6,49767,50233
2,7,1.249874252324863,1,0.01,2,0
3,7,3.477276844596405,1,0.01,1,2
100,7,94.36956217426265,37,0.19,43,57
200,7,175.49854054052508,83,0.42,110,90
2000,7,1788.8420632951575,825,4.12,1009,991
10000,7,8985.697923626583,4599,22.99,4969,5031
20000,7,17866.170577215606,10374,51.87,10029,9971
40000,7,35945.60574169152,12140,60.7,19949,20051
60000,7,53992.834533042165,24047,120.23,29841,30159
80000,7,71724.07351456594,29057,145.28,40218,39782
100000,7,89681.50551572858,46359,231.79,50230,49770
2,8,1.852390573474009,1,0.01,1,1
3,8,2.8076757348170354,1,0.01,2,1
100,8,89.74301113250071,42,0.21,56,44
200,8,185.75334236989997,94,0.47,102,98
2000,8,1801.279646133694,1019,5.09,986,1014
10000,8,8979.801479225052,3621,18.11,5021,4979
20000,8,17912.509698907314,8262,41.31,10024,9976
40000,8,35940.24449341311,20269,101.34,19849,20151
60000,8,53919.66952303939,24838,124.19,29889,30111
80000,8,71784.70723880662,32338,161.69,40012,39988
100000,8,89853.84314845364,40512,202.56,49882,50118
2,9,2.4145740699520855,1,0.01,0,2
3,9,2.22660982666625,1,0.01,2,1
100,9,94.24375558531531,37,0.19,47,53
200,9,180.80382254901127,126,0.63,103,97
2000,9,1797.4311745837038,924,4.62,1002,998
10000,9,9029.060003196488,3809,19.05,4925,5075
20000,9,17941.354230394158,9215,46.08,9945,10055
40000,9,35955.37742178214,17896,89.48,19972,20028
60000,9,53827.6242263398,25289,126.44,30100,29900
80000,9,71673.92961340726,33318,166.59,40324,39676
100000,9,89648.44799755295,40726,203.63,50450,49550
2,10,1.6734802568133875,1,0.01,1,1
3,10,1.5941787565164711,1,0.01,2,1
100,10,89.17731759336962,55,0.28,51,49
200,10,180.56293694308212,88,0.44,98,102
2000,10,1815.8879790683984,1251,6.25,970,1030
10000,10,8983.697234250985,4384,21.92,5004,4996
20000,10,17978.28712021162,10007,50.04,10014,9986
40000,10,35998.3024684383,10984,54.92,19920,20080
60000,10,53850.54437685163,24554,122.77,29980,30020
80000,10,71874.62344496476,29845,149.22,39867,40133
100000,10,89712.67580981937,40196,200.98,50215,49785
2,11,1.6937487108279825,1,0.01,1,1
3,11,2.904014514658019,1,0.01,1,2
100,11,90.74265767590519,37,0.19,48,52
200,11,172.73178801022937,140,0.7,99,101
2000,11,1789.8082557114383,869,4.34,1013,987
10000,11,8960.358273828297,5448,27.24,4993,5007
20000,11,17978.231900642106,10212,51.06,9892,10108
40000,11,35950.71417413788,19407,97.03,19919,20081
60000,11,53909.49692775334,20942,104.71,30057,29943
80000,11,71747.61079974244,29746,148.73,40116,39884
100000,11,89806.57844487211,43266,216.33,49941,50059
2,12,1.8999890932728238,1,0.01,1,1
3,12,1.7230321765924435,1,0.01,3,0
100,12,90.55181249442505,42,0.21,50,50
200,12,177.41223534990414,93,0.47,99,101
2000,12,1796.183553269389,796,3.98,998,1002
10000,12,8972.636914831439,4134,20.67,5018,4982
20000,12,17993.54942052425,9984,49.92,9949,10051
40000,12,35923.553071409304,16884,84.42,20059,19941
60000,12,53953.34915452829,24373,121.86,29889,30111
80000,12,71914.72413801624,23040,115.2,39935,40065
100000,12,89878.70501301611,37125,185.62,49909,50091
2,13,2.2715484018287837,1,0.01,0,2
3,13,2.1155300122702165,1,0.01,1,2
100,13,85.38292471259946,50,0.25,60,40
200,13,174.65543385328067,75,0.38,106,94
2000,13,1768.2786978265426,1079,5.39,1042,958
10000,13,9020.80170874448,5608,28.04,4928,5072
20000,13,17971.611603194997,10246,51.23,9905,10095
40000,13,35837.78919983824,16164,80.82,20100,19900
60000,13,53767.843149316526,23735,118.67,29968,30032
80000,13,71724.13912988854,39117,195.58,39959,40041
100000,13,89729.76534873439,37454,187.27,50142,49858
2,14,1.9008652311919176,1,0.01,1,1
3,14,2.720112888812481,1,0.01,1,2
100,14,91.84137620820518,50,0.25,46,54
200,14,185.56054360778805,104,0.52,91,109
2000,14,1781.902082840308,1083,5.41,1039,961
10000,14,8997.739755746801,5122,25.61,4924,5076
20000,14,17976.95245242213,8124,40.62,9871,10129
40000,14,36009.68106689214,17021,85.1,19837,20163
60000,14,53923.316033823074,20830,104.15,29855,30145
80000,14,71804.94472372276,28836,144.18,40137,39863
100000,14,89904.8948815331,30233,151.16,49968,50032
2,15,1.4222724815048378,1,0.01,2,0
3,15,2.1757409442899336,1,0.01,2,1
100,15,85.86194510991574,41,0.21,56,44
200,15,183.11741804897923,94,0.47,99,101
2000,15,1772.4012880104171,907,4.53,1019,981
10000,15,8959.548054056057,4600,23.0,5073,4927
20000,15,17932.098490772627,7786,38.93,10092,9908
40000,15,35881.827608674736,16848,84.24,20007,19993
60000,15,53965.638149994906,19446,97.23,29785,30215
80000,15,71932.39671005539,34262,171.31,39925,40075
100000,15,89704.16014992139,37438,187.19,50367,49633
2,16,1.9303477600335066,1,0.01,0,2
3,16,2.076914044198431,1,0.01,3,0
100,16,91.74039453904702,40,0.2,48,52
200,16,169.41019079240405,73,0.37,118,82
2000,16,1803.6067398412658,1090,5.45,998,1002
10000,16,8995.635565174925,4074,20.37,4991,5009
20000,16,17982.65193999866,10231,51.16,9999,10001
40000,16,35976.66381423525,21587,107.93,19893,20107
60000,16,53818.57614784733,22514,112.57,30133,29867
80000,16,71924.72430424205,29824,149.12,39866,40134
100000,16,89939.17575194236,30781,153.9,49812,50188
2,17,1.959787085155905,1,0.01,1,1
3,17,2.6905200369101223,1,0.01,2,1
100,17,89.64092435023558,46,0.23,53,47
200,17,180.84770251591786,118,0.59,94,106
2000,17,1791.800008409826,906,4.53,998,1002
10000,17,9024.827991780423,4976,24.88,4929,5071
20000,17,17992.138595777516,7278,36.39,9935,10065
40000,17,35961.62102430971,16402,82.01,19939,20061
60000,17,53958.12768574143,20629,103.14,29970,30030
80000,17,71788.68269443717,28727,143.63,40047,39953
100000,17,89849.02243108915,41257,206.28,49939,50061
2,18,1.6605228905681408,1,0.01,1,1
3,18,2.887881405741545,1,0.01,1,2
100,18,82.95410727449432,61,0.31,55,45
200,18,181.4703321854515,132,0.66,101,99
2000,18,1789.1555590625092,1123,5.61,1000,1000
10000,18,8910.165255375741,3831,19.16,5107,4893
20000,18,18044.248980860048,9739,48.7,9955,10045
40000,18,36116.25683369267,19590,97.95,19691,20309
60000,18,53862.44956963523,24462,122.31,29968,30032
80000,18,71759.91162674804,31200,156.0,40038,39962
100000,18,89856.20637310923,31541,157.7,49830,50170
2,19,2.325340410623242,1,0.01,0,2
3,19,2.9942574089503404,1,0.01,1,2
100,19,88.836150027983,63,0.32,46,54
200,19,184.0659635386581,102,0.51,88,112
2000,19,1781.0366788054546,829,4.14,1017,983
10000,19,9011.757245959414,3784,18.92,5006,4994
20000,19,17920.564047662392,7876,39.38,10040,9960
40000,19,35895.704882219645,16475,82.37,20029,19971
60000,19,53960.534400509954,23057,115.28,29856,30144
80000,19,71788.2834458435,30404,152.02,40030,39970
100000,19,89835.96841560176,37523,187.61,49892,50108
2,20,1.451179562501128,1,0.01,2,0
3,20,3.6633055242852395,1,0.01,0,3
100,20,90.72671404565794,63,0.32,49,51
200,20,181.157450414793,91,0.46,102,98
2000,20,1793.1806767243613,1089,5.44,1011,989
10000,20,8993.307617905506,5446,27.23,5003,4997
20000,20,17912.43483472803,7883,39.42,10083,9917
40000,20,35799.793218451254,19026,95.13,20125,19875
60000,20,53918.23542238004,33068,165.34,29816,30184
80000,20,71864.57251485603,28904,144.52,40244,39756
100000,20,89917.81481868908,33444,167.22,49883,50117
2,21,1.979423061372035,1,0.01,0,2
3,21,2.162534444075548,1,0.01,3,0
100,21,89.92011773617948,56,0.28,49,51
200,21,178.72144530720334,97,0.49,103,97
2000,21,1795.55722002707,962,4.81,991,1009
10000,21,8904.830187929185,4880,24.4,5060,4940
20000,21,18035.29258227974,8146,40.73,9865,10135
40000,21,35990.83359869437,16299,81.49,19858,20142
60000,21,53966.595921499546,19650,98.25,29876,30124
80000,21,71797.46621877905,29856,149.28,40029,39971
100000,21,89849.78580513173,36609,183.04,49928,50072
2,22,1.9022893703991515,1,0.01,0,2
3,22,2.485696384920124,1,0.01,3,0
100,22,88.4479280178595,63,0.32,54,46
200,22,178.3651291189946,144,0.72,96,104
2000,22,1796.702025243637,879,4.39,1022,978
10000,22,8964.256606436653,4432,22.16,5043,4957
20000,22,17923.5943089386,10001,50.01,9997,10003
40000,22,35926.30378000413,14513,72.57,19961,20039
60000,22,53878.4566965206,27324,136.62,30027,29973
80000,22,71819.84765103471,30094,150.47,39934,40066
100000,22,89565.75868283573,51923,259.61,50263,49737
2,23,2.611046820526334,1,0.01,0,2
3,23,2.4328035137821535,1,0.01,2,1
100,23,89.31899775643774,63,0.32,55,45
200,23,186.64323748410368,96,0.48,84,116
2000,23,1787.9108862135613,1038,5.19,1016,984
10000,23,8945.875904947388,4414,22.07,5080,4920
20000,23,17904.860777909133,9003,45.02,10085,9915
40000,23,35945.61369088901,22305,111.52,19926,20074
60000,23,53831.991621454625,25002,125.01,29986,30014
80000,23,71865.97930289771,26737,133.68,39800,40200
100000,23,89830.90821496796,39386,196.93,49958,50042
2,24,1.2335306613678279,1,0.01,2,0
3,24,2.6947488844359113,1,0.01,2,1
100,24,91.95758951439926,59,0.3,44,56
200,24,176.32324577966574,69,0.35,105,95
2000,24,1787.5750631196477,900,4.5,1004,996
10000,24,9015.364220032403,5187,25.93,4947,5053
20000,24,17967.627011045563,9129,45.65,9992,10008
40000,24,35922.89702639176,15912,79.56,19886,20114
60000,24,53854.81526656718,24684,123.42,30091,29909
80000,24,71944.06879089322,24320,121.6,39873,40127
100000,24,89862.7001095665,34632,173.16,49870,50130
2,25,1.9147170955086912,1,0.01,1,1
3,25,2.759794373767842,1,0.01,1,2
100,25,90.98629440731223,54,0.27,48,52
200,25,184.2588348107607,94,0.47,92,108
2000,25,1800.005699689882,873,4.36,993,1007
10000,25,9020.515697090175,4722,23.61,4968,5032
20000,25,17990.546662914905,8166,40.83,9912,10088
40000,25,35905.53980317134,16659,83.29,20045,19955
60000,25,53859.69097500062,20672,103.36,30015,29985
80000,25,71677.17286365776,33897,169.48,40145,39855
100000,25,89656.01553059225,35515,177.57,50205,49795
2,26,1.9017557012392148,1,0.01,1,1
3,26,3.2492550712746118,1,0.01,0,3
100,26,86.78427305573626,50,0.25,52,48
200,26,181.55586636566377,104,0.52,99,101
2000,26,1792.708511479019,899,4.49,977,1023
10000,26,8965.929481855435,4911,24.55,4975,5025
20000,26,17944.224613513547,7836,39.18,10076,9924
40000,26,36019.74826217865,14266,71.33,20071,19929
60000,26,53883.88127836089,22478,112.39,30119,29881
80000,26,71927.75272904734,23305,116.52,39857,40143
100000,26,89660.87699114397,39820,199.1,50305,49695
2,27,1.2893429941296877,1,0.01,2,0
3,27,3.05235475989756,1,0.01,2,1
100,27,90.59464794122904,37,0.19,46,54
200,27,181.31885048833914,98,0.49,95,105
2000,27,1793.7848966883264,989,4.94,1001,999
10000,27,9008.95053144828,4602,23.01,4975,5025
20000,27,17938.553916212255,9200,46.0,10033,9967
40000,27,35961.07773871358,20340,101.7,19841,20159
60000,27,53848.28475534449,26389,131.94,30095,29905
80000,27,71810.64977725083,28789,143.94,40022,39978
100000,27,89780.96489120991,38819,194.09,50086,49914
2,28,1.181031896301981,1,0.01,1,1
3,28,2.4334181195874907,1,0.01,2,1
100,28,89.49895145376965,55,0.28,51,49
200,28,182.02668234310806,116,0.58,102,98
2000,28,1760.9893656191946,1205,6.02,1071,929
10000,28,8950.004101798637,4375,21.87,5052,4948
20000,28,17893.806281143006,8110,40.55,10087,9913
40000,28,35936.19024167857,16553,82.76,20008,19992
60000,28,53862.30550376141,32780,163.9,29984,30016
80000,28,71931.6358998529,31218,156.09,39869,40131
100000,28,89812.14366960745,36817,184.08,49994,50006
2,29,1.620482606118007,1,0.01,1,1
3,29,2.848635552537922,1,0.01,1,2
100,29,93.9151541513449,48,0.24,46,54
200,29,179.0798967766211,118,0.59,98,102
2000,29,1791.549971644582,864,4.32,988,1012
10000,29,8972.125362083136,4817,24.08,5020,4980
20000,29,17924.0041480592,9348,46.74,10005,9995
40000,29,35838.4106529264,14186,70.93,20146,19854
60000,29,53875.85956043992,22295,111.47,30013,29987
80000,29,71935.05908718462,31506,157.53,39994,40006
100000,29,89865.23890279308,36753,183.76,49944,50056
2,30,1.0592999364426499,1,0.01,1,1
3,30,3.1010527672452435,1,0.01,1,2
100,30,93.401850231295,48,0.24,43,57
200,30,177.9980057251757,122,0.61,106,94
2000,30,1780.6427968841308,1305,6.52,1037,963
10000,30,8985.550069699224,4577,22.88,4965,5035
20000,30,17899.811082630247,7866,39.33,10000,10000
40000,30,35868.99229183025,23241,116.2,20061,19939
60000,30,53848.31182028043,25082,125.41,30012,29988
80000,30,71796.4975395606,33986,169.93,40000,40000
100000,30,89766.95663140608,45502,227.51,50062,49938
2,31,1.913131564199361,1,0.01,1,1
3,31,2.0476444466526345,1,0.01,3,0
100,31,86.52007597084457,37,0.19,54,46
200,31,178.93601818291032,93,0.47,104,96
2000,31,1787.9408974017083,1046,5.23,987,1013
10000,31,8973.960399431606,4923,24.61,5026,4974
20000,31,17938.06261896788,11100,55.5,10034,9966
40000,31,35885.63033681021,14712,73.56,19867,20133
60000,31,53840.09120387629,22763,113.81,29964,30036
80000,31,71779.07002207566,35341,176.7,39984,40016
100000,31,89612.4267073219,35355,176.77,50370,49630
2,32,1.230783960795071,1,0.01,1,1
3,32,2.507401201620956,1,0.01,2,1
100,32,90.91607777406895,63,0.32,50,50
200,32,177.48303337805427,135,0.68,104,96
2000,32,1793.6918535810414,1193,5.96,1009,991
10000,32,8993.8275217732,3425,17.13,4976,5024
20000,32,18007.00208385863,7542,37.71,9927,10073
40000,32,35873.437877103665,19371,96.85,19945,20055
60000,32,53934.805951047456,19732,98.66,29971,30029
80000,32,71875.89475747853,31939,159.69,39890,40110
100000,32,89827.83186655985,36241,181.2,49820,50180
2,33,1.544931724877911,1,0.01,1,1
3,33,2.553868334620689,1,0.01,1,2
100,33,90.3998758647058,49,0.25,44,56
200,33,180.71033683366238,102,0.51,103,97
2000,33,1788.3800087189586,1213,6.06,1014,986
10000,33,9007.215963171167,4185,20.93,4938,5062
20000,33,17934.44545634847,8619,43.1,10139,9861
40000,33,35820.374971869125,18110,90.55,20136,19864
60000,33,53942.88468592675,24805,124.02,29897,30103
80000,33,72001.49204241634,24546,122.73,39764,40236
100000,33,89919.18279766242,37050,185.25,49779,50221
2,34,2.078104410920871,1,0.01,0,2
3,34,2.6507990313309433,1,0.01,2,1
100,34,89.25511859924708,46,0.23,48,52
200,34,176.26981262264775,119,0.6,108,92
2000,34,1809.220966149168,795,3.97,976,1024
10000,34,8959.648242822912,5452,27.26,4965,5035
20000,34,18007.01936856869,9460,47.3,9889,10111
40000,34,36000.26166660526,15233,76.17,19883,20117
60000,34,53819.15543892049,24874,124.37,30083,29917
80000,34,71827.75360047205,23381,116.9,40017,39983
100000,34,89758.11849068485,41195,205.97,50060,49940
2,35,2.4476462684547693,1,0.01,0,2
3,35,2.2342578691946944,1,0.01,3,0
100,35,90.86308580125153,50,0.25,54,46
200,35,175.05547704889352,110,0.55,104,96
2000,35,1783.7692982979631,875,4.37,1019,981
10000,35,8961.682955042961,4398,21.99,5003,4997
20000,35,17993.361615546626,11251,56.26,9925,10075
40000,35,35942.26792893535,17414,87.07,19986,20014
60000,35,53743.10302651011,24072,120.36,30148,29852
80000,35,71803.75309815742,26249,131.24,40064,39936
100000,35,89817.5194922815,34126,170.63,50004,49996
2,36,0.8695932817814075,1,0.01,2,0
3,36,2.3902413786941277,1,0.01,2,1
100,36,88.5409780369437,42,0.21,50,50
200,36,175.14311266947738,79,0.4,102,98
2000,36,1783.985453071121,1065,5.32,1012,988
10000,36,8986.396340532492,3632,18.16,5020,4980
20000,36,17928.461312987245,9213,46.07,10067,9933
40000,36,35854.85361741941,19691,98.45,20082,19918
60000,36,53858.09526383645,23935,119.67,30037,29963
80000,36,71813.25821925809,24039,120.19,40093,39907
100000,36,89751.27004618746,41082,205.41,50073,49927
2,37,1.1896705337306117,1,0.01,2,0
3,37,3.7280965582936947,1,0.01,0,3
100,37,93.391786501727,49,0.25,47,53
200,37,185.3096048371561,118,0.59,97,103
2000,37,1791.0743436905382,959,4.79,1017,983
10000,37,8991.831874877957,5324,26.62,5000,5000
20000,37,17951.849692506312,9099,45.5,10003,9997
40000,37,35983.526238022496,11884,59.42,19900,20100
60000,37,53737.43725649729,25312,126.56,30184,29816
80000,37,71960.00801866417,27319,136.59,39714,40286
100000,37,89910.64043993018,37336,186.68,49807,50193
2,38,1.0122727238231235,1,0.01,1,1
3,38,4.019946105124909,1,0.01,0,3
100,38,88.21573909496884,50,0.25,51,49
200,38,178.6206392021236,68,0.34,99,101
2000,38,1788.8575754935152,996,4.98,1013,987
10000,38,9027.123364792433,4319,21.59,4941,5059
20000,38,17967.245350302943,8462,42.31,9943,10057
40000,38,35927.17397898612,16627,83.13,19941,20059
60000,38,53844.290516729154,20110,100.55,30101,29899
80000,38,71867.62868973186,31320,156.6,39922,40078
100000,38,89828.30193280712,35688,178.44,49997,50003
2,39,1.819345739188094,1,0.01,1,1
3,39,2.3125185224101967,1,0.01,2,1
100,39,91.4002702682779,52,0.26,51,49
200,39,173.48789771965986,144,0.72,101,99
2000,39,1778.938948107223,933,4.66,1004,996
10000,39,9000.456829090454,5153,25.76,4950,5050
20000,39,18045.667329585984,7450,37.25,9903,10097
40000,39,35972.84336304091,16954,84.77,19781,20219
60000,39,53907.30563284237,28020,140.1,29995,30005
80000,39,71799.76828751438,31315,156.57,40051,39949
100000,39,89789.95328543654,36040,180.2,49847,50153
2,40,2.08091943592426,1,0.01,0,2
3,40,2.5487118336428543,1,0.01,3,0
100,40,87.91243108491327,41,0.21,50,50
200,40,172.99056559121183,126,0.63,107,93
2000,40,1815.917161655859,990,4.95,956,1044
10000,40,8986.618516137978,4917,24.58,5018,4982
20000,40,17944.095508662438,9128,45.64,10027,9973
40000,40,36008.82711987275,13584,67.92,19950,20050
60000,40,53770.567004237964,19008,95.04,30181,29819
80000,40,71876.61359452116,29077,145.38,39912,40088
100000,40,89795.82062868236,37720,188.6,50248,49752
2,41,1.3306381426636098,1,0.01,2,0
3,41,3.3097628590930226,1,0.01,0,3
100,41,89.02526320766073,41,0.21,43,57
200,41,184.8022640929376,109,0.55,95,105
2000,41,1810.8292813794076,1111,5.55,982,1018
10000,41,8959.738993621348,4089,20.45,5009,4991
20000,41,17885.447011902164,8871,44.36,10043,9957
40000,41,35938.97702293569,18746,93.73,20044,19956
60000,41,53785.64275249225,21675,108.37,30102,29898
80000,41,71839.2587827598,33662,168.31,39846,40154
100000,41,89764.1266814968,34796,173.98,50142,49858
2,42,1.9285991885805793,1,0.01,1,1
3,42,3.8100759194058584,1,0.01,0,3
100,42,89.68648280756197,46,0.23,52,48
200,42,181.58269500442137,96,0.48,95,105
2000,42,1807.7106543676534,1090,5.45,1001,999
10000,42,8903.61157883435,3734,18.67,5096,4904
20000,42,17958.497122469613,9807,49.04,10058,9942
40000,42,36001.24596739142,17559,87.79,19894,20106
60000,42,53892.51162719122,27112,135.56,29928,30072
80000,42,71885.34551389108,24762,123.81,39985,40015
100000,42,89896.04661472337,35882,179.41,49860,50140
2,43,2.5013115569020963,1,0.01,0,2
3,43,2.825392274071609,1,0.01,2,1
100,43,84.62200664942145,61,0.31,55,45
200,43,176.0140148304732,128,0.64,101,99
2000,43,1802.3224197039438,889,4.44,993,1007
10000,43,9028.117093110166,5150,25.75,4959,5041
20000,43,18009.795754475457,9039,45.2,9880,10120
40000,43,35784.9075782693,18579,92.89,20128,19872
60000,43,53862.15723754523,28908,144.54,29907,30093
80000,43,71959.94308918578,27531,137.65,39898,40102
100000,43,89962.0379635425,37069,185.34,49760,50240
2,44,2.486577555648038,1,0.01,0,2
3,44,2.4159632241803575,1,0.01,1,2
100,44,92.2684039966772,49,0.25,46,54
200,44,177.57954858572452,128,0.64,98,102
2000,44,1787.3039218867798,1068,5.34,1010,990
10000,44,8941.31682619066,3900,19.5,5047,4953
20000,44,17964.334662525725,8011,40.06,10067,9933
40000,44,35957.634775879014,15949,79.74,19933,20067
60000,44,53899.48214377109,27570,137.85,29887,30113
80000,44,71862.98290843598,34745,173.72,39933,40067
100000,44,89733.50441978699,36385,181.92,50109,49891
2,45,1.6835897558293547,1,0.01,1,1
3,45,2.6747505692216276,1,0.01,1,2
100,45,90.28543711826339,44,0.22,52,48
200,45,183.23024500566743,113,0.57,87,113
2000,45,1793.339684781017,980,4.9,996,1004
10000,45,9014.973483259244,4520,22.6,4953,5047
20000,45,17932.621778928493,8597,42.99,10063,9937
40000,45,35822.49973362331,16847,84.23,20102,19898
60000,45,53852.931316254246,22374,111.87,30038,29962
80000,45,71890.82004754606,22637,113.18,40044,39956
100000,45,89782.90685097882,44020,220.1,50112,49888
2,46,1.8974881239399717,1,0.01,1,1
3,46,2.206855790669845,1,0.01,2,1
100,46,85.60464238573337,53,0.27,53,47
200,46,186.32467333340597,104,0.52,89,111
2000,46,1815.5850572330544,773,3.86,971,1029
10000,46,9017.226929399087,4628,23.14,4948,5052
20000,46,17924.976356711242,7666,38.33,10098,9902
40000,46,35937.89092657988,15878,79.39,19972,20028
60000,46,53959.275674394004,25123,125.61,29976,30024
80000,46,71792.42826596684,25968,129.84,40174,39826
100000,46,89784.10781490154,47495,237.47,49830,50170
2,47,1.627346797884866,1,0.01,1,1
3,47,2.045737187936156,1,0.01,3,0
100,47,88.4043327774524,48,0.24,54,46
200,47,174.69045626291125,79,0.4,111,89
2000,47,1805.6164618485313,763,3.81,980,1020
10000,47,9002.304338977272,3779,18.9,4980,5020
20000,47,18017.22751792625,9054,45.27,9925,10075
40000,47,35834.46059925613,19923,99.61,20158,19842
60000,47,53881.838188375135,27855,139.27,30040,29960
80000,47,71732.37103480953,36268,181.34,40193,39807
100000,47,89676.32934343928,47627,238.13,50096,49904
2,48,1.5845795241359122,1,0.01,2,0
3,48,2.667101958447697,1,0.01,2,1
100,48,93.49621606886652,37,0.19,52,48
200,48,184.66983985784685,125,0.63,98,102
2000,48,1806.311351623786,1017,5.08,958,1042
10000,48,9017.208146580473,4972,24.86,4891,5109
20000,48,17919.306565910007,8541,42.71,10086,9914
40000,48,35902.52457022247,17990,89.95,20047,19953
60000,48,53905.4582763339,25030,125.15,29804,30196
80000,48,71835.9914877531,33102,165.51,39909,40091
100000,48,89898.45186742714,31440,157.2,49814,50186
2,49,1.8012590313961592,1,0.01,1,1
3,49,3.527407329746609,1,0.01,1,2
100,49,87.08323288144366,41,0.21,53,47
200,49,181.55231550036427,101,0.51,92,108
2000,49,1808.872065412453,707,3.53,983,1017
10000,49,8947.499497784056,5499,27.49,4984,5016
20000,49,17980.161675330728,7567,37.84,9984,10016
40000,49,35940.591340027146,18885,94.42,19890,20110
60000,49,53717.176115883834,25275,126.37,30150,29850
80000,49,71790.9091463879,36767,183.83,39992,40008
100000,49,89743.3117506451,42325,211.62,50053,49947
2,50,1.9263408460779397,1,0.01,1,1
3,50,2.933138045119414,1,0.01,1,2
100,50,92.60320153104432,42,0.21,45,55
200,50,177.10257822849965,64,0.32,103,97
2000,50,1781.8843140121594,1071,5.35,1021,979
10000,50,8977.140531513296,5608,28.04,5038,4962
20000,50,18001.947553799917,8739,43.7,9924,10076
40000,50,35919.61982483666,15686,78.43,20032,19968
60000,50,53852.5253200656,21855,109.27,30067,29933
80000,50,71839.53946916881,29817,149.08,40039,39961
100000,50,89719.47014156898,40190,200.95,50119,49881
2,51,2.5825261193460145,1,0.01,0,2
3,51,2.9190592571698843,1,0.01,0,3
100,51,90.47182637774651,53,0.27,51,49
200,51,179.94746334180405,104,0.52,96,104
2000,51,1784.6205977591433,959,4.79,1031,969
10000,51,8921.720276414628,5136,25.68,5106,4894
20000,51,17953.19185283262,9137,45.69,9947,10053
40000,51,35845.89152095765,18022,90.11,20128,19872
60000,51,53967.697507483885,22096,110.48,29956,30044
80000,51,71839.91528914346,28626,143.13,40017,39983
100000,51,89625.92878416544,46482,232.41,50260,49740
2,52,2.3340840334784594,1,0.01,0,2
3,52,3.982995070539385,1,0.01,0,3
100,52,85.24927160114696,60,0.3,59,41
200,52,170.5575634100815,107,0.54,110,90
2000,52,1793.5370801274412,1228,6.14,1008,992
10000,52,8924.467981667325,4709,23.54,5079,4921
20000,52,17995.544685048168,7853,39.27,10005,9995
40000,52,35959.76716112157,18250,91.25,19932,20068
60000,52,54030.779992786025,16595,82.97,29998,30002
80000,52,71895.29937602163,29598,147.99,39954,40046
100000,52,90003.70044173792,30386,151.93,49785,50215
2,53,1.9148527633282528,1,0.01,1,1
3,53,2.1893570945270406,1,0.01,3,0
100,53,94.76492085400146,59,0.3,42,58
200,53,184.12515341830135,115,0.58,101,99
2000,53,1774.0819098569734,1194,5.97,1011,989
10000,53,9000.207654250571,4969,24.84,4955,5045
20000,53,17933.312340336197,9267,46.34,9980,10020
40000,53,35810.88742634704,16512,82.56,20115,19885
60000,53,53835.890589064016,27932,139.66,29962,30038
80000,53,71935.01651811865,29775,148.87,39869,40131
100000,53,89813.76170472529,32937,164.68,50207,49793
2,54,2.2154511833423296,1,0.01,0,2
3,54,3.1754477443748668,1,0.01,2,1
100,54,83.69142409828999,42,0.21,59,41
200,54,184.87443116669277,97,0.49,101,99
2000,54,1787.4267017317336,653,3.26,1024,976
10000,54,8975.811499419517,5379,26.89,5015,4985
20000,54,17940.371811609704,9961,49.81,9991,10009
40000,54,35928.543550457354,17642,88.21,19924,20076
60000,54,53857.28598657649,20384,101.92,30130,29870
80000,54,71996.52115639432,28263,141.31,39963,40037
100000,54,89885.1187532805,35500,177.5,49808,50192
2,55,1.167045699992571,1,0.01,2,0
3,55,4.000508402572064,1,0.01,0,3
100,55,87.31375229348866,50,0.25,57,43
200,55,183.9552613268246,87,0.44,92,108
2000,55,1762.465217741482,981,4.9,1031,969
10000,55,9002.293648455874,4122,20.61,5005,4995
20000,55,17976.623524229653,8966,44.83,9984,10016
40000,55,35873.98764517311,18136,90.68,20147,19853
60000,55,53698.836673042795,26940,134.7,30239,29761
80000,55,71804.34587561457,37700,188.5,39905,40095
100000,55,89590.9210587042,39383,196.91,50400,49600
2,56,2.3894641053783117,1,0.01,0,2
3,56,2.9123759394019144,1,0.01,2,1
100,56,88.10930868326531,53,0.27,58,42
200,56,185.4562023268481,99,0.5,92,108
2000,56,1795.8905433591356,1083,5.41,991,1009
10000,56,8969.71047609499,5715,28.57,4994,5006
20000,56,17927.866315684456,7610,38.05,10069,9931
40000,56,35965.52613091364,18377,91.88,19837,20163
60000,56,53878.329334080365,26336,131.68,29817,30183
80000,56,71870.66828249818,24085,120.42,40002,39998
100000,56,89771.08225646982,39245,196.22,50095,49905
2,57,1.573295810699354,1,0.01,2,0
3,57,2.9743562599861955,1,0.01,2,1
100,57,88.36982163966131,48,0.24,52,48
200,57,181.1522865366377,61,0.31,101,99
2000,57,1807.2638916804988,818,4.09,1009,991
10000,57,8953.398328311067,4497,22.48,5067,4933
20000,57,17925.66068236944,8129,40.65,10063,9937
40000,57,35899.93405672121,18328,91.64,19993,20007
60000,57,53815.88379522041,23441,117.2,30176,29824
80000,57,71839.37057472311,34289,171.44,40025,39975
100000,57,89919.31710519883,35490,177.45,49782,50218
2,58,1.4780747260525902,1,0.01,1,1
3,58,2.5498967648220887,1,0.01,2,1
100,58,91.29109195993782,52,0.26,50,50
200,58,191.99840839585502,153,0.77,93,107
2000,58,1815.3466246904004,820,4.1,973,1027
10000,58,9012.78646060231,4829,24.14,4925,5075
20000,58,17976.436429870515,7307,36.54,9928,10072
40000,58,35814.91093122277,16870,84.35,20112,19888
60000,58,53802.40177160957,26142,130.71,30105,29895
80000,58,71635.79480259647,34883,174.41,40287,39713
100000,58,89700.4483315104,43339,216.69,50323,49677
2,59,1.5766099282681019,1,0.01,1,1
3,59,1.9017731104724562,1,0.01,2,1
100,59,90.47577669251541,52,0.26,51,49
200,59,175.56318781417178,99,0.5,107,93
2000,59,1809.471007499018,1111,5.55,994,1006
10000,59,8953.853008701099,5015,25.07,5022,4978
20000,59,17973.9887431677,8168,40.84,9957,10043
40000,59,35956.576049456984,18289,91.44,19909,20091
60000,59,53869.99510746204,26426,132.13,29891,30109
80000,59,71890.31703713858,33215,166.07,39993,40007
100000,59,89733.93931934633,42736,213.68,50083,49917
2,60,1.2902715524953308,1,0.01,1,1
3,60,2.900658465672328,1,0.01,2,1
100,60,89.05666235529903,58,0.29,50,50
200,60,186.91755093684412,87,0.44,88,112
2000,60,1791.0375533179056,927,4.63,997,1003
10000,60,8986.665373374579,4085,20.43,4988,5012
20000,60,17948.288228268368,10077,50.39,10032,9968
40000,60,35997.93186945123,15255,76.28,19929,20071
60000,60,53837.81014298788,24298,121.49,30097,29903
80000,60,72021.99268324989,25973,129.86,39788,40212
100000,60,89597.03040906333,42852,214.26,50314,49686
2,61,1.441328967569256,1,0.01,2,0
3,61,2.9919540727355285,1,0.01,1,2
100,61,95.7311749743438,56,0.28,44,56
200,61,179.9067614085521,87,0.44,96,104
2000,61,1806.4364177408897,918,4.59,984,1016
10000,61,8972.827808458593,4502,22.51,5044,4956
20000,61,18033.921303070518,8667,43.34,9854,10146
40000,61,35916.49619115398,17044,85.22,20086,19914
60000,61,53886.15625127274,22842,114.21,29982,30018
80000,61,71749.22998176809,27108,135.54,40001,39999
100000,61,89711.73587946309,41359,206.79,50097,49903
2,62,2.161704064437191,1,0.01,1,1
3,62,2.0985225198520334,1,0.01,3,0
100,62,86.08421823297914,49,0.25,52,48
200,62,182.85677583135973,123,0.62,96,104
2000,62,1810.6759470180286,1115,5.57,984,1016
10000,62,8942.727895142289,5409,27.04,5075,4925
20000,62,17906.991299284073,8095,40.48,10123,9877
40000,62,35960.03814055404,16623,83.11,19902,20098
60000,62,53907.39512273026,23282,116.41,29985,30015
80000,62,71773.69265439583,31457,157.28,40008,39992
100000,62,89716.49957726385,37837,189.18,50157,49843
2,63,2.6206395213407436,1,0.01,0,2
3,63,2.898364119340398,1,0.01,1,2
100,63,86.19543181380836,63,0.32,54,46
200,63,171.7657826656311,86,0.43,122,78
2000,63,1795.3198691443124,967,4.83,976,1024
10000,63,8976.463681209918,4540,22.7,5032,4968
20000,63,17927.931495955127,10139,50.7,10087,9913
40000,63,35886.440730033224,19127,95.63,20012,19988
60000,63,53931.06166443594,24793,123.96,29951,30049
80000,63,71924.26918310666,26258,131.29,39858,40142
100000,63,90029.98924324635,39413,197.06,49697,50303
2,64,2.270533802722448,1,0.01,0,2
3,64,1.9013014747918908,1,0.01,3,0
100,64,86.44598041815378,61,0.31,49,51
200,64,180.28234143636098,64,0.32,103,97
2000,64,1785.0897359170149,925,4.62,1009,991
10000,64,8988.45372635013,4866,24.33,5018,4982
20000,64,17905.347038693366,7897,39.49,10101,9899
40000,64,35855.21354934964,15612,78.06,19930,20070
60000,64,53921.23216560034,22770,113.85,29928,30072
80000,64,71880.63614190523,30477,152.38,39745,40255
100000,64,89775.13365643835,34235,171.17,50107,49893
2,65,1.1883226771050213,1,0.01,2,0
3,65,3.540716205090732,1,0.01,0,3
100,65,89.68365231781517,40,0.2,52,48
200,65,183.971251815571,121,0.61,95,105
2000,65,1802.1913941580067,1024,5.12,1005,995
10000,65,8948.755500055891,5122,25.61,4995,5005
20000,65,17963.802947676155,8973,44.87,10000,10000
40000,65,35906.156607871155,14014,70.07,20034,19966
60000,65,53756.98152015586,26306,131.53,30170,29830
80000,65,71914.62481197545,23128,115.64,40086,39914
100000,65,89639.76336090059,33930,169.65,50181,49819
2,66,1.843270245808045,1,0.01,1,1
3,66,1.9281010559384795,1,0.01,3,0
100,66,89.65291957126992,48,0.24,53,47
200,66,180.6846016854831,81,0.41,106,94
2000,66,1804.8552067425314,1020,5.1,993,1007
10000,66,8937.37647692785,4488,22.44,5041,4959
20000,66,17998.746576607293,10839,54.2,9918,10082
40000,66,35827.000506088276,20074,100.37,20185,19815
60000,66,53890.73170969242,25330,126.65,29989,30011
80000,66,71839.01584526102,35260,176.3,39996,40004
100000,66,89946.93672514781,27061,135.3,49812,50188
2,67,1.315001914599203,1,0.01,1,1
3,67,3.239873203130372,1,0.01,1,2
100,67,88.42812670181692,52,0.26,53,47
200,67,181.76141677430115,115,0.58,97,103
2000,67,1798.7689989436567,1151,5.75,980,1020
10000,67,9014.496838822752,4162,20.81,4968,5032
20000,67,17972.153107398593,9813,49.07,10014,9986
40000,67,35805.56183920505,19622,98.11,20054,19946
60000,67,53944.13164571372,21550,107.75,29948,30052
80000,67,71895.54641745066,34036,170.18,39942,40058
100000,67,89788.7575103874,41966,209.83,50023,49977
2,68,1.8730880375349601,1,0.01,1,1
3,68,3.5134478286043143,1,0.01,1,2
100,68,91.33901314227576,47,0.24,50,50
200,68,178.09487572477573,92,0.46,100,100
2000,68,1793.2832311773204,873,4.36,996,1004
10000,68,8961.618891595464,3722,18.61,5026,4974
20000,68,17882.264309005637,11076,55.38,10136,9864
40000,68,35878.07129929449,9694,48.47,20122,19878
60000,68,53848.563452961134,21443,107.21,30134,29866
80000,68,71749.81202440774,33548,167.74,40170,39830
100000,68,89823.58742019201,32825,164.12,50102,49898
2,69,0.4454613430966893,1,0.01,2,0
3,69,3.224399627729353,1,0.01,0,3
100,69,87.91158262007538,49,0.25,50,50
200,69,184.07589837519703,91,0.46,97,103
2000,69,1781.7166385563478,1002,5.01,1010,990
10000,69,8954.45061187404,4628,23.14,5018,4982
20000,69,17881.89694928772,10716,53.58,10120,9880
40000,69,35928.04968524772,14682,73.41,20064,19936
60000,69,53808.45175188363,30649,153.24,29981,30019
80000,69,71899.19106040135,35724,178.62,39868,40132
100000,69,89784.78888346005,32424,162.12,50007,49993
2,70,2.396363705750245,1,0.01,0,2
3,70,3.23368816094982,1,0.01,2,1
100,70,93.96871637773764,63,0.32,46,54
200,70,177.8578436505385,91,0.46,101,99
2000,70,1816.418513825339,956,4.78,978,1022
10000,70,8974.05997703096,5510,27.55,5051,4949
20000,70,17963.625038356335,8120,40.6,10002,9998
40000,70,35876.41692637841,12724,63.62,20083,19917
60000,70,53731.45216790736,25903,129.51,30088,29912
80000,70,71978.42382896818,26848,134.24,39946,40054
100000,70,89732.25577719699,38280,191.4,50058,49942
2,71,1.815904834882065,1,0.01,1,1
3,71,3.555920793650307,1,0.01,0,3
100,71,90.15937361412375,45,0.23,53,47
200,71,180.59700955391833,78,0.39,96,104
2000,71,1778.5730406454716,1090,5.45,1023,977
10000,71,8992.220572099845,4179,20.9,5011,4989
20000,71,17947.53475601251,7132,35.66,10031,9969
40000,71,35923.05049981372,19550,97.75,19990,20010
60000,71,53792.71695532579,22040,110.2,30117,29883
80000,71,71887.41042148117,34352,171.76,39989,40011
100000,71,89713.50930078243,31712,158.56,50037,49963
2,72,2.167112402609798,1,0.01,0,2
3,72,2.317846198702504,1,0.01,2,1
100,72,95.15616574850681,62,0.31,47,53
200,72,181.83091732994103,97,0.49,97,103
2000,72,1780.476595833809,1091,5.45,1028,972
10000,72,8970.085513136873,4817,24.08,4993,5007
20000,72,18006.62541523509,8802,44.01,9939,10061
40000,72,35882.76306959238,16334,81.67,20090,19910
60000,72,53969.124245772924,23160,115.8,29937,30063
80000,72,72034.67453080477,28094,140.47,39688,40312
100000,72,89747.09264499793,46939,234.69,50075,49925
2,73,2.1959124072561518,1,0.01,0,2
3,73,2.7229151919214605,1,0.01,2,1
100,73,89.82062802412969,45,0.23,53,47
200,73,172.6145951717159,102,0.51,109,91
2000,73,1794.5512918604304,868,4.34,999,1001
10000,73,8955.738264734297,5299,26.49,5041,4959
20000,73,17834.35062357528,8922,44.61,10146,9854
40000,73,35853.31887572739,19035,95.17,20041,19959
60000,73,53832.2445361116,24631,123.15,30058,29942
80000,73,71836.26115492781,35530,177.65,39785,40215
100000,73,89891.57769453847,40480,202.4,50027,49973
2,74,2.045105530506347,1,0.01,1,1
3,74,1.4743894663099653,1,0.01,2,1
100,74,84.65990594104979,63,0.32,52,48
200,74,180.53714993723403,76,0.38,104,96
2000,74,1808.8582812570298,604,3.02,999,1001
10000,74,8972.888681882667,4193,20.97,5006,4994
20000,74,17968.301614873388,8553,42.77,9949,10051
40000,74,35949.831409426086,16140,80.7,19973,20027
60000,74,53882.88122377765,23948,119.74,30021,29979
80000,74,71951.3668220859,28406,142.03,39968,40032
100000,74,89602.72796929324,37627,188.13,50283,49717
2,75,1.9255257176427003,1,0.01,0,2
3,75,3.1743733227877797,1,0.01,0,3
100,75,91.16052220846875,58,0.29,48,52
200,75,175.1845201290404,95,0.48,113,87
2000,75,1801.5898194344238,949,4.74,988,1012
10000,75,8963.225800505163,4413,22.06,5031,4969
20000,75,17941.685790491814,8319,41.6,10038,9962
40000,75,35976.515330629474,14528,72.64,19845,20155
60000,75,53890.79172063381,25121,125.6,29972,30028
80000,75,71819.34741330236,31301,156.5,39986,40014
100000,75,89872.86402554033,39524,197.62,49848,50152
2,76,2.60575082711775,1,0.01,0,2
3,76,1.5879530979019667,1,0.01,2,1
100,76,92.03963087815308,49,0.25,44,56
200,76,176.87693353871003,142,0.71,102,98
2000,76,1782.9633309742126,1073,5.36,1042,958
10000,76,8978.815062237782,4662,23.31,4997,5003
20000,76,17946.97631614169,9030,45.15,10071,9929
40000,76,35951.43223035664,16164,80.82,19954,20046
60000,76,53981.58462557071,24394,121.97,29925,30075
80000,76,71955.38108521543,25209,126.04,39919,40081
100000,76,89830.62771145167,41733,208.66,49933,50067
2,77,1.8843447113382954,1,0.01,1,1
3,77,3.103532818955307,1,0.01,1,2
100,77,86.19741234307362,61,0.31,54,46
200,77,185.0051368466749,70,0.35,90,110
2000,77,1794.805647535733,856,4.28,993,1007
10000,77,8979.482404248403,4632,23.16,5029,4971
20000,77,17951.977392935423,8469,42.35,9999,10001
40000,77,35921.03139637788,20087,100.43,20005,19995
60000,77,53799.75218105584,25491,127.45,30129,29871
80000,77,71999.78747107602,34044,170.22,39851,40149
100000,77,89829.34847444542,33901,169.5,50212,49788
2,78,1.5953666620779554,1,0.01,1,1
3,78,2.770900996531032,1,0.01,1,2
100,78,86.15325580201997,57,0.29,57,43
200,78,188.7554950321011,147,0.74,93,107
2000,78,1819.1997797889499,951,4.75,967,1033
10000,78,8965.410065023576,4623,23.11,4976,5024
20000,78,17926.400018838933,9800,49.0,9980,10020
40000,78,35971.11633475835,18047,90.23,19945,20055
60000,78,53838.9681556358,24189,120.94,29898,30102
80000,78,71906.61917738471,34010,170.05,39913,40087
100000,78,89800.17828504482,36956,184.78,49848,50152
2,79,1.29108576774404,1,0.01,2,0
3,79,2.805292720179187,1,0.01,1,2
100,79,90.56654636948505,46,0.23,46,54
200,79,174.6497731727238,135,0.68,113,87
2000,79,1789.2237858924082,1058,5.29,1011,989
10000,79,8963.355963560476,4899,24.49,5033,4967
20000,79,17969.906064823124,7764,38.82,9980,10020
40000,79,35955.05196378058,17544,87.72,20026,19974
60000,79,53931.07594925622,28635,143.17,29977,30023
80000,79,71799.77020337239,29266,146.33,39925,40075
100000,79,89674.20838277454,39619,198.09,50119,49881
2,80,2.014352291164802,1,0.01,1,1
3,80,2.8239410329512142,1,0.01,2,1
100,80,87.09317176115088,49,0.25,51,49
200,80,175.3493545845114,123,0.62,103,97
2000,80,1809.4971222358167,916,4.58,987,1013
10000,80,8998.21655973694,4289,21.45,4979,5021
20000,80,17926.8300757658,8078,40.39,10070,9930
40000,80,35779.455538041366,18280,91.4,20166,19834
60000,80,53722.66843312891,32158,160.79,30089,29911
80000,80,71714.85650908964,28890,144.45,40411,39589
100000,80,89881.5968873492,34002,170.01,50018,49982
2,81,1.8592617411162107,1,0.01,1,1
3,81,2.397930747054435,1,0.01,2,1
100,81,89.65453191183099,44,0.22,52,48
200,81,170.2379440746431,107,0.54,112,88
2000,81,1788.8967935835526,1054,5.27,1000,1000
10000,81,8956.235832019758,3981,19.91,5036,4964
20000,81,17966.06385210114,8663,43.32,9993,10007
40000,81,35926.68171753468,17044,85.22,20016,19984
60000,81,53806.21904357858,18099,90.49,30148,29852
80000,81,71777.81662107495,36642,183.21,39953,40047
100000,81,89941.55256571018,32667,163.33,49758,50242
2,82,1.3481541708237148,1,0.01,2,0
3,82,3.589440899853715,1,0.01,1,2
100,82,87.82282616036966,51,0.26,49,51
200,82,179.41184684968653,98,0.49,99,101
2000,82,1795.7228726404871,910,4.55,1003,997
10000,82,8984.410434793881,4101,20.51,4957,5043
20000,82,18000.442426164118,7762,38.81,9998,10002
40000,82,35831.981662357655,16297,81.48,20064,19936
60000,82,53903.35106565695,28530,142.65,29943,30057
80000,82,71749.06915285539,25535,127.67,40007,39993
100000,82,89834.85689895181,35612,178.06,50083,49917
2,83,1.2933629204833061,1,0.01,2,0
3,83,2.1853773942669505,1,0.01,2,1
100,83,84.10070775817327,50,0.25,56,44
200,83,176.9703118272415,83,0.42,103,97
2000,83,1809.4868615552036,1020,5.1,993,1007
10000,83,9021.47807406571,4362,21.81,4974,5026
20000,83,17933.32644482275,9074,45.37,10029,9971
40000,83,35928.61988191533,15444,77.22,20095,19905
60000,83,53949.83652018091,18283,91.41,29907,30093
80000,83,71887.34608139488,29804,149.02,39869,40131
100000,83,89911.40101860403,35258,176.29,49976,50024
2,84,1.790034055159594,1,0.01,1,1
3,84,1.9914077105877035,1,0.01,2,1
100,84,87.07769459726406,63,0.32,55,45
200,84,180.40337195309462,99,0.5,96,104
2000,84,1796.3734210216435,944,4.72,1002,998
10000,84,8975.808831945453,4202,21.01,4996,5004
20000,84,17955.406186651217,7228,36.14,10032,9968
40000,84,35884.9033169161,18839,94.19,20077,19923
60000,84,53928.41218746922,25523,127.61,30015,29985
80000,84,71744.0333385557,30958,154.79,40258,39742
100000,84,89765.38910618829,38677,193.38,50126,49874
2,85,2.025278323432502,1,0.01,1,1
3,85,3.142167482475189,1,0.01,1,2
100,85,90.61096074868402,48,0.24,47,53
200,85,184.2734268312692,85,0.43,97,103
2000,85,1779.918854397233,903,4.51,1023,977
10000,85,9012.750045717761,4492,22.46,4959,5041
20000,85,18005.588722920696,9004,45.02,10011,9989
40000,85,35989.1068219397,17943,89.71,19924,20076
60000,85,53963.25850515304,22001,110.0,29934,30066
80000,85,71743.46299734179,35018,175.09,40171,39829
100000,85,89819.15275757448,35896,179.48,50059,49941
2,86,1.4026872962770853,1,0.01,2,0
3,86,2.170637809910282,1,0.01,2,1
100,86,85.94605242984412,42,0.21,52,48
200,86,187.01705390131113,109,0.55,94,106
2000,86,1801.64649919316,802,4.01,989,1011
10000,86,8982.950966590537,4025,20.13,4981,5019
20000,86,17954.64651475163,10538,52.69,9960,10040
40000,86,35929.211514031216,16888,84.44,19954,20046
60000,86,53866.125697264804,24466,122.33,29788,30212
80000,86,71887.59744750509,34845,174.22,39866,40134
100000,86,89726.08002712976,28142,140.71,49913,50087
2,87,2.5161183145198214,1,0.01,1,1
3,87,2.3972555259992205,1,0.01,2,1
100,87,82.98403372681743,45,0.23,58,42
200,87,178.33508485154272,97,0.49,105,95
2000,87,1824.526096917679,916,4.58,979,1021
10000,87,9005.899741043784,4863,24.31,5000,5000
20000,87,17884.619287989728,8210,41.05,10106,9894
40000,87,35906.9922770946,17894,89.47,19964,20036
60000,87,54012.2799147149,24637,123.18,29849,30151
80000,87,71810.37083251806,31802,159.01,40043,39957
100000,87,89699.96105034124,36427,182.13,50349,49651
2,88,1.7584259227169121,1,0.01,2,0
3,88,3.2197040016338097,1,0.01,1,2
100,88,93.53893882259187,63,0.32,45,55
200,88,188.38442534743578,93,0.47,97,103
2000,88,1784.407885988679,1009,5.04,996,1004
10000,88,8984.610002340545,3963,19.82,5013,4987
20000,88,17902.331448665485,10432,52.16,10058,9942
40000,88,35940.43454736938,17175,85.87,19980,20020
60000,88,53780.20876243821,23173,115.86,30138,29862
80000,88,71873.04803978043,27389,136.94,39922,40078
100000,88,89641.1643664836,41762,208.81,50214,49786
2,89,1.8310456944206859,1,0.01,1,1
3,89,2.980687965069656,1,0.01,2,1
100,89,89.32008078307736,60,0.3,52,48
200,89,180.12249478752523,114,0.57,101,99
2000,89,1788.729425624394,1326,6.63,997,1003
10000,89,8943.550352234315,4616,23.08,4995,5005
20000,89,17962.002724026068,8383,41.92,10042,9958
40000,89,35937.71004625871,18448,92.24,20039,19961
60000,89,53832.990284331274,23534,117.67,30035,29965
80000,89,71900.84450878286,31532,157.66,39946,40054
100000,89,89739.2079266263,35704,178.52,50109,49891
2,90,1.6344294059845708,1,0.01,1,1
3,90,2.0225519926280904,1,0.01,2,1
100,90,90.42950719626099,60,0.3,52,48
200,90,170.43751718647252,117,0.59,113,87
2000,90,1782.1295188062986,838,4.19,1026,974
10000,90,8966.884369839981,3909,19.55,5015,4985
20000,90,18036.036233753795,8773,43.87,9866,10134
40000,90,36035.800508375796,17518,87.59,19821,20179
60000,90,53891.48958306254,25029,125.14,29988,30012
80000,90,71713.4995202642,29688,148.44,40213,39787
100000,90,89815.85065499124,43914,219.57,50064,49936
2,91,1.4326687045422684,1,0.01,2,0
3,91,2.896137768557585,1,0.01,1,2
100,91,86.36023185798882,52,0.26,51,49
200,91,177.7284050387774,107,0.54,99,101
2000,91,1796.7135676906746,1054,5.27,995,1005
10000,91,8973.235089978709,4495,22.47,4974,5026
20000,91,17946.01407644791,7693,38.47,10028,9972
40000,91,35993.96310609239,14805,74.03,19848,20152
60000,91,53846.98339295641,25663,128.31,30175,29825
80000,91,72028.8928668754,25820,129.1,39726,40274
100000,91,89707.51242485449,41837,209.18,50105,49895
2,92,1.8497401437672212,1,0.01,1,1
3,92,2.3934690910122036,1,0.01,2,1
100,92,92.39490001315104,63,0.32,48,52
200,92,179.89795351322005,85,0.43,102,98
2000,92,1787.6740168799677,1039,5.19,1001,999
10000,92,8973.160212895207,4814,24.07,5046,4954
20000,92,17894.323909934534,9061,45.31,10073,9927
40000,92,35992.300505565385,15552,77.76,19994,20006
60000,92,53871.837858863175,19466,97.33,30094,29906
80000,92,71902.69712091694,37425,187.12,39785,40215
100000,92,89808.4941121048,43412,217.06,49947,50053
2,93,1.8263691862371974,1,0.01,1,1
3,93,3.515280581580589,1,0.01,1,2
100,93,88.74206642067955,42,0.21,50,50
200,93,178.7788961640406,115,0.58,101,99
2000,93,1788.0940362071851,1112,5.56,988,1012
10000,93,8992.7100780632,3796,18.98,4921,5079
20000,93,17963.600631537694,10415,52.08,9935,10065
40000,93,35897.2279873267,15372,76.86,20055,19945
60000,93,53778.60346881985,24082,120.41,30155,29845
80000,93,71872.52250348947,25132,125.66,39954,40046
100000,93,89807.2025625649,33536,167.68,49931,50069
2,94,0.9491512435051928,1,0.01,2,0
3,94,3.348943926235452,1,0.01,1,2
100,94,96.66480318640888,48,0.24,43,57
200,94,181.07395945294152,104,0.52,96,104
2000,94,1801.681248112386,1460,7.3,977,1023
10000,94,8956.503705633628,4332,21.66,5076,4924
20000,94,18073.657181449493,8090,40.45,9832,10168
40000,94,35967.76539373849,16088,80.44,19887,20113
60000,94,53862.34048700533,23481,117.4,29915,30085
80000,94,71827.12009207903,38270,191.35,39858,40142
100000,94,89793.50626592069,37754,188.77,50096,49904
2,95,0.7006575734447674,1,0.01,2,0
3,95,2.427839760901363,1,0.01,2,1
100,95,88.8741175635751,54,0.27,49,51
200,95,173.27445673562067,89,0.45,114,86
2000,95,1801.0014289347662,939,4.69,993,1007
10000,95,8937.921240171298,3406,17.03,5046,4954
20000,95,17905.315474269053,9453,47.27,10011,9989
40000,95,35924.63358763881,16575,82.87,19982,20018
60000,95,53936.5493710384,25146,125.73,29958,30042
80000,95,71830.031216841,30891,154.45,40052,39948
100000,95,89795.13505953064,39830,199.15,50191,49809
2,96,2.144853821484441,1,0.01,0,2
3,96,1.647289950098687,1,0.01,3,0
100,96,86.71819097159481,49,0.25,57,43
200,96,177.4278174653325,56,0.28,101,99
2000,96,1789.6922598341512,889,4.44,984,1016
10000,96,8970.488753889904,4350,21.75,4992,5008
20000,96,17995.061233366563,8775,43.88,9911,10089
40000,96,35877.727390642845,16868,84.34,20071,19929
60000,96,53842.52418881009,27915,139.57,30070,29930
80000,96,71693.42887849147,29548,147.74,40237,39763
100000,96,89764.55492461835,41850,209.25,50264,49736
2,97,1.5636930958929394,1,0.01,1,1
3,97,3.475909357161611,1,0.01,0,3
100,97,92.14080665362124,47,0.24,46,54
200,97,179.85349139407433,118,0.59,101,99
2000,97,1806.1137237503413,911,4.55,996,1004
10000,97,8988.367589635795,4624,23.12,4980,5020
20000,97,17914.60140223467,8823,44.12,10012,9988
40000,97,35819.407628769084,20546,102.73,20104,19896
60000,97,53722.77805327605,27241,136.2,30187,29813
80000,97,71772.00928769131,29878,149.39,40206,39794
100000,97,89720.87852387731,34753,173.76,50234,49766
2,98,1.3443653823187738,1,0.01,1,1
3,98,2.980172423986066,1,0.01,1,2
100,98,87.37817532182312,62,0.31,53,47
200,98,175.50909416435593,94,0.47,98,102
2000,98,1805.8377518171112,1089,5.44,999,1001
10000,98,8990.067071698268,4030,20.15,4970,5030
20000,98,17969.949221629446,9400,47.0,9983,10017
40000,98,35836.66939547626,16315,81.57,20092,19908
60000,98,53866.31205515395,20204,101.02,29978,30022
80000,98,71825.3817388825,30084,150.42,40019,39981
100000,98,89865.52399195313,36570,182.85,49863,50137
2,99,1.7140195434669403,1,0.01,2,0
3,99,3.7114990133683348,1,0.01,0,3
100,99,89.92252737837015,63,0.32,47,53
200,99,185.54910077653525,136,0.68,87,113
2000,99,1792.7394951477547,937,4.68,1010,990
10000,99,9038.521723219734,3815,19.08,4960,5040
20000,99,17957.09248964431,9979,49.9,9981,10019
40000,99,36035.316025902386,17238,86.19,19893,20107
60000,99,54051.28218861913,24109,120.54,29842,30158
80000,99,71837.83047007927,29563,147.81,39995,40005
100000,99,89682.97934357706,41269,206.34,50067,49933
2,100,2.3548309157830527,1,0.01,0,2
3,100,1.907386509563124,1,0.01,3,0
100,100,91.63271591855455,60,0.3,47,53
200,100,174.66436454776817,129,0.65,109,91
2000,100,1778.6583098202047,1124,5.62,987,1013
10000,100,8968.309756266166,4488,22.44,5021,4979
20000,100,17946.37873787333,7049,35.24,10049,9951
40000,100,35922.304586094026,22075,110.37,20006,19994
60000,100,53861.38254738112,21317,106.58,29820,30180
80000,100,71853.18452510556,30921,154.6,40063,39937
100000,100,89585.99359724502,38286,191.43,50352,49648
